1	0
2	1
2	0
3	0
4	0
5	0
6	2
6	0
7	0
8	1
8	0
9	2
9	0
10	4
10	0
11	5
11	0
12	2
12	0
13	2
13	0
14	3
14	0
15	7
15	0
16	5
16	0
17	6
17	0
18	3
18	0
19	4
19	0
20	2
20	0
21	3
21	0
22	5
22	0
23	6
23	0
24	8
24	0
25	14
25	0
26	0
27	8
27	0
28	7
28	0
29	11
29	0
30	8
30	0
31	12
31	0
32	2
32	0
33	7
33	0
34	7
34	0
35	8
35	0
36	7
36	0
37	10
37	0
38	6
38	0
39	4
39	0
40	4
40	0
41	8
41	0
42	11
42	0
43	4
43	0
44	1
44	0
45	7
45	0
46	7
46	0
47	5
47	0
48	5
48	0
49	8
49	0
50	1
50	0
51	3
51	0
52	6
52	0
53	7
53	0
54	4
54	0
55	2
55	0
56	2
56	0
57	4
57	0
58	5
58	0
59	7
59	0
60	3
60	0
61	3
61	0
62	6
62	0
63	3
63	0
64	0
65	3
65	0
66	4
66	0
67	5
67	0
68	5
68	0
69	4
69	0
70	1
70	0
71	5
71	0
72	1
72	0
73	0
74	2
74	0
75	3
75	0
76	6
76	0
77	0
78	2
78	0
79	1
79	0
80	0
81	2
81	0
82	1
82	0
83	3
83	0
84	3
84	0
85	1
85	0
86	3
86	0
87	1
87	0
88	1
88	0
89	1
89	0
90	1
90	0
91	2
91	0
92	2
92	0
93	1
93	0
94	2
94	0
95	2
95	0
96	6
96	0
97	4
97	0
98	2
98	0
99	1
99	0
100	1
100	0
101	2
101	0
102	1
102	0
103	1
103	0
104	1
104	0
105	0
106	0
107	0
108	1
108	0
109	0
110	0
111	0
112	0
113	0
114	1
114	0
115	0
116	0
117	0
118	0
119	1
119	0
120	0
121	1
121	0
122	0
123	0
124	0
125	0
126	0
127	0
128	0
129	0
130	0
131	1
131	0
132	0
133	0
134	0
135	0
136	0
137	0
138	1
