0	NaN
1	1403
2	3503
3	2832
4	2060
5	2521
6	2549
7	3950
8	4222
9	5315
10	4603
11	1885
12	3291
13	2550
14	2163
15	2271
16	1395
17	1468
18	1537
19	2092
20	1054
21	1142
22	1213
23	1278
24	996
25	1864
26	2090
27	4277
28	555
29	1659
30	755
31	1562
32	1102
33	1142
34	1498
35	1078
36	869
37	1005
38	1086
39	2465
40	2469
41	2448
42	3791
43	3991
44	1371
45	1917
46	2580
47	2429
48	1766
49	1876
50	1805
51	1234
52	1298
53	1347
54	1694
55	1365
56	1809
57	1748
58	2269
59	872
60	923
61	597
62	2322
63	1575
64	2509
65	1224
66	1645
67	1575
68	1577
69	1809
70	597
71	725
72	874
73	995
74	1110
75	1222
76	2064
77	1316
78	729
79	1695
80	1078
81	1195
82	1370
83	1530
84	2116
85	1565
86	861
87	2309
88	935
89	1175
90	1110
91	2229
92	2192
93	2912
94	2864
95	1210
96	1644
97	874
98	668
99	739
100	923
101	744
102	891
103	1112
104	1727
105	1297
106	1175
107	1697
108	1574
109	1494
110	1843
111	1580
112	931
113	2114
114	2148
115	2455
116	2539
117	1206
118	1242
119	1571
120	1128
121	1095
122	702
123	975
124	1693
125	1855
126	2799
127	2660
128	1542
129	2679
130	2752
131	1096
132	943
133	1188
134	1280
135	1383
136	963
137	1620
138	2062
139	1485
140	1148
141	1187
142	1287
143	1145
144	1366
145	921
146	1025
147	786
148	863
149	965
150	2963
151	1541
152	1611
153	1720
154	1720
155	2688
156	1802
157	1823
158	472
159	739
160	2143
161	2136
162	784
163	904
164	1613
165	1525
166	1996
167	1944
168	2051
169	2913
170	2760
171	2085
172	2081
173	1374
174	1699
175	1458
176	1979
177	1700
178	1025
179	1150
180	1477
181	1686
182	1175
183	957
184	1071
185	1521
186	939
187	1747
188	655
189	787
190	920
191	1028
192	1149
193	1251
194	2524
195	2776
196	2373
197	2453
198	2307
199	2946
200	2600
201	750
202	741
203	1406
204	1353
205	1146
206	1109
207	1244
208	1326
209	1563
210	1630
211	1707
212	1758
213	364
214	510
215	633
216	765
217	939
218	1206
219	1290
220	1007
221	1094
222	1630
223	1277
224	1967
225	1879
226	1922
227	1437
228	631
229	689
230	883
231	674
232	1043
233	2705
234	1235
235	965
236	1494
237	1613
238	687
239	927
240	985
241	1093
242	1200
243	2213
244	792
245	916
246	1014
247	1524
248	1830
249	2534
250	2505
251	3139
252	2119
253	2542
254	2658
255	2388
256	1104
257	1973
258	1262
259	857
260	1827
261	744
262	2396
263	505
264	702
265	950
266	861
267	949
268	1534
269	1580
270	1074
271	1077
272	1208
273	1146
274	1248
275	1452
276	1456
277	1410
278	1606
279	1348
280	2028
281	2967
282	1227
283	1319
284	1395
285	1187
286	1301
287	1320
288	1186
289	1289
290	2507
291	2159
292	1813
293	2347
294	1815
295	1918
296	1194
297	1294
298	1426
299	2130
300	1852
301	2562
302	2534
303	2304
304	1656
305	1457
306	1398
307	2703
308	1197
309	1497
310	1535
311	1574
312	1030
313	681
314	821
315	2115
316	1874
317	2292
318	2305
319	2293
320	788
321	803
322	555
323	1657
324	952
325	1070
326	1161
327	1262
328	2058
329	2102
330	1882
331	1969
332	2004
333	2069
334	1764
335	1071
336	1179
337	1193
338	955
339	1080
340	1015
341	968
342	973
343	1198
344	1545
345	1181
346	1309
347	546
348	2105
349	1795
350	2217
351	2175
352	2262
353	1738
354	1810
355	2655
356	2647
357	2611
358	2030
359	1993
360	1896
361	1714
362	2189
363	1501
364	744
365	1196
366	1435
367	2940
368	2876
369	2828
370	1582
371	1611
372	1090
373	476
374	1478
375	1494
376	1674
377	2919
378	724
379	1661
380	537
381	648
382	1019
383	2212
384	884
385	935
386	2088
387	2036
388	1326
389	1448
390	1152
391	1250
392	1717
393	1743
394	1669
395	1742
396	1273
397	1319
398	1381
399	1471
400	1606
401	1706
402	3188
403	2238
404	2236
405	2351
406	2339
407	2196
408	2243
409	1879
410	2510
411	2467
412	1450
413	1446
414	1666
415	1658
416	1482
417	1543
418	1926
419	2124
420	2848
421	1464
422	1291
423	1232
424	1721
425	1760
426	1968
427	1102
428	1103
429	1159
430	2881
431	1477
432	2912
433	1622
434	1120
435	1193
436	1961
437	1994
438	3183
439	4669
440	2393
441	1931
442	1513
443	1589
444	1314
445	1372
446	1457
447	1768
448	1818
449	1855
450	2090
451	2104
452	512
453	955
454	1050
455	1120
456	629
457	902
458	1038
459	1152
460	1276
461	1385
462	1466
463	1954
464	2012
465	2361
466	2641
467	2212
468	2001
469	1866
470	2070
471	1777
472	1753
473	1044
474	1417
475	1105
476	744
477	874
478	956
479	536
480	701
481	829
482	1046
483	1370
484	1776
485	1699
486	1764
487	1808
488	1720
489	1934
490	2402
491	3415
492	1843
493	2267
494	3493
495	3527
496	2629
497	1926
498	1092
499	1639
500	2231
501	1776
502	1174
503	1289
504	2204
505	1947
506	1638
507	1586
508	1065
509	1809
510	1371
511	1407
512	1076
513	1389
514	1506
515	1069
516	1446
517	1801
518	1551
519	1161
520	598
521	641
522	970
523	2089
524	1836
525	1876
526	780
527	1057
528	1145
529	1163
530	1656
531	1648
532	2797
533	1966
534	1555
535	2044
536	1213
537	1614
538	1154
539	1544
540	1798
541	1689
542	1798
543	751
544	876
545	2013
546	2217
547	2060
548	3165
549	2660
550	1842
551	1867
552	2333
553	4017
554	5690
555	3182
556	2069
557	1966
558	1950
559	2433
560	2805
561	1997
562	973
563	2430
564	2428
565	3080
566	1305
567	829
568	923
569	998
570	442
571	591
572	716
573	1025
574	1169
575	1278
576	1376
577	1536
578	1462
579	1569
580	1708
581	653
582	672
583	880
584	868
585	2083
586	2388
587	2189
588	2349
589	3174
590	2965
591	3389
592	1509
593	1646
594	1604
595	999
596	1082
597	1196
598	829
599	1293
600	720
601	858
602	961
603	1100
604	1215
605	1198
606	845
607	950
608	889
609	1142
610	1263
611	1194
612	996
613	989
614	1375
615	1198
616	2184
617	3722
618	2735
619	3722
620	3227
621	2988
622	2593
623	1837
624	1842
625	1536
626	240
627	386
628	1651
629	1327
630	1337
631	1166
632	1297
633	1269
634	1496
635	1398
636	1619
637	1652
638	2219
639	1468
640	1512
641	1267
642	1338
643	781
644	462
645	1560
646	1669
647	2471
648	1405
649	1331
650	824
651	928
652	1231
653	1303
654	1394
655	1472
656	1534
657	1596
658	1665
659	1741
660	1176
661	1266
662	1198
663	1538
664	1432
665	1493
666	324
667	449
668	734
669	683
670	984
671	1127
672	1237
673	2113
674	3278
675	3218
676	2619
677	1959
678	1507
679	1351
680	1402
681	1500
682	1523
683	689
684	863
685	1689
686	413
687	1601
688	1168
689	1434
690	1677
691	1747
692	1215
693	1239
694	543
695	1969
696	3420
697	3447
698	3356
699	2736
700	1577
701	1446
702	1668
703	2487
704	2440
705	2117
706	1811
707	1034
708	1811
709	1424
710	629
711	1102
712	950
713	1347
714	733
715	1466
716	731
717	1385
718	1392
719	1109
720	1180
721	1461
722	1438
723	2463
724	2716
725	1799
726	1855
727	1918
728	1570
729	2779
730	2340
731	1177
732	1264
733	781
734	761
735	1255
736	621
737	735
738	899
739	2099
740	1571
741	1730
742	1736
743	1798
744	1824
745	1144
746	1231
747	888
748	730
749	922
750	573
751	831
752	992
753	1168
754	1678
755	1172
756	1282
757	1368
758	1407
759	1235
760	1270
761	1385
762	1682
763	2094
764	1571
765	1813
766	1863
767	1909
768	1947
769	1804
770	1951
771	1848
772	2070
773	1829
774	1859
775	1868
776	2788
777	4017
778	3890
779	3364
780	3280
781	3180
782	1423
783	500
784	606
785	782
786	1517
787	563
788	1705
789	1367
790	762
791	670
792	772
793	1415
794	863
795	980
796	1086
797	1777
798	994
799	1045
800	2187
801	1934
802	795
803	912
804	1758
805	1961
806	2024
807	2413
808	2419
809	2629
810	2454
811	3870
812	2749
813	3420
814	3346
815	1186
816	706
817	898
818	1071
819	555
820	718
821	1249
822	1215
823	1069
824	1179
825	2220
826	1338
827	1462
828	1560
829	1461
830	1865
831	1380
832	1447
833	1345
834	1968
835	1791
836	2238
837	1654
838	1701
839	4319
840	4131
841	2609
842	1424
843	1109
844	871
845	1020
846	879
847	1248
848	1649
849	3812
850	3196
851	4334
852	3371
853	3542
854	3405
855	3874
856	3678
857	2124
858	1793
859	1826
860	1734
861	993
862	2250
863	2177
864	1868
865	1610
866	1062
867	944
868	1103
869	1341
870	1807
871	1800
872	1433
873	2317
874	1906
875	407
876	1086
877	656
878	494
879	1206
880	1679
881	1730
882	876
883	689
884	1300
885	1336
886	1410
887	926
888	1014
889	1174
890	1709
891	1750
892	1797
893	2503
894	1385
895	1454
896	920
897	1032
898	1986
899	3034
900	1253
901	1447
902	1795
903	2412
904	3010
905	2502
906	635
907	834
908	2056
909	2069
910	1666
911	1208
912	1288
913	2377
914	1624
915	1697
916	1370
917	794
918	894
919	382
920	513
921	647
922	1129
923	979
924	1426
925	1363
926	1171
927	1251
928	1436
929	1505
930	1540
931	1891
932	1218
933	996
934	822
935	1133
936	1217
937	1076
938	1419
939	1508
940	1580
941	1640
942	1717
943	1791
944	1825
945	2308
946	1292
947	2535
948	1760
949	255
950	1747
951	887
952	1029
953	1128
954	1152
955	845
956	2194
957	2519
958	1369
959	1008
960	3549
961	3737
962	3818
963	2727
964	2644
965	2358
966	1585
967	1640
968	1674
969	1255
970	1010
971	988
972	1003
973	1625
974	1666
975	1161
976	1664
977	1238
978	1910
979	1053
980	1185
981	1231
982	1643
983	1999
984	1960
985	2193
986	1052
987	1184
988	577
989	607
990	1353
991	1209
992	314
993	268
994	1167
995	1115
996	1215
997	1112
998	1737
999	1063
1000	2048
1001	2218
1002	2255
1003	2229
1004	1033
1005	904
1006	1118
1007	1193
1008	799
1009	887
1010	1004
1011	1110
1012	1182
1013	1251
1014	1789
1015	1777
1016	1877
1017	1464
1018	1834
1019	1591
1020	1792
1021	1695
1022	1121
1023	1219
1024	1268
1025	1884
1026	1921
1027	1590
1028	1650
1029	2753
1030	2644
1031	1274
1032	915
1033	875
1034	1654
1035	1064
1036	2586
1037	2848
1038	2703
1039	3100
1040	2780
1041	1612
1042	1611
1043	1664
1044	1581
1045	2001
1046	1125
1047	1276
1048	1137
1049	1469
1050	1209
1051	1252
1052	880
1053	498
1054	606
1055	699
1056	843
1057	713
1058	1458
1059	1477
1060	1553
1061	1026
1062	1094
1063	1408
1064	1149
1065	672
1066	1425
1067	783
1068	825
1069	1461
1070	1469
1071	1454
1072	371
1073	425
1074	1048
1075	268
1076	381
1077	514
1078	610
1079	767
1080	899
1081	1020
1082	1162
1083	1316
1084	1412
1085	1522
1086	2910
1087	2132
1088	1936
1089	1771
1090	622
1091	307
1092	960
1093	1081
1094	1201
1095	1291
1096	1575
1097	643
1098	388
1099	526
1100	532
1101	685
1102	874
1103	997
1104	1215
1105	1724
1106	1497
1107	930
1108	2120
1109	2159
1110	1618
1111	1391
1112	1551
1113	1345
1114	1373
1115	1397
1116	1404
1117	1234
1118	1286
1119	1365
1120	1400
1121	760
1122	880
1123	1025
1124	1300
1125	1383
1126	1485
1127	1297
1128	1414
1129	1493
1130	2111
1131	2160
1132	2183
1133	2431
1134	1573
1135	1990
1136	2307
1137	1263
1138	1359
1139	1424
1140	1517
1141	4219
1142	3901
1143	3726
1144	3067
1145	4284
1146	2518
1147	2785
1148	2822
1149	2559
1150	2222
1151	1462
1152	1180
1153	1278
1154	1072
1155	1034
1156	1789
1157	3242
1158	3127
1159	1757
1160	1738
1161	2123
1162	1326
1163	953
1164	2325
1165	812
1166	936
1167	1883
1168	1905
1169	1877
1170	1708
1171	1788
1172	1467
1173	1324
1174	2723
1175	1835
1176	1549
1177	1811
1178	638
1179	1409
1180	440
1181	872
1182	1129
1183	644
1184	721
1185	1575
1186	952
1187	1063
1188	1169
1189	1244
1190	2173
1191	1487
1192	1348
1193	1927
1194	1965
1195	2382
1196	1851
1197	1869
1198	1825
1199	2782
1200	1468
1201	1744
1202	1759
1203	1447
1204	602
1205	1080
1206	1194
1207	1118
1208	849
1209	1470
1210	634
1211	927
1212	1772
1213	1911
1214	1078
1215	1203
1216	1514
1217	1875
1218	1255
1219	1329
1220	1851
1221	728
1222	989
1223	925
1224	560
1225	686
1226	1421
1227	1730
1228	1192
1229	1903
1230	1373
1231	1527
1232	1813
1233	1634
1234	976
1235	657
1236	950
1237	1002
1238	493
1239	1449
1240	1923
1241	1722
1242	2314
1243	1807
1244	1299
1245	1394
1246	2051
1247	2148
1248	2798
1249	3145
1250	1618
1251	1653
1252	1188
1253	1125
1254	1114
1255	844
1256	979
1257	1300
1258	976
1259	1596
1260	1169
1261	1190
1262	915
1263	1124
1264	1312
1265	1405
1266	956
1267	1097
1268	1451
1269	1463
1270	2432
1271	1405
1272	1296
1273	810
1274	865
1275	857
1276	929
1277	449
1278	596
1279	1044
1280	1288
1281	1365
1282	1228
1283	755
1284	2018
1285	1717
1286	1283
1287	2604
1288	3754
1289	1974
1290	3003
1291	3065
1292	2764
1293	2634
1294	535
1295	1177
1296	773
1297	613
1298	750
1299	879
1300	746
1301	1323
1302	1428
1303	1618
1304	1156
1305	1243
1306	667
1307	777
1308	919
1309	1962
1310	1891
1311	1206
1312	1291
1313	796
1314	1150
1315	1243
1316	1343
1317	1443
1318	937
1319	709
1320	822
1321	991
1322	691
1323	719
1324	814
1325	582
1326	723
1327	2008
1328	1095
1329	1142
1330	1238
1331	2868
1332	3021
1333	2934
1334	3933
1335	3744
1336	1540
1337	2306
1338	2568
1339	1641
1340	1376
1341	1132
1342	1262
1343	1340
1344	1381
1345	746
1346	937
1347	1015
1348	1144
1349	1360
1350	843
1351	1094
1352	1171
1353	952
1354	1303
1355	902
1356	823
1357	935
1358	970
1359	1022
1360	1168
1361	197
1362	313
1363	733
1364	591
1365	759
1366	611
1367	645
1368	280
1369	421
1370	559
1371	929
1372	1058
1373	1170
1374	2136
1375	2159
1376	1168
1377	1567
1378	1218
1379	1891
1380	1662
1381	1688
1382	1768
1383	1404
1384	1473
1385	1566
1386	1638
1387	1682
1388	1551
1389	1384
1390	1602
1391	1635
1392	1700
1393	1412
1394	1127
1395	1201
1396	661
1397	1290
1398	852
1399	913
1400	1487
1401	1555
1402	1632
1403	1779
1404	1833
1405	1435
1406	1072
1407	1162
1408	1804
1409	1767
1410	1208
1411	1956
1412	553
1413	1515
1414	791
1415	608
1416	715
1417	1139
1418	1284
1419	2737
1420	2707
1421	2557
1422	1365
1423	1454
1424	1271
1425	1348
1426	1829
1427	1882
1428	1958
1429	1994
1430	2217
1431	2965
1432	2910
1433	2811
1434	2731
1435	3736
1436	3411
1437	3552
1438	3219
1439	2009
1440	2296
1441	1513
1442	1250
1443	1310
1444	1447
1445	1507
1446	1929
1447	1900
1448	1369
1449	1378
1450	1494
1451	1581
1452	1652
1453	1699
1454	1474
1455	1998
1456	2056
1457	2123
1458	2057
1459	1690
1460	1749
1461	1592
1462	1501
1463	1069
1464	1470
1465	2358
1466	2321
1467	1682
1468	1807
1469	1857
1470	1092
1471	972
1472	767
1473	913
1474	1009
1475	1083
1476	1608
1477	1619
1478	1692
1479	1352
1480	1440
1481	1861
1482	934
1483	2020
1484	2095
1485	1175
1486	1929
1487	1977
1488	2017
1489	1320
1490	895
1491	988
1492	904
1493	1027
1494	1768
1495	1892
1496	810
1497	1090
1498	2379
1499	1102
1500	1959
1501	2108
1502	1294
1503	1291
1504	961
1505	678
1506	1524
1507	2272
1508	2288
1509	2971
1510	2910
1511	2504
1512	2541
1513	2414
1514	1685
1515	1466
1516	2406
1517	1422
1518	986
1519	1461
1520	1110
1521	707
1522	1577
1523	1871
1524	1950
1525	1666
1526	2682
1527	2180
1528	1270
1529	1374
1530	2009
1531	2079
1532	1678
1533	2057
1534	889
1535	946
1536	1089
1537	797
1538	902
1539	1509
1540	1280
1541	1211
1542	1651
1543	1617
1544	1639
1545	1171
1546	1697
1547	1603
1548	1624
1549	1082
1550	1840
1551	1402
1552	1123
1553	839
1554	522
1555	672
1556	1343
1557	1419
1558	1918
1559	1830
1560	2468
1561	2345
1562	1856
1563	1389
1564	1430
1565	2788
1566	2053
1567	2245
1568	1555
1569	1595
1570	1611
1571	1537
1572	2785
1573	1353
1574	738
1575	848
1576	959
1577	1086
1578	1191
1579	1432
1580	1683
1581	1102
1582	1137
1583	1228
1584	1325
1585	1442
1586	808
1587	1317
1588	1963
1589	1299
1590	1398
1591	1141
1592	917
1593	1044
1594	1135
1595	1222
1596	1434
1597	1497
1598	1685
1599	2002
1600	2065
1601	2075
1602	1007
1603	1070
1604	1080
1605	566
1606	1025
1607	750
1608	1397
1609	1482
1610	1557
1611	980
1612	1681
1613	1700
1614	1100
1615	843
1616	1504
1617	1731
1618	1611
1619	971
1620	1072
1621	1431
1622	1160
1623	659
1624	810
1625	743
1626	866
1627	987
1628	1139
1629	1425
1630	1236
1631	1139
1632	1067
1633	799
1634	1341
1635	1375
1636	1486
1637	1283
1638	1351
1639	356
1640	493
1641	1333
1642	3236
1643	2219
1644	1656
1645	330
1646	436
1647	968
1648	478
1649	619
1650	838
1651	946
1652	1078
1653	2432
1654	3003
1655	2165
1656	1705
1657	1739
1658	1402
1659	1139
1660	1843
1661	988
1662	1686
1663	1744
1664	1584
1665	1056
1666	1145
1667	1066
1668	2023
1669	596
1670	715
1671	1595
1672	1314
1673	619
1674	1219
1675	1431
1676	856
1677	980
1678	1082
1679	1257
1680	1337
1681	1292
1682	1387
1683	1468
1684	1521
1685	531
1686	1542
1687	1412
1688	2462
1689	1741
1690	1638
1691	1127
1692	2110
1693	970
1694	1061
1695	1282
1696	1353
1697	1428
1698	1885
1699	1520
1700	2338
1701	1170
1702	1264
1703	2125
1704	2010
1705	1605
1706	1244
1707	1356
1708	1452
1709	1797
1710	1488
1711	1009
1712	1130
1713	1285
1714	1021
1715	1141
1716	1243
1717	1339
1718	1985
1719	2051
1720	1257
1721	1318
1722	1384
1723	877
1724	794
1725	1128
1726	939
1727	1140
1728	1198
1729	1309
1730	1217
1731	1288
1732	1385
1733	1588
1734	1613
1735	1373
1736	727
1737	395
1738	793
1739	943
1740	758
1741	890
1742	1029
1743	1509
1744	1411
1745	1571
1746	1567
1747	1347
1748	1438
1749	1445
1750	1575
1751	1688
1752	3272
1753	722
1754	614
1755	511
1756	1430
1757	1769
1758	1357
1759	1120
1760	1492
1761	1092
1762	1682
1763	969
1764	1589
1765	1653
1766	864
1767	1415
1768	1067
1769	1660
1770	1749
1771	2068
1772	1180
1773	3869
1774	1273
1775	696
1776	413
1777	1012
1778	914
1779	533
1780	1089
1781	1227
1782	754
1783	2089
1784	2099
1785	1424
1786	1496
1787	1057
1788	1910
1789	2703
1790	1869
1791	1890
1792	1612
1793	1618
1794	2337
1795	2369
1796	1823
1797	2457
1798	1295
1799	1187
1800	1634
1801	2535
1802	2949
1803	1851
1804	1959
1805	1966
1806	1730
1807	1775
1808	1852
1809	2459
1810	1946
1811	1853
1812	1521
1813	2086
1814	2143
1815	1467
1816	1530
1817	2925
1818	1852
1819	1888
1820	1676
1821	2381
1822	1835
1823	2304
1824	1691
1825	2627
1826	2631
1827	2146
1828	3687
1829	934
1830	686
1831	872
1832	1385
1833	1463
1834	1482
1835	1502
1836	1055
1837	1267
1838	767
1839	934
1840	1318
1841	1156
1842	1527
1843	1599
1844	1705
1845	2329
1846	1701
1847	1409
1848	1306
1849	1765
1850	1385
1851	1423
1852	1338
1853	1687
1854	1680
1855	1663
1856	1703
1857	1639
1858	1666
1859	1725
1860	1668
1861	1721
1862	1250
1863	1519
1864	1636
1865	686
1866	445
1867	588
1868	723
1869	979
1870	968
1871	1172
1872	2030
1873	2805
1874	2747
1875	2420
1876	1331
1877	1186
1878	1535
1879	1324
1880	1170
1881	2291
1882	1750
1883	1371
1884	899
1885	1015
1886	1818
1887	1047
1888	827
1889	838
1890	1190
1891	1675
1892	1374
1893	4495
1894	3271
1895	1944
1896	372
1897	491
1898	1058
1899	748
1900	840
1901	1496
1902	1184
1903	1462
1904	603
1905	741
1906	886
1907	1357
1908	1140
1909	2174
1910	1963
1911	2053
1912	2040
1913	2108
1914	2373
1915	2414
1916	2440
1917	1545
1918	1408
1919	1458
1920	2153
1921	1520
1922	1525
1923	731
1924	1264
1925	1855
1926	689
1927	458
1928	609
1929	891
1930	998
1931	1113
1932	1248
1933	1286
1934	825
1935	940
1936	1060
1937	1156
1938	1342
1939	1093
1940	994
1941	1258
1942	1089
1943	1185
1944	2852
1945	1537
1946	576
1947	770
1948	903
1949	1230
1950	1395
1951	1269
1952	1365
1953	2393
1954	584
1955	730
1956	1052
1957	906
1958	1812
1959	1267
1960	1144
1961	1219
1962	1347
1963	1076
1964	1285
1965	1195
1966	1389
1967	1046
1968	1067
1969	1228
1970	1373
1971	1815
1972	1890
1973	1989
1974	2029
1975	1950
1976	1651
1977	1845
1978	881
1979	1466
1980	851
1981	950
1982	972
1983	1964
1984	1637
1985	799
1986	1437
1987	823
1988	1489
1989	1042
1990	1821
1991	1750
1992	1940
1993	1794
1994	1933
1995	2036
1996	2310
1997	2251
1998	2263
1999	2245
2000	2256
2001	2222
2002	3330
2003	2419
2004	1847
2005	1794
2006	1336
2007	1605
2008	2688
2009	2130
2010	1687
2011	1019
2012	2212
2013	4327
2014	1832
2015	1849
2016	2314
2017	2289
2018	2506
2019	2481
2020	1367
2021	1350
2022	945
2023	1080
2024	1739
2025	1689
2026	2154
2027	1203
2028	639
2029	778
2030	2544
2031	1197
2032	2001
2033	1799
2034	2348
2035	1105
2036	1480
2037	1342
2038	1514
2039	1464
2040	1872
2041	1278
2042	1348
2043	1920
2044	1374
2045	610
2046	692
2047	1295
2048	1310
2049	1414
2050	973
2051	1127
2052	1658
2053	1222
2054	1306
2055	1715
2056	1775
2057	1488
2058	1604
2059	1207
2060	1036
2061	1147
2062	1250
2063	1328
2064	935
2065	480
2066	613
2067	873
2068	875
2069	1356
2070	1384
2071	706
2072	808
2073	1010
2074	1209
2075	1309
2076	1352
2077	834
2078	1725
2079	2174
2080	1378
2081	1388
2082	1705
2083	1962
2084	841
2085	667
2086	1400
2087	2498
2088	642
2089	754
2090	842
2091	645
2092	781
2093	882
2094	1354
2095	2155
2096	555
2097	604
2098	712
2099	820
2100	1194
2101	1211
2102	1770
2103	2896
2104	2078
2105	1779
2106	1415
2107	1587
2108	1422
2109	233
2110	765
2111	378
2112	942
2113	1450
2114	1197
2115	1841
2116	1329
2117	1399
2118	1776
2119	1868
2120	1368
2121	1927
2122	1961
2123	1597
2124	1906
2125	1259
2126	1894
2127	1693
2128	2166
2129	2331
2130	1035
2131	1071
2132	932
2133	1435
2134	1505
2135	1678
2136	1830
2137	1538
2138	1411
2139	1211
2140	549
2141	693
2142	841
2143	655
2144	2235
2145	1005
2146	1090
2147	1970
2148	1041
2149	635
2150	1293
2151	1191
2152	1593
2153	2000
2154	1591
2155	1758
2156	1312
2157	1844
2158	1496
2159	1079
2160	1205
2161	1127
2162	1449
2163	1545
2164	1130
2165	1282
2166	1356
2167	816
2168	1320
2169	1344
2170	812
2171	365
2172	842
2173	613
2174	895
2175	1031
2176	1962
2177	1973
2178	1269
2179	894
2180	1003
2181	1055
2182	1135
2183	1186
2184	1270
2185	1372
2186	1313
2187	1015
2188	518
2189	573
2190	697
2191	905
2192	1037
2193	684
2194	899
2195	986
2196	1100
2197	1130
2198	1196
2199	1693
2200	1610
2201	1648
2202	1622
2203	1347
2204	1370
2205	1432
2206	1305
2207	838
2208	1460
2209	2143
2210	1605
2211	1575
2212	899
2213	1014
2214	1134
2215	900
2216	1049
2217	1214
2218	1178
2219	1605
2220	1349
2221	1596
2222	1432
2223	2228
2224	808
2225	689
2226	833
2227	1202
2228	1071
2229	3196
2230	323
2231	465
2232	1863
2233	3134
2234	1360
2235	1593
2236	1457
2237	1684
2238	1216
2239	1843
2240	1816
2241	1122
2242	1142
2243	1230
2244	1588
2245	2005
2246	1707
2247	867
2248	1530
2249	1334
2250	1435
2251	1511
2252	3446
2253	2375
2254	2538
2255	2980
2256	2517
2257	2589
2258	2554
2259	2782
2260	2765
2261	2662
2262	1634
2263	1709
2264	1757
2265	2176
2266	2163
2267	2175
2268	808
2269	347
2270	562
2271	540
2272	1115
2273	1222
2274	1215
2275	2350
2276	2353
2277	2377
2278	1992
2279	2085
2280	995
2281	1267
2282	2382
2283	1413
2284	1689
2285	1351
2286	656
2287	668
2288	826
2289	702
2290	2209
2291	1048
2292	1183
2293	1201
2294	1284
2295	789
2296	1125
2297	2790
2298	1936
2299	2992
2300	2800
2301	3048
2302	2519
2303	1428
2304	1440
2305	2330
2306	3068
2307	1962
2308	1920
2309	553
2310	691
2311	1391
2312	2089
2313	2034
2314	1805
2315	1487
2316	1172
2317	1254
2318	1269
2319	1412
2320	1461
2321	1472
2322	1533
2323	1551
2324	977
2325	1048
2326	1133
2327	872
2328	576
2329	709
2330	859
2331	991
2332	1346
2333	1373
2334	1467
2335	958
2336	1395
2337	1487
2338	1756
2339	1640
2340	1625
2341	1991
2342	1013
2343	677
2344	778
2345	883
2346	1278
2347	1290
2348	1395
2349	1476
2350	1793
2351	1549
2352	2324
2353	1215
2354	1269
2355	1315
2356	406
2357	894
2358	1411
2359	1087
2360	1945
2361	1945
2362	2151
2363	2161
2364	1807
2365	821
2366	945
2367	1033
2368	831
2369	592
2370	895
2371	935
2372	1346
2373	1392
2374	400
2375	400
2376	473
2377	1665
2378	710
2379	1244
2380	1333
2381	1422
2382	2182
2383	1825
2384	1888
2385	1946
2386	1851
2387	1898
2388	1942
2389	1241
2390	1303
2391	1171
2392	1247
2393	1367
2394	1609
2395	1997
2396	2466
2397	2074
2398	1999
2399	4012
2400	4276
2401	4223
2402	1060
2403	1097
2404	858
2405	1012
2406	1214
2407	1335
2408	1437
2409	1523
2410	1493
2411	1112
2412	1211
2413	1308
2414	1476
2415	1494
2416	1549
2417	1201
2418	1514
2419	1194
2420	675
2421	1628
2422	1679
2423	1739
2424	2749
2425	2603
2426	599
2427	610
2428	790
2429	754
2430	822
2431	875
2432	989
2433	954
2434	1043
2435	1188
2436	2328
2437	1718
2438	1103
2439	435
2440	588
2441	719
2442	763
2443	946
2444	1049
2445	1268
2446	1993
2447	2369
2448	1821
2449	1569
2450	1590
2451	1623
2452	1644
2453	1625
2454	1667
2455	1268
2456	1375
2457	1452
2458	1329
2459	1038
2460	1090
2461	1252
2462	1057
2463	3216
2464	3922
2465	3742
2466	788
2467	791
2468	1323
2469	1391
2470	1251
2471	1450
2472	1054
2473	1424
2474	1512
2475	1651
2476	3953
2477	2351
2478	1211
2479	1491
2480	1313
2481	1375
2482	1458
2483	1524
2484	1519
2485	1293
2486	1304
2487	1346
2488	1077
2489	1180
2490	1080
2491	1690
2492	815
2493	788
2494	1180
2495	1201
2496	1061
2497	1574
2498	1191
2499	1275
2500	1967
2501	1577
2502	1639
2503	1875
2504	1797
2505	1106
2506	1345
2507	1388
2508	962
2509	1346
2510	1144
2511	1240
2512	1648
2513	1698
2514	2265
2515	1613
2516	1422
2517	1493
2518	1638
2519	853
2520	1181
2521	1302
2522	1356
2523	1447
2524	1429
2525	2092
2526	1667
2527	1061
2528	218
2529	1198
2530	1302
2531	768
2532	874
2533	1025
2534	1107
2535	864
2536	1006
2537	1235
2538	1531
2539	1139
2540	1234
2541	1119
2542	1498
2543	2162
2544	1859
2545	1894
2546	1624
2547	1697
2548	1759
2549	1395
2550	777
2551	841
2552	418
2553	558
2554	1281
2555	1372
2556	1427
2557	905
2558	1127
2559	1945
2560	1655
2561	1110
2562	1198
2563	1290
2564	801
2565	938
2566	614
2567	741
2568	874
2569	695
2570	1067
2571	699
2572	598
2573	574
2574	705
2575	822
2576	929
2577	1004
2578	1444
2579	1319
2580	469
2581	869
2582	981
2583	1066
2584	615
2585	747
2586	863
2587	974
2588	1107
2589	3091
2590	2888
2591	280
2592	412
2593	701
2594	853
2595	804
2596	931
2597	1022
2598	1129
2599	1574
2600	1279
2601	1811
2602	1197
2603	964
2604	887
2605	787
2606	929
2607	1035
2608	1188
2609	1120
2610	2898
2611	2977
2612	1874
2613	1523
2614	1621
2615	1708
2616	1675
2617	1836
2618	1917
2619	1956
2620	2005
2621	2050
2622	2083
2623	2442
2624	2073
2625	2254
2626	1643
2627	2238
2628	1702
2629	1986
2630	1775
2631	2374
2632	2272
2633	1441
2634	1163
2635	1261
2636	1542
2637	1423
2638	965
2639	954
2640	1860
2641	1759
2642	1793
2643	1877
2644	1789
2645	1949
2646	1577
2647	1634
2648	1412
2649	1985
2650	2043
2651	1730
2652	3494
2653	3385
2654	1567
2655	2370
2656	2478
2657	1757
2658	1806
2659	1883
2660	2406
2661	2247
2662	1296
2663	754
2664	901
2665	1038
2666	1791
2667	1230
2668	1359
2669	1594
2670	1699
2671	2429
2672	2445
2673	2426
2674	2255
2675	2286
2676	2194
2677	2323
2678	2205
2679	2207
2680	1652
2681	1986
2682	2033
2683	2065
2684	2117
2685	1683
2686	1938
2687	1805
2688	1838
2689	2315
2690	1013
2691	1078
2692	1750
2693	1766
2694	1150
2695	1847
2696	1257
2697	1975
2698	1469
2699	497
2700	1025
2701	1244
2702	1363
2703	947
2704	2104
2705	871
2706	1011
2707	1120
2708	1239
2709	1338
2710	1440
2711	1483
2712	889
2713	994
2714	1103
2715	1129
2716	621
2717	760
2718	962
2719	1017
2720	1144
2721	1265
2722	1670
2723	1375
2724	1451
2725	895
2726	1360
2727	1457
2728	1519
2729	1179
2730	614
2731	380
2732	562
2733	667
2734	885
2735	770
2736	825
2737	506
2738	427
2739	727
2740	744
2741	910
2742	819
2743	993
2744	1159
2745	1260
2746	792
2747	895
2748	1012
2749	1132
2750	1223
2751	1305
2752	1259
2753	753
2754	658
2755	776
2756	896
2757	1101
2758	1192
2759	1306
2760	1386
2761	1363
2762	1935
2763	1282
2764	272
2765	443
2766	558
2767	656
2768	836
2769	718
2770	3950
2771	757
2772	1053
2773	1178
2774	1247
2775	1707
2776	2298
2777	2312
2778	2338
2779	1825
2780	1858
2781	2252
2782	2406
2783	2374
2784	2445
2785	2307
2786	1513
2787	1562
2788	1019
2789	655
2790	740
2791	781
2792	883
2793	1008
2794	1128
2795	1158
2796	1510
2797	1590
2798	1299
2799	1290
2800	838
2801	963
2802	1061
2803	1248
2804	818
2805	1258
2806	1342
2807	1678
2808	1053
2809	1272
2810	1565
2811	861
2812	1125
2813	819
2814	1771
2815	1058
2816	1069
2817	1140
2818	1209
2819	1302
2820	1374
2821	2266
2822	2140
2823	2132
2824	1392
2825	346
2826	1333
2827	2378
2828	1283
2829	1443
2830	1348
2831	2142
2832	2049
2833	1578
2834	1352
2835	1411
2836	1514
2837	2317
2838	1294
2839	1043
2840	1147
2841	452
2842	597
2843	1235
2844	1401
2845	1151
2846	2599
2847	2601
2848	7766
2849	1995
2850	944
2851	1773
2852	1810
2853	944
2854	1029
2855	514
2856	1164
2857	1204
2858	655
2859	783
2860	920
2861	1021
2862	1137
2863	1256
2864	1744
2865	1846
2866	959
2867	1158
2868	1267
2869	1258
2870	1327
2871	1358
2872	797
2873	904
2874	1033
2875	574
2876	715
2877	851
2878	985
2879	1094
2880	1175
2881	1172
2882	1272
2883	1851
2884	919
2885	2104
2886	1611
2887	908
2888	1000
2889	1110
2890	1183
2891	1234
2892	1319
2893	1460
2894	1518
2895	799
2896	898
2897	1520
2898	1420
2899	990
2900	1115
2901	1215
2902	1294
2903	680
2904	1277
2905	1501
2906	1610
2907	1606
2908	1697
2909	1948
2910	1279
2911	1008
2912	1165
2913	1851
2914	840
2915	859
2916	934
2917	1042
2918	931
2919	968
2920	823
2921	1165
2922	1254
2923	1350
2924	1409
2925	1010
2926	1044
2927	2580
2928	2546
2929	2491
2930	2468
2931	982
2932	599
2933	685
2934	813
2935	593
2936	623
2937	467
2938	3561
2939	378
2940	1017
2941	1134
2942	2106
2943	821
2944	1068
2945	1095
2946	996
2947	1144
2948	1745
2949	2016
2950	2230
2951	2025
2952	1510
2953	1118
2954	1123
2955	1539
2956	1474
2957	1812
2958	1065
2959	1282
2960	1423
2961	1472
2962	1376
2963	1424
2964	2730
2965	2786
2966	2958
2967	2989
2968	2784
2969	2767
2970	3158
2971	3092
2972	1051
2973	580
2974	1046
2975	865
2976	967
2977	2024
2978	2039
2979	1574
2980	2078
2981	1978
2982	1442
2983	1730
2984	1772
2985	1986
2986	1619
2987	1769
2988	255
2989	416
2990	747
2991	939
2992	1375
2993	467
2994	614
2995	2327
2996	1953
2997	3185
2998	3135
2999	2975
3000	1423
3001	1432
3002	1560
3003	1704
3004	2072
3005	1176
3006	600
3007	749
3008	870
3009	893
3010	637
3011	1059
3012	1180
3013	925
3014	1602
3015	2836
3016	2918
3017	2361
3018	2434
3019	3119
3020	1118
3021	1216
3022	553
3023	694
3024	654
3025	782
3026	1364
3027	1032
3028	1145
3029	1120
3030	1198
3031	1996
3032	2006
3033	1832
3034	1907
3035	1399
3036	2188
3037	1861
3038	1369
3039	901
3040	1132
3041	1319
3042	1372
3043	1073
3044	1162
3045	1029
3046	1134
3047	993
3048	546
3049	723
3050	818
3051	624
3052	751
3053	880
3054	935
3055	648
3056	1448
3057	855
3058	1672
3059	1969
3060	2016
3061	681
3062	791
3063	1399
3064	1475
3065	1467
3066	1554
3067	1594
3068	1642
3069	1322
3070	1162
3071	900
3072	1281
3073	905
3074	1045
3075	1537
3076	1194
3077	1308
3078	2235
3079	1944
3080	1998
3081	1402
3082	1441
3083	728
3084	829
3085	965
3086	1233
3087	2063
3088	2136
3089	1369
3090	899
3091	1036
3092	1111
3093	968
3094	1065
3095	501
3096	641
3097	1246
3098	1355
3099	1442
3100	1193
3101	1282
3102	1075
3103	1123
3104	1209
3105	665
3106	722
3107	335
3108	458
3109	586
3110	731
3111	872
3112	1509
3113	1643
3114	1774
3115	1140
3116	2056
3117	1676
3118	1435
3119	1584
3120	1785
3121	1666
3122	1676
3123	1045
3124	1182
3125	730
3126	968
3127	1411
3128	1107
3129	2098
3130	178
3131	921
3132	418
3133	441
3134	720
3135	1011
3136	2340
3137	1570
3138	1478
3139	1545
3140	2592
3141	2349
3142	831
3143	935
3144	769
3145	891
3146	1789
3147	1793
3148	1514
3149	1111
3150	1234
3151	1250
3152	1339
3153	1411
3154	1489
3155	1596
3156	1680
3157	1451
3158	307
3159	413
3160	563
3161	715
3162	866
3163	1000
3164	1141
3165	1198
3166	1385
3167	1410
3168	1599
3169	1706
3170	2079
3171	2326
3172	2126
3173	2421
3174	2755
3175	1342
3176	1465
3177	1703
3178	1884
3179	1472
3180	1585
3181	1407
3182	1912
3183	2411
3184	2151
3185	1878
3186	708
3187	791
3188	1327
3189	1390
3190	1453
3191	1529
3192	1580
3193	1173
3194	1452
3195	1518
3196	1807
3197	1864
3198	1614
3199	1629
3200	482
3201	863
3202	917
3203	1170
3204	866
3205	1175
3206	1271
3207	1365
3208	1449
3209	1374
3210	716
3211	303
3212	569
3213	702
3214	851
3215	954
3216	1074
3217	1731
3218	1411
3219	1395
3220	942
3221	940
3222	1126
3223	1255
3224	836
3225	962
3226	1060
3227	1127
3228	1215
3229	1051
3230	641
3231	298
3232	462
3233	614
3234	748
3235	867
3236	1000
3237	1054
3238	670
3239	804
3240	934
3241	1037
3242	1140
3243	1273
3244	1332
3245	682
3246	301
3247	770
3248	559
3249	690
3250	1399
3251	1451
3252	1274
3253	1387
3254	1050
3255	1319
3256	1319
3257	677
3258	509
3259	650
3260	1226
3261	958
3262	1092
3263	1211
3264	1302
3265	1619
3266	727
3267	370
3268	824
3269	715
3270	799
3271	556
3272	663
3273	404
3274	565
3275	695
3276	1015
3277	789
3278	1690
3279	1463
3280	1532
3281	1355
3282	1453
3283	1532
3284	1629
3285	1002
3286	1082
3287	1156
3288	1234
3289	683
3290	672
3291	822
3292	1186
3293	945
3294	1751
3295	1189
3296	643
3297	975
3298	904
3299	495
3300	1057
3301	1167
3302	1445
3303	1503
3304	1311
3305	1007
3306	520
3307	731
3308	708
3309	1902
3310	2257
3311	2319
3312	1239
3313	1709
3314	2049
3315	605
3316	1624
3317	1725
3318	1081
3319	1317
3320	1109
3321	1175
3322	1225
3323	1086
3324	1232
3325	1942
3326	1920
3327	1954
3328	1971
3329	1451
3330	2085
3331	2114
3332	1279
3333	1083
3334	754
3335	524
3336	909
3337	1022
3338	1112
3339	1490
3340	625
3341	245
3342	308
3343	619
3344	730
3345	877
3346	999
3347	1004
3348	1110
3349	1098
3350	741
3351	845
3352	1090
3353	1018
3354	1783
3355	1120
3356	2759
3357	2733
3358	2163
3359	2325
3360	819
3361	961
3362	1049
3363	839
3364	955
3365	1069
3366	918
3367	1031
3368	1137
3369	1218
3370	667
3371	790
3372	913
3373	1077
3374	1161
3375	1507
3376	1529
3377	989
3378	1113
3379	1146
3380	1235
3381	1391
3382	1455
3383	1270
3384	1184
3385	1252
3386	1638
3387	1846
3388	2221
3389	1305
3390	980
3391	1227
3392	1361
3393	1255
3394	734
3395	771
3396	325
3397	1943
3398	996
3399	624
3400	1275
3401	681
3402	1001
3403	972
3404	1078
3405	2443
3406	2463
3407	2435
3408	1854
3409	1425
3410	1353
3411	1082
3412	1175
3413	1324
3414	977
3415	1129
3416	896
3417	1020
3418	1150
3419	2434
3420	2461
3421	2158
3422	2186
3423	2206
3424	2195
3425	2023
3426	1763
3427	2534
3428	2147
3429	683
3430	776
3431	1462
3432	977
3433	1090
3434	1183
3435	1299
3436	777
3437	904
3438	1394
3439	1169
3440	884
3441	608
3442	1169
3443	1257
3444	1401
3445	1072
3446	2148
3447	1801
3448	1363
3449	1448
3450	1543
3451	1442
3452	1248
3453	1378
3454	768
3455	1369
3456	875
3457	1192
3458	1346
3459	1615
3460	1087
3461	1422
3462	1139
3463	2101
3464	1505
3465	1612
3466	498
3467	638
3468	767
3469	888
3470	1026
3471	1140
3472	733
3473	862
3474	938
3475	412
3476	1675
3477	1524
3478	1612
3479	1690
3480	1781
3481	1836
3482	1859
3483	927
3484	1060
3485	1060
3486	855
3487	740
3488	846
3489	1288
3490	950
3491	1046
3492	1141
3493	1224
3494	1298
3495	2164
3496	2225
3497	871
3498	979
3499	1098
3500	1188
3501	1326
3502	1384
3503	869
3504	983
3505	1830
3506	2431
3507	1681
3508	1705
3509	1730
3510	971
3511	1300
3512	1274
3513	1340
3514	1653
3515	1715
3516	1771
3517	1803
3518	1838
3519	1831
3520	1838
3521	1726
3522	902
3523	756
3524	561
3525	732
3526	1714
3527	1804
3528	1849
3529	1841
3530	1904
3531	1966
3532	2006
3533	1584
3534	2304
3535	2284
3536	1285
3537	1942
3538	2030
3539	879
3540	1112
3541	1099
3542	1748
3543	1792
3544	1678
3545	1707
3546	1055
3547	1127
3548	697
3549	851
3550	596
3551	909
3552	1030
3553	480
3554	575
3555	356
3556	519
3557	813
3558	1110
3559	624
3560	1547
3561	1631
3562	1954
3563	944
3564	1041
3565	1158
3566	1300
3567	1416
3568	1310
3569	1377
3570	1231
3571	1542
3572	1613
3573	1592
3574	902
3575	1002
3576	1385
3577	1482
3578	786
3579	900
3580	1005
3581	1119
3582	1246
3583	1307
3584	1680
3585	1842
3586	1893
3587	1793
3588	2009
3589	1629
3590	1399
3591	2123
3592	822
3593	1118
3594	407
3595	492
3596	1509
3597	1274
3598	981
3599	480
3600	641
3601	532
3602	1510
3603	2028
3604	1442
3605	2193
3606	1308
3607	1245
3608	700
3609	1925
3610	1840
3611	710
3612	829
3613	1753
3614	1810
3615	2718
3616	1989
3617	2010
3618	2042
3619	1283
3620	1712
3621	924
3622	897
3623	749
3624	1269
3625	1395
3626	1415
3627	1718
3628	1765
3629	1585
3630	1608
3631	1977
3632	1572
3633	2058
3634	2083
3635	1569
3636	1627
3637	1570
3638	1151
3639	2428
3640	1511
3641	599
3642	1458
3643	504
3644	623
3645	1315
3646	1334
3647	1418
3648	1670
3649	1706
3650	1716
3651	1588
3652	1622
3653	1127
3654	1620
3655	590
3656	673
3657	713
3658	849
3659	1009
3660	1184
3661	1285
3662	1366
3663	2032
3664	2064
3665	2050
3666	1643
3667	661
3668	744
3669	1013
3670	1085
3671	540
3672	1799
3673	1925
3674	1960
3675	955
3676	986
3677	1083
3678	1371
3679	1763
3680	2287
3681	2048
3682	1801
3683	1852
3684	1919
3685	933
3686	902
3687	889
3688	1088
3689	1196
3690	1247
3691	560
3692	683
3693	802
3694	931
3695	931
3696	1034
3697	1584
3698	1632
3699	1514
3700	1551
3701	2026
3702	1837
3703	1656
3704	1026
3705	760
3706	1550
3707	1527
3708	1116
3709	1199
3710	597
3711	724
3712	839
3713	501
3714	873
3715	1014
3716	961
3717	1043
3718	1107
3719	803
3720	993
3721	879
3722	2252
3723	1953
3724	2090
3725	1681
3726	792
3727	1644
3728	1313
3729	1360
3730	1386
3731	1191
3732	985
3733	1176
3734	1253
3735	1351
3736	1674
3737	1740
3738	1747
3739	1231
3740	418
3741	2169
3742	2251
3743	2185
3744	2664
3745	2655
3746	2693
3747	2348
3748	2338
3749	2318
3750	2707
3751	2851
3752	3134
3753	2574
3754	1496
3755	1086
3756	1939
3757	2004
3758	1575
3759	1592
3760	1910
3761	1387
3762	1375
3763	410
3764	887
3765	889
3766	574
3767	833
3768	778
3769	750
3770	867
3771	1105
3772	893
3773	1047
3774	1133
3775	1257
3776	943
3777	998
3778	1097
3779	1126
3780	1251
3781	1354
3782	1439
3783	1719
3784	1711
3785	1333
3786	1393
3787	724
3788	738
3789	864
3790	732
3791	564
3792	475
3793	594
3794	495
3795	624
3796	1260
3797	920
3798	1054
3799	1094
3800	1138
3801	717
3802	850
3803	973
3804	1388
3805	1499
3806	1243
3807	1447
3808	1448
3809	1485
3810	1242
3811	1306
3812	1308
3813	1371
3814	723
3815	841
3816	983
3817	811
3818	791
3819	921
3820	1120
3821	1129
3822	1306
3823	1089
3824	1079
3825	1289
3826	935
3827	1127
3828	866
3829	1119
3830	1067
3831	1293
3832	1239
3833	1325
3834	1298
3835	705
3836	824
3837	928
3838	1029
3839	1140
3840	571
3841	662
3842	793
3843	768
3844	824
3845	1045
3846	832
3847	1030
3848	1147
3849	1110
3850	1412
3851	1460
3852	734
3853	519
3854	640
3855	815
3856	940
3857	1068
3858	1113
3859	962
3860	741
3861	781
3862	864
3863	928
3864	424
3865	558
3866	697
3867	789
3868	612
3869	899
3870	909
3871	627
3872	500
3873	1467
3874	1357
3875	2145
3876	1900
3877	2314
3878	1077
3879	1146
3880	1636
3881	532
3882	741
3883	719
3884	822
3885	963
3886	714
3887	729
3888	946
3889	1083
3890	1824
3891	1995
3892	1673
3893	1866
3894	1539
3895	735
3896	783
3897	776
3898	946
3899	428
3900	537
3901	605
3902	754
3903	880
3904	1002
3905	1096
3906	1188
3907	1283
3908	1376
3909	1397
3910	1374
3911	308
3912	468
3913	640
3914	764
3915	915
3916	769
3917	891
3918	1673
3919	1659
3920	533
3921	337
3922	483
3923	533
3924	554
3925	710
3926	820
3927	947
3928	607
3929	733
3930	860
3931	736
3932	840
3933	960
3934	957
3935	1199
3936	1047
3937	1379
3938	1451
3939	1805
3940	1383
3941	2184
3942	619
3943	727
3944	835
3945	972
3946	1423
3947	1103
3948	1008
3949	1125
3950	1229
3951	1380
3952	1282
3953	1487
3954	1406
3955	1522
3956	970
3957	1274
3958	1465
3959	1363
3960	1605
3961	1180
3962	1072
3963	1382
3964	1117
3965	1363
3966	1250
3967	1328
3968	1420
3969	1381
3970	505
3971	1098
3972	695
3973	720
3974	492
3975	620
3976	784
3977	986
3978	1071
3979	1180
3980	2029
3981	2473
3982	1071
3983	878
3984	986
3985	1080
3986	1189
3987	1229
3988	979
3989	1044
3990	377
3991	548
3992	2426
3993	432
3994	709
3995	1491
3996	1405
3997	836
3998	954
3999	1053
4000	971
4001	1325
4002	1053
4003	1155
4004	1355
4005	1352
4006	715
4007	784
4008	838
4009	454
4010	1099
4011	1157
4012	1553
4013	1565
4014	2485
4015	1028
4016	654
4017	279
4018	417
4019	557
4020	633
4021	1112
4022	570
4023	740
4024	1451
4025	922
4026	1034
4027	1860
4028	607
4029	1484
4030	1639
4031	987
4032	1050
4033	1219
4034	1302
4035	1266
4036	1244
4037	1504
4038	1498
4039	1666
4040	1495
4041	1363
4042	1760
4043	1856
4044	749
4045	906
4046	375
4047	513
4048	713
4049	975
4050	1112
4051	1439
4052	1410
4053	1851
4054	1326
4055	1119
4056	1263
4057	1465
4058	1448
4059	1495
4060	2431
4061	2047
4062	1518
4063	2044
4064	2073
4065	2060
4066	1121
4067	894
4068	846
4069	968
4070	909
4071	1092
4072	1729
4073	1774
4074	1126
4075	753
4076	285
4077	419
4078	568
4079	860
4080	998
4081	1088
4082	1015
4083	1091
4084	1417
4085	1478
4086	1495
4087	1027
4088	662
4089	1018
4090	541
4091	649
4092	846
4093	901
4094	1728
4095	1717
4096	1869
4097	1819
4098	1942
4099	1869
4100	620
4101	795
4102	832
4103	1010
4104	1152
4105	1338
4106	1307
4107	1193
4108	911
4109	464
4110	362
4111	644
4112	922
4113	690
4114	800
4115	917
4116	1082
4117	1156
4118	758
4119	939
4120	987
4121	1195
4122	1262
4123	1308
4124	607
4125	1312
4126	610
4127	1116
4128	678
4129	1119
4130	382
4131	1099
4132	560
4133	691
4134	785
4135	1049
4136	1157
4137	1274
4138	1410
4139	1446
4140	972
4141	473
4142	592
4143	733
4144	871
4145	956
4146	1085
4147	1315
4148	1328
4149	1422
4150	1476
4151	1506
4152	1534
4153	999
4154	1072
4155	1439
4156	1127
4157	1304
4158	1375
4159	1764
4160	718
4161	812
4162	896
4163	946
4164	996
4165	1088
4166	1503
4167	1051
4168	1586
4169	3364
4170	464
4171	985
4172	912
4173	381
4174	2012
4175	1625
4176	1730
4177	1733
4178	1847
4179	1932
4180	1960
4181	1516
4182	1366
4183	1476
4184	1553
4185	1279
4186	1211
4187	1239
4188	717
4189	1325
4190	1468
4191	1105
4192	1205
4193	1297
4194	1342
4195	792
4196	1340
4197	1403
4198	1475
4199	1539
4200	1582
4201	1638
4202	1667
4203	1347
4204	916
4205	764
4206	882
4207	977
4208	616
4209	1286
4210	813
4211	1797
4212	1292
4213	924
4214	746
4215	867
4216	1327
4217	1051
4218	1183
4219	1312
4220	1314
4221	1027
4222	1016
4223	1120
4224	1211
4225	1729
4226	1362
4227	1203
4228	1058
4229	1164
4230	1256
4231	718
4232	854
4233	985
4234	1238
4235	1249
4236	1353
4237	1474
4238	1560
4239	1598
4240	835
4241	875
4242	368
4243	528
4244	696
4245	964
4246	1084
4247	1176
4248	1303
4249	1402
4250	1482
4251	1558
4252	1641
4253	1657
4254	1090
4255	1033
4256	1131
4257	1229
4258	1297
4259	1398
4260	1462
4261	1545
4262	1608
4263	1144
4264	394
4265	567
4266	715
4267	854
4268	977
4269	1093
4270	1182
4271	1298
4272	1392
4273	1493
4274	1270
4275	1012
4276	1610
4277	1669
4278	1225
4279	539
4280	693
4281	540
4282	900
4283	767
4284	881
4285	1770
4286	1159
4287	1379
4288	1330
4289	1524
4290	1465
4291	1637
4292	1586
4293	1750
4294	1815
4295	225
4296	360
4297	490
4298	630
4299	783
4300	896
4301	1026
4302	1014
4303	845
4304	1322
4305	696
4306	1189
4307	645
4308	773
4309	904
4310	1020
4311	1630
4312	1768
4313	1853
4314	1303
4315	1354
4316	1264
4317	1343
4318	1325
4319	1396
4320	1544
4321	1602
4322	1172
4323	1269
4324	1107
4325	1060
4326	991
4327	1053
4328	1669
4329	1070
4330	938
4331	1197
4332	1891
4333	469
4334	755
4335	922
4336	895
4337	688
4338	819
4339	927
4340	1052
4341	1200
4342	1407
4343	1154
4344	1108
4345	1211
4346	1282
4347	1331
4348	659
4349	810
4350	1436
4351	2986
4352	2918
4353	2082
4354	1927
4355	3928
4356	806
4357	1002
4358	815
4359	497
4360	595
4361	1380
4362	788
4363	944
4364	1266
4365	1094
4366	1216
4367	2369
4368	5043
4369	2327
4370	1834
4371	2214
4372	224
4373	750
4374	872
4375	1027
4376	1157
4377	661
4378	843
4379	958
4380	1060
4381	792
4382	921
4383	1034
4384	1145
4385	1318
4386	1433
4387	1409
4388	1571
4389	1537
4390	1471
4391	1462
4392	551
4393	345
4394	508
4395	612
4396	734
4397	866
4398	1305
4399	1161
4400	1266
4401	1324
4402	176
4403	330
4404	475
4405	679
4406	812
4407	1494
4408	1069
4409	842
4410	951
4411	1071
4412	1177
4413	1277
4414	1397
4415	1415
4416	1440
4417	1463
4418	1531
4419	1546
4420	1335
4421	1226
4422	333
4423	474
4424	618
4425	871
4426	922
4427	965
4428	909
4429	1026
4430	1134
4431	1249
4432	684
4433	814
4434	890
4435	922
4436	1031
4437	1130
4438	1220
4439	1314
4440	1373
4441	807
4442	889
4443	362
4444	384
4445	538
4446	683
4447	831
4448	1538
4449	1021
4450	1121
4451	1235
4452	1076
4453	892
4454	995
4455	1116
4456	1293
4457	1042
4458	1076
4459	991
4460	235
4461	377
4462	1228
4463	846
4464	527
4465	669
4466	774
4467	649
4468	769
4469	907
4470	953
4471	1081
4472	1162
4473	2036
4474	1695
4475	1728
4476	623
4477	481
4478	1375
4479	1449
4480	1424
4481	1509
4482	1020
4483	1135
4484	653
4485	775
4486	415
4487	634
4488	788
4489	874
4490	1004
4491	1632
4492	741
4493	771
4494	1268
4495	132
4496	737
4497	1440
4498	422
4499	338
4500	478
4501	603
4502	722
4503	906
4504	699
4505	1146
4506	870
4507	514
4508	675
4509	772
4510	473
4511	614
4512	696
4513	780
4514	912
4515	1021
4516	684
4517	821
4518	905
4519	995
4520	1097
4521	878
4522	332
4523	575
4524	684
4525	904
4526	643
4527	791
4528	645
4529	799
4530	1051
4531	2259
4532	1177
4533	667
4534	750
4535	923
4536	1016
4537	1101
4538	1186
4539	1282
4540	180
4541	447
4542	694
4543	683
4544	248
4545	364
4546	368
4547	605
4548	1061
4549	1157
4550	1232
4551	476
4552	680
4553	820
4554	1051
4555	1159
4556	708
4557	817
4558	1025
4559	1041
4560	562
4561	673
4562	795
4563	942
4564	1066
4565	1167
4566	1249
4567	696
4568	1516
4569	915
4570	1190
4571	1098
4572	1213
4573	1299
4574	1387
4575	1404
4576	1183
4577	728
4578	421
4579	569
4580	629
4581	746
4582	622
4583	149
4584	256
4585	312
4586	237
4587	314
4588	652
4589	367
4590	312
4591	216
4592	471
4593	498
4594	655
4595	655
4596	792
4597	811
4598	857
4599	920
4600	1037
4601	981
4602	940
4603	237
4604	346
4605	407
4606	437
4607	660
4608	728
4609	791
4610	921
4611	1046
4612	907
4613	1090
4614	1182
4615	1068
4616	1131
4617	248
4618	359
4619	386
4620	520
4621	234
4622	378
4623	384
4624	460
4625	474
4626	763
4627	757
4628	486
4629	658
4630	911
4631	708
4632	696
4633	315
4634	351
4635	207
4636	351
4637	467
4638	441
4639	540
4640	680
4641	581
4642	496
4643	601
4644	728
4645	846
4646	949
4647	493
4648	264
4649	330
4650	455
4651	478
4652	519
4653	667
4654	795
4655	929
4656	1056
4657	1175
4658	687
4659	815
4660	915
4661	496
4662	653
4663	783
4664	919
4665	1066
4666	1219
4667	847
4668	909
4669	210
4670	348
4671	492
4672	641
4673	741
4674	539
4675	676
4676	819
4677	911
4678	824
4679	393
4680	583
4681	696
4682	846
4683	946
4684	563
4685	721
4686	857
4687	531
4688	662
4689	658
4690	746
4691	828
4692	654
4693	788
4694	474
4695	318
4696	378
4697	376
4698	4258
4699	567
4700	782
4701	1518
4702	1619
4703	853
4704	1693
4705	858
4706	988
4707	1138
4708	1157
4709	2543
4710	739
4711	1848
4712	1889
4713	1475
4714	2908
4715	3195
4716	4686
4717	2718
4718	2647
4719	3124
4720	1549
4721	1554
4722	808
4723	1392
4724	2299
4725	1086
4726	826
4727	526
4728	684
4729	618
4730	765
4731	1316
4732	1425
4733	1435
4734	1100
4735	788
4736	908
4737	2968
4738	1755
4739	2510
4740	3425
4741	5078
4742	4455
4743	5299
4744	5056
4745	4659
4746	4382
4747	4045
4748	1217
4749	1325
4750	1089
4751	1220
4752	1340
4753	1435
4754	860
4755	1053
4756	1347
4757	1204
4758	1844
4759	898
4760	912
4761	1034
4762	993
4763	1103
4764	1505
4765	1779
4766	1338
4767	2320
4768	1769
4769	3416
4770	1545
4771	895
4772	999
4773	998
4774	1114
4775	1219
4776	757
4777	896
4778	789
4779	904
4780	2317
4781	2103
4782	2174
4783	892
4784	1738
4785	1779
4786	953
4787	1937
4788	2316
4789	742
4790	871
4791	982
4792	913
4793	1015
4794	1046
4795	1140
4796	1235
4797	609
4798	731
4799	314
4800	679
4801	556
4802	593
4803	1856
4804	1832
4805	939
4806	1846
4807	1995
4808	2828
4809	2122
4810	2253
4811	2137
4812	3208
4813	2666
4814	2926
4815	2880
4816	2523
4817	2639
4818	2784
4819	2511
4820	2580
4821	2212
4822	2224
4823	776
4824	791
4825	923
4826	1047
4827	1173
4828	1815
4829	1907
4830	1659
4831	1732
4832	1181
4833	1278
4834	1375
4835	2100
4836	1423
4837	1477
4838	1525
4839	1101
4840	1177
4841	2054
4842	2514
4843	1306
4844	1638
4845	1690
4846	3236
4847	1839
4848	1199
4849	1345
4850	623
4851	2003
4852	2024
4853	1263
4854	1914
4855	1522
4856	1558
4857	2034
4858	2031
4859	1777
4860	1902
4861	1646
4862	1900
4863	1975
4864	2047
4865	1883
4866	1862
4867	959
4868	1229
4869	1320
4870	1343
4871	1510
4872	1562
4873	1993
4874	2058
4875	2098
4876	2135
4877	2164
4878	1750
4879	1884
4880	1913
4881	1956
4882	1835
4883	2009
4884	2064
4885	2036
4886	1453
4887	580
4888	695
4889	819
4890	1358
4891	1172
4892	762
4893	916
4894	1486
4895	1549
4896	1302
4897	725
4898	886
4899	1253
4900	1285
4901	1554
4902	1608
4903	1665
4904	1085
4905	985
4906	1337
4907	966
4908	843
4909	926
4910	441
4911	1249
4912	1339
4913	1320
4914	1501
4915	2164
4916	2553
4917	2306
4918	2908
4919	1929
4920	946
4921	1612
4922	1485
4923	1601
4924	1671
4925	1767
4926	1844
4927	2325
4928	2304
4929	1257
4930	511
4931	642
4932	677
4933	796
4934	1274
4935	965
4936	1411
4937	1449
4938	1214
4939	1707
4940	1846
4941	2364
4942	2883
4943	1403
4944	1023
4945	336
4946	1663
4947	1377
4948	1503
4949	2033
4950	1333
4951	1406
4952	1490
4953	1563
4954	1639
4955	1701
4956	1737
4957	1793
4958	1029
4959	1052
4960	279
4961	349
4962	547
4963	803
4964	670
4965	816
4966	2129
4967	2830
4968	629
4969	763
4970	914
4971	1011
4972	1097
4973	1578
4974	990
4975	1155
4976	2048
4977	2065
4978	1778
4979	999
4980	1101
4981	1114
4982	1131
4983	932
4984	1043
4985	1127
4986	1225
4987	859
4988	1118
4989	1247
4990	769
4991	904
4992	1023
4993	2193
4994	2067
4995	1869
4996	1893
4997	603
4998	1323
4999	1417
5000	1515
5001	1506
5002	1249
5003	1364
5004	1149
5005	1650
5006	1935
5007	1243
5008	2045
5009	319
5010	444
5011	381
5012	1102
5013	1122
5014	1137
5015	349
5016	416
5017	1002
5018	458
5019	524
5020	1377
5021	1363
5022	549
5023	1857
5024	1787
5025	2297
5026	2187
5027	5491
5028	5104
5029	4712
5030	2527
5031	2089
5032	2255
5033	1172
5034	291
5035	612
5036	907
5037	375
5038	422
5039	403
5040	1902
5041	1856
5042	384
5043	436
5044	1701
5045	1703
5046	1712
5047	2331
5048	1898
5049	1855
5050	2053
5051	1713
5052	333
5053	2310
5054	2177
5055	2066
5056	199
5057	267
5058	380
5059	453
5060	664
5061	909
5062	2212
5063	1806
5064	1818
5065	128
5066	241
5067	448
5068	355
5069	425
5070	520
5071	917
5072	918
5073	792
5074	227
5075	550
5076	605
5077	668
5078	1269
5079	1300
5080	1319
5081	733
5082	765
5083	793
5084	810
5085	845
5086	487
5087	498
5088	890
5089	814
5090	214
5091	2209
5092	1110
5093	1338
5094	686
5095	715
5096	771
5097	1283
5098	1046
5099	1285
5100	416
5101	542
5102	484
5103	523
5104	1595
5105	1530
5106	2041
5107	1078
5108	1360
5109	1475
5110	1042
5111	946
5112	413
5113	474
5114	518
5115	576
5116	614
5117	663
5118	704
5119	739
5120	785
5121	788
5122	824
5123	372
5124	990
5125	1023
5126	2373
5127	3563
5128	3108
5129	3505
5130	2970
5131	489
5132	182
5133	246
5134	314
5135	390
5136	446
5137	487
5138	1053
5139	294
5140	136
5141	225
5142	302
5143	297
5144	78
5145	141
5146	252
5147	753
5148	403
5149	270
5150	545
5151	588
5152	634
5153	678
5154	724
5155	492
5156	442
5157	249
5158	517
5159	536
5160	561
5161	149
5162	105
5163	169
5164	591
5165	644
5166	2617
5167	359
5168	351
5169	922
5170	947
5171	1176
5172	2083
5173	1415
5174	1415
5175	3789
5176	707
5177	716
5178	747
5179	555
5180	630
5181	765
5182	813
5183	2465
5184	1860
5185	1094
5186	706
5187	237
5188	105
5189	570
5190	1175
5191	5720
5192	7124
5193	6621
5194	5502
5195	944
5196	1314
5197	1066
5198	1073
5199	296
5200	368
5201	729
5202	285
5203	684
5204	819
5205	365
5206	868
5207	843
5208	504
5209	576
5210	1216
5211	1242
5212	2231
5213	1589
5214	288
5215	357
5216	427
5217	1049
5218	260
5219	436
5220	486
5221	548
5222	595
5223	484
5224	538
5225	686
5226	403
5227	454
5228	399
5229	452
5230	1151
5231	1181
5232	1198
5233	1211
5234	1678
5235	1607
5236	1798
5237	1663
5238	1612
5239	2739
5240	146
5241	210
5242	403
5243	411
5244	486
5245	301
5246	362
5247	436
5248	1072
5249	1075
5250	1113
5251	1597
5252	1625
5253	1543
5254	1547
5255	1394
5256	1160
5257	1217
5258	573
5259	625
5260	1075
5261	1010
5262	1179
5263	162
5264	2002
5265	2093
5266	1850
5267	1811
5268	1773
5269	1727
5270	1689
5271	1786
5272	1353
5273	1307
5274	536
5275	573
5276	610
5277	2287
5278	1440
5279	2648
5280	1292
5281	303
5282	1053
5283	1016
5284	284
5285	2080
5286	445
5287	497
5288	334
5289	392
5290	814
5291	331
5292	565
5293	2648
5294	2797
5295	2668
5296	2566
5297	2303
5298	3225
5299	2548
5300	3036
5301	2790
5302	2929
5303	11696
5304	10427
5305	1855
5306	62
5307	395
5308	454
5309	1321
5310	1395
5311	1496
5312	420
5313	614
5314	654
5315	707
5316	1532
5317	1414
5318	1385
5319	323
5320	1147
5321	1163
5322	1146
5323	938
5324	953
5325	946
5326	933
5327	2312
5328	827
5329	215
5330	215
5331	314
5332	396
5333	416
5334	466
5335	509
5336	596
5337	622
5338	1108
5339	1133
5340	1174
5341	402
5342	408
5343	716
5344	962
5345	1179
5346	98
5347	1080
5348	1081
5349	1031
5350	523
5351	1059
5352	574
5353	640
5354	682
5355	425
5356	1083
5357	465
5358	525
5359	581
5360	635
5361	1747
5362	1703
5363	1681
5364	1620
5365	1591
5366	1641
5367	1584
5368	3415
5369	2930
5370	2752
5371	2304
5372	2464
5373	2243
5374	1893
5375	2256
5376	2111
5377	2536
5378	525
5379	73
5380	153
5381	240
5382	323
5383	473
5384	624
5385	1101
5386	991
5387	1005
5388	747
5389	788
5390	892
5391	911
5392	2259
5393	467
5394	513
5395	1474
5396	2047
5397	1943
5398	1913
5399	576
5400	613
5401	659
5402	154
5403	235
5404	311
5405	392
5406	436
5407	505
5408	580
5409	650
5410	1374
5411	731
5412	289
5413	357
5414	198
5415	274
5416	1537
5417	1537
5418	787
5419	137
5420	209
5421	271
5422	2290
5423	820
5424	864
5425	688
5426	722
5427	768
5428	1120
5429	2520
5430	2443
5431	2279
5432	661
5433	464
5434	505
5435	552
5436	2920
5437	86
5438	173
5439	678
5440	347
5441	420
5442	473
5443	855
5444	913
5445	965
5446	1048
5447	1074
5448	1078
5449	1297
5450	1298
5451	758
5452	1249
5453	1224
5454	1826
5455	1160
5456	610
5457	1834
5458	682
5459	1697
5460	506
5461	740
5462	471
5463	485
5464	523
5465	431
5466	478
5467	550
5468	609
5469	1107
5470	531
5471	1651
5472	642
5473	1035
5474	377
5475	1930
5476	1470
5477	885
5478	1419
5479	1342
5480	1305
5481	1293
5482	1249
5483	520
5484	544
5485	561
5486	1861
5487	1495
5488	1424
5489	1352
5490	481
5491	540
5492	588
5493	639
5494	687
5495	739
5496	741
5497	1702
5498	590
5499	1192
5500	1177
5501	1078
5502	632
5503	1498
5504	709
5505	222
5506	484
5507	862
5508	751
5509	791
5510	1509
5511	1151
5512	1157
5513	1209
5514	553
5515	510
5516	550
5517	619
5518	634
5519	126
5520	193
5521	273
5522	1076
5523	1383
5524	1313
5525	1374
5526	1561
5527	1584
5528	2436
5529	2882
5530	3109
5531	2384
5532	2319
5533	3009
5534	2813
5535	1944
5536	3302
5537	1987
5538	1856
5539	1725
5540	1626
5541	1519
5542	1410
5543	474
5544	542
5545	576
5546	1054
5547	997
5548	385
5549	1342
5550	1372
5551	442
5552	1092
5553	1152
5554	1139
5555	1104
5556	668
5557	693
5558	868
5559	875
5560	1008
5561	1034
5562	1058
5563	631
5564	646
5565	703
5566	109
5567	188
5568	1054
5569	245
5570	311
5571	341
5572	799
5573	115
5574	184
5575	250
5576	512
5577	577
5578	628
5579	716
5580	764
5581	838
5582	728
5583	777
5584	252
5585	329
5586	765
5587	684
5588	1058
5589	737
5590	528
5591	1963
5592	1618
5593	527
5594	785
5595	824
5596	1390
5597	858
5598	895
5599	816
5600	839
5601	862
5602	235
5603	1515
5604	1501
5605	1487
5606	934
5607	948
5608	931
5609	977
5610	964
5611	777
5612	644
5613	1300
5614	979
5615	1013
5616	1035
5617	1347
5618	1352
5619	504
5620	334
5621	392
5622	450
5623	853
5624	521
5625	891
5626	583
5627	917
5628	800
5629	678
5630	650
5631	712
5632	670
5633	707
5634	1070
5635	2533
5636	1217
5637	3661
5638	188
5639	322
5640	350
5641	434
5642	493
5643	1156
5644	1146
5645	1116
5646	206
5647	882
5648	992
5649	659
5650	430
5651	964
5652	908
5653	1725
5654	114
5655	734
5656	791
5657	1124
5658	801
5659	830
5660	975
5661	1257
5662	2335
5663	1787
5664	1354
5665	252
5666	317
5667	247
5668	452
5669	525
5670	570
5671	607
5672	323
5673	412
5674	830
5675	646
5676	686
5677	717
5678	1442
5679	1901
5680	1611
5681	1411
5682	1098
5683	1704
5684	513
5685	1363
5686	518
5687	734
5688	1287
5689	651
5690	688
5691	705
5692	1157
5693	1176
5694	1226
5695	2515
5696	968
5697	1467
5698	788
5699	803
5700	827
5701	93
5702	1090
5703	2048
5704	2044
5705	1982
5706	1939
5707	1845
5708	1585
5709	1555
5710	1529
5711	1496
5712	1480
5713	1469
5714	1425
5715	1389
5716	1368
5717	6853
5718	6805
5719	6576
5720	89
5721	167
5722	247
5723	320
5724	396
5725	463
5726	535
5727	492
5728	552
5729	618
5730	667
5731	938
5732	964
5733	969
5734	970
5735	701
5736	737
5737	1360
5738	1350
5739	1622
5740	1552
5741	716
5742	1892
5743	1258
5744	2772
5745	1071
5746	1195
5747	755
5748	778
5749	798
5750	826
5751	844
5752	856
5753	860
5754	873
5755	892
5756	635
5757	663
5758	397
5759	450
5760	509
5761	1147
5762	272
5763	102
5764	183
5765	257
5766	553
5767	613
5768	1175
5769	1205
5770	1239
5771	1248
5772	1271
5773	1275
5774	1285
5775	1255
5776	1239
5777	1203
5778	1510
5779	1485
5780	1445
5781	2314
5782	2945
5783	351
5784	395
5785	454
5786	510
5787	546
5788	487
5789	552
5790	589
5791	1136
5792	1136
5793	1135
5794	621
5795	683
5796	702
5797	739
5798	660
5799	682
5800	715
5801	750
5802	795
5803	668
5804	139
5805	202
5806	282
5807	855
5808	955
5809	1561
5810	1656
5811	1781
5812	1244
5813	748
5814	357
5815	414
5816	280
5817	368
5818	429
5819	482
5820	530
5821	885
5822	1014
5823	1043
5824	1145
5825	1134
5826	1142
5827	1131
5828	1455
5829	1418
5830	771
5831	824
5832	841
5833	866
5834	877
5835	869
5836	858
5837	857
5838	838
5839	835
5840	824
5841	815
5842	813
5843	295
5844	379
5845	1217
5846	1375
5847	1237
5848	567
5849	636
5850	683
5851	713
5852	738
5853	782
5854	815
5855	1735
5856	1732
5857	1695
5858	1195
5859	1197
5860	1173
5861	1099
5862	1120
5863	701
5864	430
5865	474
5866	785
5867	800
5868	807
5869	1303
5870	1324
5871	1678
5872	1666
5873	1199
5874	830
5875	3464
5876	3297
5877	3141
5878	399
5879	2066
5880	1989
5881	1902
5882	1813
5883	545
5884	593
5885	644
5886	702
5887	741
5888	1250
5889	2282
5890	2184
5891	778
5892	806
5893	719
5894	696
5895	78
5896	131
5897	182
5898	234
5899	1432
5900	1185
5901	333
5902	354
5903	356
5904	368
5905	370
5906	368
5907	1396
5908	1140
5909	1190
5910	721
5911	122
5912	201
5913	709
5914	754
5915	473
5916	534
5917	420
5918	488
5919	1010
5920	1539
5921	1553
5922	1546
5923	1517
5924	1013
5925	1702
5926	1702
5927	1260
5928	1148
5929	1147
5930	1092
5931	541
5932	752
5933	1450
5934	1435
5935	1412
5936	1079
5937	900
5938	79
5939	521
5940	1305
5941	1309
5942	1296
5943	1998
5944	859
5945	907
5946	933
5947	1288
5948	1300
5949	2128
5950	4019
5951	3828
5952	510
5953	720
5954	750
5955	802
5956	843
5957	727
5958	555
5959	604
5960	1713
5961	1384
5962	1377
5963	112
5964	186
5965	264
5966	334
5967	415
5968	3748
5969	3882
5970	359
5971	415
5972	489
5973	551
5974	597
5975	665
5976	146
5977	230
5978	299
5979	379
5980	463
5981	533
5982	592
5983	667
5984	705
5985	863
5986	889
5987	899
5988	935
5989	1344
5990	406
5991	453
5992	745
5993	700
5994	667
5995	754
5996	636
5997	446
5998	475
5999	2473
6000	1401
