0	NaN
1	691
2	2847
3	2814
4	2058
5	2434
6	1738
7	2096
8	2454
9	2973
10	2213
11	2174
12	2961
13	2706
14	3143
15	2204
16	1523
17	1077
18	1145
19	1230
20	630
21	1087
22	552
23	795
24	1144
25	652
26	958
27	1607
28	956
29	1772
30	1400
31	1306
32	871
33	1058
34	1334
35	1459
36	1590
37	1735
38	1823
39	3088
40	3088
41	3095
42	4820
43	4893
44	1324
45	1864
46	1474
47	1430
48	1925
49	1954
50	1995
51	2036
52	1953
53	2300
54	2180
55	1978
56	1986
57	1895
58	1788
59	1429
60	2395
61	1524
62	3025
63	2702
64	3286
65	1896
66	975
67	709
68	630
69	761
70	898
71	1015
72	1126
73	1239
74	1329
75	1425
76	1642
77	910
78	367
79	623
80	646
81	790
82	761
83	865
84	1180
85	1184
86	1213
87	2098
88	756
89	1354
90	670
91	1827
92	1848
93	2595
94	3186
95	1543
96	1977
97	1934
98	1659
99	1649
100	1108
101	900
102	1011
103	1188
104	1699
105	1277
106	1365
107	1150
108	985
109	1031
110	871
111	1123
112	1199
113	2111
114	2137
115	2440
116	2108
117	1548
118	1552
119	1853
120	1323
121	1264
122	832
123	1169
124	1062
125	1910
126	2052
127	2530
128	1021
129	1383
130	957
131	1308
132	499
133	861
134	978
135	1294
136	885
137	1796
138	2270
139	1289
140	1671
141	1087
142	1166
143	1235
144	1420
145	970
146	1062
147	1305
148	1339
149	1426
150	3537
151	2075
152	2103
153	2181
154	2110
155	2714
156	2036
157	1082
158	1172
159	1597
160	572
161	688
162	786
163	878
164	1555
165	1600
166	2480
167	2344
168	1994
169	4214
170	2031
171	1975
172	1803
173	1005
174	2315
175	1623
176	1514
177	1546
178	2024
179	2094
180	2151
181	1806
182	1056
183	863
184	973
185	1142
186	1097
187	1843
188	524
189	782
190	989
191	1090
192	1176
193	1274
194	2551
195	3038
196	2489
197	2593
198	2446
199	3115
200	3053
201	1185
202	1131
203	770
204	1670
205	1180
206	1142
207	1247
208	861
209	1665
210	1148
211	1226
212	1626
213	848
214	673
215	778
216	1238
217	1337
218	1419
219	1522
220	1126
221	822
222	1235
223	907
224	1620
225	2088
226	1676
227	1189
228	1094
229	1176
230	1350
231	322
232	905
233	2566
234	1274
235	1288
236	1824
237	1899
238	975
239	1146
240	1222
241	1240
242	733
243	847
244	598
245	880
246	984
247	1543
248	1665
249	2859
250	2812
251	2761
252	2697
253	3044
254	2487
255	2054
256	797
257	1681
258	971
259	576
260	720
261	855
262	932
263	582
264	823
265	1067
266	966
267	1051
268	1632
269	1693
270	1140
271	1123
272	1237
273	1169
274	964
275	737
276	1924
277	1829
278	1537
279	1599
280	2207
281	3122
282	1338
283	1432
284	1492
285	1232
286	781
287	810
288	699
289	839
290	2076
291	1770
292	1519
293	2030
294	1588
295	1146
296	494
297	628
298	769
299	1533
300	1618
301	2326
302	2206
303	1700
304	1717
305	1503
306	1818
307	2701
308	1391
309	1666
310	1703
311	1724
312	1183
313	829
314	948
315	2185
316	1337
317	1774
318	1824
319	1870
320	1030
321	1159
322	882
323	1978
324	648
325	784
326	953
327	799
328	1585
329	1513
330	1198
331	1460
332	2325
333	1301
334	1056
335	1120
336	1240
337	1343
338	1382
339	1481
340	1047
341	1208
342	1301
343	1380
344	1489
345	1352
346	714
347	799
348	934
349	727
350	1239
351	2503
352	2544
353	1998
354	1895
355	5074
356	1888
357	2020
358	1407
359	1140
360	1176
361	1260
362	1647
363	1118
364	1410
365	1823
366	1894
367	4427
368	5611
369	2812
370	1027
371	1085
372	390
373	877
374	991
375	1075
376	2185
377	1592
378	305
379	437
380	595
381	744
382	1422
383	950
384	1220
385	1418
386	2421
387	2483
388	1533
389	1621
390	1568
391	1566
392	919
393	911
394	1150
395	1366
396	909
397	1006
398	1143
399	1215
400	1371
401	1431
402	1396
403	1445
404	1507
405	1682
406	1732
407	1546
408	1640
409	1693
410	2336
411	2319
412	1275
413	1305
414	1758
415	1683
416	1445
417	1459
418	1513
419	1719
420	2450
421	1009
422	487
423	599
424	812
425	918
426	1167
427	613
428	733
429	837
430	1291
431	1368
432	1566
433	1635
434	1648
435	1590
436	2329
437	2309
438	3452
439	4888
440	2594
441	1471
442	1511
443	1581
444	1204
445	1273
446	1358
447	1675
448	2296
449	1720
450	2027
451	2643
452	1035
453	1442
454	1500
455	1560
456	1045
457	1271
458	1356
459	1397
460	727
461	847
462	976
463	1699
464	1550
465	1933
466	2208
467	1797
468	1629
469	1543
470	1519
471	1670
472	1685
473	2538
474	2791
475	2339
476	677
477	859
478	1630
479	1156
480	1232
481	1311
482	924
483	1238
484	1619
485	1557
486	1143
487	1305
488	1245
489	1441
490	1956
491	3550
492	2159
493	2652
494	2628
495	2202
496	1584
497	1534
498	1082
499	1167
500	1236
501	1297
502	951
503	1070
504	2014
505	2474
506	1854
507	1291
508	778
509	1620
510	1659
511	1685
512	1306
513	1029
514	1155
515	712
516	816
517	1373
518	1137
519	1222
520	1090
521	1171
522	593
523	837
524	1033
525	1163
526	1178
527	1380
528	1186
529	1195
530	1799
531	2897
532	2301
533	1817
534	1363
535	1924
536	1421
537	1811
538	1383
539	1740
540	856
541	810
542	1150
543	407
544	528
545	625
546	612
547	764
548	1619
549	1243
550	1340
551	1096
552	1172
553	2945
554	4706
555	2279
556	1250
557	1308
558	1436
559	2801
560	2156
561	2058
562	1034
563	2502
564	2479
565	2441
566	1182
567	703
568	1513
569	921
570	1185
571	1098
572	1210
573	1463
574	1544
575	1517
576	1256
577	1445
578	1627
579	1676
580	1280
581	955
582	972
583	640
584	571
585	412
586	305
587	616
588	1432
589	1525
590	1417
591	1540
592	1340
593	1261
594	1219
595	1314
596	1395
597	1507
598	1120
599	1242
600	1338
601	1417
602	1446
603	799
604	929
605	931
606	591
607	829
608	787
609	930
610	1070
611	1187
612	1295
613	1397
614	1756
615	1550
616	1593
617	2389
618	1474
619	2535
620	2142
621	1756
622	1455
623	776
624	890
625	964
626	725
627	855
628	1775
629	1456
630	1590
631	1262
632	1359
633	479
634	756
635	510
636	796
637	908
638	1036
639	1201
640	1300
641	861
642	954
643	1023
644	678
645	1766
646	1715
647	872
648	1045
649	1023
650	560
651	695
652	821
653	945
654	1060
655	1180
656	1271
657	1374
658	859
659	984
660	1173
661	1269
662	1209
663	1633
664	1514
665	1579
666	888
667	606
668	656
669	501
670	625
671	782
672	916
673	1757
674	2962
675	2914
676	2414
677	2035
678	1386
679	719
680	866
681	972
682	1252
683	799
684	721
685	1733
686	477
687	669
688	1148
689	1318
690	1385
691	1465
692	839
693	927
694	320
695	1813
696	1771
697	1726
698	1800
699	2165
700	754
701	1143
702	1235
703	1330
704	1415
705	2271
706	2474
707	1651
708	2312
709	1247
710	251
711	407
712	567
713	723
714	807
715	575
716	527
717	1261
718	1347
719	1961
720	1965
721	1979
722	784
723	839
724	1960
725	1816
726	1885
727	1619
728	1312
729	1196
730	844
731	1783
732	1839
733	1061
734	1230
735	1682
736	1021
737	1097
738	1522
739	1265
740	1543
741	1653
742	1014
743	1387
744	1454
745	1000
746	1087
747	747
748	601
749	786
750	814
751	757
752	903
753	1090
754	1606
755	1065
756	1193
757	613
758	791
759	975
760	1046
761	1186
762	1478
763	1913
764	1414
765	1577
766	1218
767	1078
768	1226
769	1916
770	1490
771	938
772	1226
773	1046
774	1129
775	1214
776	2293
777	1539
778	1558
779	1179
780	1277
781	1354
782	1371
783	835
784	1672
785	1767
786	1598
787	1793
788	2784
789	1067
790	581
791	720
792	745
793	1348
794	801
795	911
796	1025
797	1032
798	1142
799	819
800	1577
801	1365
802	1047
803	1167
804	1773
805	1833
806	1878
807	1430
808	1524
809	1295
810	1162
811	2566
812	2131
813	2181
814	2363
815	1493
816	1028
817	1165
818	955
819	683
820	792
821	934
822	1067
823	1623
824	1693
825	1774
826	1834
827	1898
828	1991
829	1923
830	1633
831	1139
832	589
833	723
834	1378
835	2124
836	1473
837	1662
838	1699
839	1274
840	1332
841	1379
842	1496
843	1571
844	1050
845	1162
846	986
847	817
848	1118
849	2772
850	2744
851	3342
852	3013
853	3205
854	3101
855	3044
856	2917
857	1550
858	1157
859	1250
860	1363
861	509
862	2322
863	2277
864	2360
865	1113
866	1204
867	512
868	655
869	772
870	893
871	1283
872	947
873	1902
874	791
875	904
876	1035
877	1164
878	988
879	1217
880	2036
881	2111
882	1230
883	1338
884	1918
885	1971
886	2004
887	551
888	671
889	799
890	1308
891	1123
892	1200
893	1939
894	854
895	958
896	763
897	909
898	1909
899	3220
900	1364
901	1543
902	1881
903	2398
904	1812
905	1270
906	565
907	599
908	1827
909	1842
910	1352
911	911
912	1017
913	2225
914	1505
915	2276
916	1913
917	797
918	1465
919	1032
920	1132
921	1751
922	1484
923	1306
924	1739
925	1730
926	1540
927	1622
928	1677
929	1737
930	955
931	1315
932	1390
933	1160
934	1280
935	1571
936	1660
937	1418
938	1490
939	1558
940	1647
941	1686
942	1736
943	1815
944	1789
945	1584
946	1087
947	2409
948	1174
949	542
950	682
951	823
952	969
953	1124
954	1220
955	1342
956	1438
957	1853
958	1097
959	804
960	3296
961	3451
962	3623
963	2725
964	2437
965	2212
966	1398
967	1464
968	1506
969	1575
970	1342
971	1282
972	1292
973	1908
974	1887
975	1445
976	1530
977	1576
978	1781
979	1446
980	1509
981	1577
982	1210
983	1138
984	1657
985	1780
986	667
987	828
988	935
989	959
990	1703
991	1741
992	793
993	861
994	1721
995	1762
996	1144
997	623
998	1208
999	986
1000	2192
1001	2232
1002	2251
1003	2252
1004	1023
1005	442
1006	351
1007	450
1008	519
1009	639
1010	763
1011	686
1012	633
1013	680
1014	733
1015	716
1016	811
1017	868
1018	880
1019	829
1020	906
1021	937
1022	635
1023	673
1024	693
1025	1274
1026	1268
1027	875
1028	886
1029	615
1030	560
1031	345
1032	396
1033	339
1034	411
1035	462
1036	1438
1037	1423
1038	1313
1039	1399
1040	1387
1041	1010
1042	934
1043	1056
1044	1047
1045	1082
1046	731
1047	599
1048	802
1049	820
1050	840
1051	865
1052	479
1053	472
1054	480
1055	509
1056	568
1057	362
1058	251
1059	314
1060	403
1061	471
1062	536
1063	609
1064	1047
1065	637
1066	671
1067	733
1068	757
1069	1383
1070	1384
1071	1367
1072	292
1073	363
1074	1000
1075	190
1076	261
1077	315
1078	380
1079	458
1080	519
1081	580
1082	645
1083	729
1084	761
1085	789
1086	2149
1087	1990
1088	1936
1089	1771
1090	548
1091	147
1092	909
1093	913
1094	970
1095	988
1096	1081
1097	533
1098	201
1099	269
1100	343
1101	420
1102	465
1103	523
1104	586
1105	653
1106	700
1107	765
1108	1334
1109	1326
1110	1333
1111	856
1112	888
1113	1153
1114	1033
1115	1034
1116	1044
1117	798
1118	794
1119	828
1120	795
1121	108
1122	184
1123	254
1124	507
1125	568
1126	627
1127	437
1128	511
1129	585
1130	1185
1131	1220
1132	1242
1133	1469
1134	582
1135	624
1136	657
1137	663
1138	724
1139	748
1140	797
1141	3455
1142	3106
1143	2920
1144	2555
1145	2627
1146	871
1147	1115
1148	1153
1149	881
1150	543
1151	313
1152	406
1153	472
1154	239
1155	193
1156	924
1157	943
1158	901
1159	930
1160	974
1161	886
1162	778
1163	275
1164	1570
1165	122
1166	188
1167	1090
1168	1074
1169	1077
1170	1027
1171	911
1172	936
1173	324
1174	1484
1175	797
1176	936
1177	676
1178	230
1179	515
1180	329
1181	457
1182	1054
1183	529
1184	596
1185	1374
1186	650
1187	692
1188	734
1189	700
1190	718
1191	750
1192	771
1193	1303
1194	1308
1195	884
1196	891
1197	906
1198	845
1199	1376
1200	115
1201	1247
1202	1227
1203	855
1204	381
1205	787
1206	821
1207	413
1208	470
1209	519
1210	573
1211	734
1212	765
1213	820
1214	845
1215	863
1216	1093
1217	1446
1218	780
1219	786
1220	1269
1221	149
1222	223
1223	303
1224	381
1225	444
1226	477
1227	559
1228	627
1229	671
1230	718
1231	778
1232	1533
1233	1501
1234	372
1235	414
1236	183
1237	240
1238	315
1239	1183
1240	1035
1241	816
1242	1410
1243	873
1244	892
1245	938
1246	970
1247	1043
1248	1015
1249	1011
1250	997
1251	979
1252	466
1253	356
1254	120
1255	686
1256	751
1257	507
1258	684
1259	1215
1260	726
1261	764
1262	826
1263	735
1264	860
1265	892
1266	549
1267	596
1268	630
1269	592
1270	867
1271	650
1272	695
1273	728
1274	681
1275	122
1276	191
1277	264
1278	327
1279	920
1280	440
1281	503
1282	558
1283	628
1284	1156
1285	1165
1286	678
1287	1383
1288	1306
1289	1283
1290	1693
1291	1228
1292	1326
1293	1353
1294	444
1295	1024
1296	564
1297	331
1298	396
1299	460
1300	261
1301	790
1302	828
1303	865
1304	900
1305	927
1306	288
1307	336
1308	409
1309	1415
1310	1289
1311	559
1312	595
1313	654
1314	683
1315	711
1316	729
1317	774
1318	754
1319	430
1320	471
1321	513
1322	287
1323	351
1324	433
1325	504
1326	568
1327	1684
1328	663
1329	691
1330	735
1331	2329
1332	2271
1333	2201
1334	2127
1335	2907
1336	1411
1337	1388
1338	1351
1339	1314
1340	977
1341	411
1342	481
1343	523
1344	585
1345	614
1346	649
1347	667
1348	727
1349	677
1350	116
1351	192
1352	258
1353	393
1354	451
1355	489
1356	559
1357	596
1358	570
1359	611
1360	712
1361	111
1362	159
1363	236
1364	320
1365	403
1366	480
1367	498
1368	92
1369	168
1370	246
1371	746
1372	797
1373	834
1374	1717
1375	1679
1376	331
1377	719
1378	348
1379	999
1380	1059
1381	1041
1382	1080
1383	678
1384	720
1385	775
1386	819
1387	853
1388	773
1389	679
1390	681
1391	691
1392	735
1393	427
1394	469
1395	502
1396	572
1397	1120
1398	642
1399	669
1400	726
1401	773
1402	828
1403	1418
1404	1409
1405	841
1406	804
1407	821
1408	833
1409	770
1410	174
1411	1454
1412	272
1413	592
1414	649
1415	399
1416	440
1417	515
1418	607
1419	1241
1420	1264
1421	569
1422	608
1423	676
1424	730
1425	755
1426	1469
1427	1457
1428	1470
1429	1451
1430	2100
1431	2770
1432	2644
1433	2478
1434	2317
1435	3265
1436	2873
1437	2950
1438	2564
1439	1282
1440	1521
1441	682
1442	343
1443	404
1444	487
1445	535
1446	580
1447	937
1448	937
1449	877
1450	936
1451	953
1452	950
1453	949
1454	660
1455	1149
1456	1144
1457	1186
1458	1110
1459	720
1460	746
1461	574
1462	1137
1463	733
1464	1232
1465	1225
1466	1148
1467	667
1468	689
1469	287
1470	366
1471	695
1472	428
1473	510
1474	557
1475	570
1476	550
1477	600
1478	649
1479	687
1480	741
1481	789
1482	113
1483	678
1484	709
1485	592
1486	1244
1487	1244
1488	1239
1489	657
1490	717
1491	747
1492	587
1493	631
1494	667
1495	701
1496	354
1497	582
1498	838
1499	424
1500	709
1501	890
1502	898
1503	920
1504	492
1505	544
1506	583
1507	787
1508	829
1509	549
1510	616
1511	504
1512	646
1513	603
1514	226
1515	691
1516	1154
1517	178
1518	244
1519	311
1520	390
1521	406
1522	683
1523	740
1524	794
1525	486
1526	907
1527	450
1528	394
1529	185
1530	827
1531	1620
1532	1594
1533	1901
1534	676
1535	673
1536	748
1537	391
1538	440
1539	482
1540	854
1541	944
1542	969
1543	892
1544	899
1545	837
1546	709
1547	599
1548	639
1549	664
1550	1296
1551	815
1552	486
1553	174
1554	246
1555	321
1556	418
1557	462
1558	941
1559	1225
1560	1239
1561	1114
1562	628
1563	677
1564	705
1565	1427
1566	1275
1567	1451
1568	733
1569	751
1570	746
1571	653
1572	1970
1573	298
1574	467
1575	513
1576	557
1577	609
1578	655
1579	713
1580	940
1581	990
1582	944
1583	717
1584	738
1585	803
1586	124
1587	196
1588	281
1589	1217
1590	1243
1591	903
1592	587
1593	653
1594	687
1595	720
1596	765
1597	785
1598	945
1599	499
1600	600
1601	644
1602	353
1603	402
1604	466
1605	489
1606	874
1607	526
1608	202
1609	270
1610	336
1611	636
1612	657
1613	669
1614	686
1615	369
1616	982
1617	1154
1618	816
1619	174
1620	248
1621	583
1622	509
1623	543
1624	623
1625	493
1626	551
1627	597
1628	671
1629	664
1630	115
1631	188
1632	266
1633	348
1634	846
1635	854
1636	921
1637	676
1638	711
1639	256
1640	317
1641	1094
1642	1103
1643	1260
1644	985
1645	221
1646	287
1647	840
1648	283
1649	349
1650	422
1651	495
1652	564
1653	1885
1654	2424
1655	1552
1656	1274
1657	1257
1658	543
1659	588
1660	1371
1661	584
1662	1239
1663	1244
1664	1031
1665	277
1666	334
1667	211
1668	1119
1669	304
1670	368
1671	1215
1672	1211
1673	441
1674	1150
1675	1107
1676	488
1677	546
1678	598
1679	626
1680	663
1681	769
1682	772
1683	813
1684	836
1685	260
1686	495
1687	340
1688	1091
1689	1111
1690	469
1691	737
1692	767
1693	724
1694	770
1695	918
1696	927
1697	955
1698	1357
1699	926
1700	1699
1701	487
1702	529
1703	580
1704	506
1705	175
1706	263
1707	337
1708	421
1709	827
1710	529
1711	586
1712	633
1713	731
1714	423
1715	481
1716	538
1717	594
1718	1207
1719	1227
1720	1059
1721	1053
1722	1051
1723	427
1724	284
1725	354
1726	386
1727	534
1728	550
1729	634
1730	498
1731	543
1732	606
1733	801
1734	854
1735	655
1736	663
1737	144
1738	461
1739	534
1740	273
1741	337
1742	412
1743	849
1744	818
1745	912
1746	866
1747	628
1748	677
1749	675
1750	776
1751	858
1752	520
1753	521
1754	341
1755	115
1756	959
1757	1347
1758	877
1759	275
1760	312
1761	375
1762	431
1763	476
1764	260
1765	226
1766	317
1767	344
1768	440
1769	509
1770	566
1771	886
1772	579
1773	3254
1774	662
1775	173
1776	288
1777	360
1778	213
1779	285
1780	293
1781	400
1782	395
1783	975
1784	945
1785	250
1786	312
1787	372
1788	1015
1789	667
1790	874
1791	453
1792	497
1793	455
1794	497
1795	546
1796	583
1797	1218
1798	1234
1799	1043
1800	1027
1801	1885
1802	2199
1803	1044
1804	1033
1805	1027
1806	788
1807	804
1808	841
1809	1405
1810	887
1811	799
1812	821
1813	1347
1814	1361
1815	807
1816	838
1817	864
1818	878
1819	885
1820	644
1821	1264
1822	692
1823	1143
1824	866
1825	889
1826	885
1827	750
1828	2151
1829	394
1830	97
1831	227
1832	689
1833	729
1834	786
1835	828
1836	856
1837	1009
1838	417
1839	511
1840	905
1841	500
1842	465
1843	513
1844	552
1845	1176
1846	547
1847	599
1848	472
1849	548
1850	203
1851	268
1852	438
1853	715
1854	667
1855	587
1856	854
1857	768
1858	782
1859	818
1860	837
1861	866
1862	388
1863	971
1864	1079
1865	164
1866	234
1867	308
1868	371
1869	434
1870	476
1871	532
1872	1330
1873	2067
1874	2016
1875	1932
1876	912
1877	700
1878	1019
1879	750
1880	788
1881	1515
1882	882
1883	538
1884	566
1885	617
1886	661
1887	694
1888	725
1889	745
1890	786
1891	826
1892	848
1893	1453
1894	1363
1895	1373
1896	102
1897	123
1898	184
1899	255
1900	314
1901	903
1902	610
1903	575
1904	519
1905	578
1906	636
1907	980
1908	692
1909	1674
1910	1412
1911	1446
1912	1372
1913	1406
1914	1630
1915	1637
1916	1619
1917	703
1918	524
1919	572
1920	1239
1921	581
1922	650
1923	664
1924	1129
1925	1659
1926	429
1927	123
1928	203
1929	423
1930	473
1931	533
1932	599
1933	615
1934	110
1935	189
1936	271
1937	331
1938	496
1939	237
1940	104
1941	370
1942	189
1943	263
1944	710
1945	411
1946	490
1947	550
1948	598
1949	623
1950	647
1951	120
1952	193
1953	267
1954	340
1955	417
1956	679
1957	488
1958	744
1959	781
1960	620
1961	663
1962	711
1963	493
1964	554
1965	591
1966	562
1967	124
1968	195
1969	279
1970	345
1971	802
1972	842
1973	957
1974	984
1975	930
1976	602
1977	663
1978	573
1979	670
1980	347
1981	413
1982	359
1983	822
1984	846
1985	403
1986	505
1987	277
1988	345
1989	398
1990	752
1991	630
1992	697
1993	506
1994	562
1995	603
1996	873
1997	1753
1998	1736
1999	1685
2000	1674
2001	1613
2002	2695
2003	1751
2004	1130
2005	1045
2006	564
2007	578
2008	631
2009	479
2010	101
2011	182
2012	1360
2013	1677
2014	1717
2015	1666
2016	1627
2017	1566
2018	1544
2019	1485
2020	873
2021	307
2022	376
2023	445
2024	1069
2025	977
2026	1417
2027	511
2028	559
2029	612
2030	1593
2031	950
2032	1678
2033	1372
2034	1922
2035	106
2036	428
2037	407
2038	557
2039	496
2040	888
2041	594
2042	621
2043	1166
2044	433
2045	543
2046	529
2047	582
2048	1020
2049	1057
2050	562
2051	649
2052	614
2053	668
2054	689
2055	1067
2056	1084
2057	1101
2058	1119
2059	662
2060	434
2061	501
2062	565
2063	604
2064	239
2065	304
2066	370
2067	563
2068	488
2069	894
2070	929
2071	624
2072	656
2073	773
2074	892
2075	920
2076	897
2077	683
2078	633
2079	1064
2080	1101
2081	1048
2082	1096
2083	1019
2084	308
2085	117
2086	852
2087	507
2088	562
2089	457
2090	532
2091	272
2092	332
2093	392
2094	811
2095	173
2096	242
2097	277
2098	338
2099	401
2100	727
2101	681
2102	755
2103	1364
2104	517
2105	563
2106	597
2107	596
2108	967
2109	135
2110	196
2111	274
2112	759
2113	388
2114	907
2115	929
2116	948
2117	941
2118	963
2119	967
2120	538
2121	594
2122	627
2123	898
2124	1178
2125	506
2126	567
2127	366
2128	659
2129	933
2130	954
2131	932
2132	506
2133	946
2134	984
2135	987
2136	1016
2137	1020
2138	1033
2139	548
2140	118
2141	206
2142	288
2143	481
2144	1207
2145	801
2146	810
2147	1142
2148	662
2149	183
2150	304
2151	524
2152	578
2153	1239
2154	1223
2155	817
2156	844
2157	1322
2158	430
2159	413
2160	504
2161	435
2162	457
2163	511
2164	532
2165	577
2166	616
2167	634
2168	688
2169	676
2170	119
2171	189
2172	592
2173	287
2174	356
2175	443
2176	1320
2177	1280
2178	431
2179	389
2180	453
2181	520
2182	567
2183	625
2184	664
2185	708
2186	631
2187	290
2188	355
2189	418
2190	482
2191	553
2192	606
2193	181
2194	362
2195	413
2196	468
2197	516
2198	563
2199	1030
2200	924
2201	934
2202	875
2203	574
2204	570
2205	622
2206	609
2207	104
2208	700
2209	1359
2210	914
2211	1437
2212	305
2213	365
2214	439
2215	518
2216	579
2217	628
2218	580
2219	637
2220	364
2221	677
2222	425
2223	474
2224	508
2225	328
2226	404
2227	673
2228	590
2229	828
2230	122
2231	179
2232	806
2233	682
2234	1120
2235	1131
2236	964
2237	1154
2238	625
2239	1196
2240	1358
2241	577
2242	633
2243	666
2244	1002
2245	1837
2246	1459
2247	544
2248	711
2249	460
2250	503
2251	550
2252	1237
2253	223
2254	286
2255	361
2256	422
2257	481
2258	533
2259	588
2260	674
2261	651
2262	1421
2263	1416
2264	1395
2265	610
2266	570
2267	568
2268	110
2269	195
2270	271
2271	388
2272	1036
2273	1034
2274	460
2275	953
2276	977
2277	1002
2278	527
2279	574
2280	623
2281	668
2282	1774
2283	1306
2284	1315
2285	1031
2286	267
2287	331
2288	463
2289	520
2290	568
2291	605
2292	684
2293	649
2294	674
2295	124
2296	201
2297	270
2298	361
2299	739
2300	442
2301	552
2302	309
2303	331
2304	453
2305	859
2306	1152
2307	518
2308	525
2309	276
2310	337
2311	396
2312	1085
2313	1129
2314	1111
2315	1126
2316	754
2317	782
2318	756
2319	835
2320	821
2321	790
2322	816
2323	837
2324	862
2325	858
2326	874
2327	540
2328	159
2329	241
2330	320
2331	396
2332	477
2333	696
2334	760
2335	803
2336	845
2337	879
2338	1348
2339	1372
2340	1370
2341	486
2342	526
2343	568
2344	595
2345	636
2346	974
2347	906
2348	981
2349	445
2350	755
2351	510
2352	1259
2353	158
2354	204
2355	233
2356	311
2357	777
2358	807
2359	445
2360	1257
2361	1217
2362	1379
2363	1395
2364	1697
2365	637
2366	684
2367	706
2368	429
2369	472
2370	516
2371	565
2372	1292
2373	1261
2374	268
2375	201
2376	200
2377	269
2378	322
2379	778
2380	815
2381	839
2382	1599
2383	1246
2384	1259
2385	1256
2386	1129
2387	1117
2388	1129
2389	410
2390	453
2391	513
2392	544
2393	612
2394	787
2395	1120
2396	2005
2397	1921
2398	1765
2399	3706
2400	3881
2401	3745
2402	511
2403	474
2404	183
2405	277
2406	439
2407	506
2408	575
2409	623
2410	570
2411	124
2412	192
2413	269
2414	360
2415	407
2416	455
2417	505
2418	768
2419	245
2420	204
2421	276
2422	348
2423	412
2424	469
2425	422
2426	452
2427	494
2428	486
2429	311
2430	377
2431	526
2432	586
2433	619
2434	674
2435	752
2436	1159
2437	1182
2438	551
2439	244
2440	330
2441	395
2442	360
2443	483
2444	538
2445	590
2446	656
2447	582
2448	614
2449	596
2450	656
2451	698
2452	645
2453	783
2454	728
2455	341
2456	408
2457	479
2458	532
2459	560
2460	600
2461	600
2462	950
2463	983
2464	1776
2465	1701
2466	149
2467	218
2468	298
2469	364
2470	436
2471	474
2472	552
2473	620
2474	680
2475	739
2476	785
2477	678
2478	835
2479	1061
2480	522
2481	554
2482	587
2483	628
2484	920
2485	665
2486	688
2487	737
2488	773
2489	889
2490	811
2491	840
2492	697
2493	650
2494	987
2495	949
2496	182
2497	263
2498	339
2499	416
2500	1118
2501	502
2502	558
2503	782
2504	684
2505	470
2506	991
2507	974
2508	501
2509	529
2510	567
2511	608
2512	671
2513	713
2514	743
2515	787
2516	792
2517	820
2518	960
2519	131
2520	192
2521	293
2522	353
2523	445
2524	412
2525	1060
2526	1031
2527	436
2528	107
2529	804
2530	846
2531	249
2532	324
2533	422
2534	475
2535	503
2536	570
2537	755
2538	992
2539	414
2540	458
2541	505
2542	557
2543	597
2544	629
2545	672
2546	975
2547	1001
2548	1024
2549	576
2550	621
2551	611
2552	99
2553	173
2554	831
2555	859
2556	901
2557	358
2558	431
2559	493
2560	546
2561	611
2562	667
2563	699
2564	439
2565	521
2566	137
2567	212
2568	294
2569	352
2570	383
2571	190
2572	376
2573	291
2574	343
2575	405
2576	441
2577	495
2578	291
2579	158
2580	334
2581	657
2582	697
2583	712
2584	329
2585	404
2586	468
2587	526
2588	581
2589	625
2590	645
2591	130
2592	193
2593	420
2594	498
2595	401
2596	480
2597	536
2598	587
2599	1051
2600	641
2601	1146
2602	684
2603	481
2604	132
2605	216
2606	304
2607	367
2608	423
2609	299
2610	2046
2611	2074
2612	913
2613	522
2614	588
2615	625
2616	559
2617	700
2618	759
2619	780
2620	804
2621	843
2622	879
2623	916
2624	857
2625	965
2626	902
2627	912
2628	917
2629	932
2630	944
2631	965
2632	1026
2633	102
2634	195
2635	267
2636	334
2637	408
2638	487
2639	528
2640	586
2641	649
2642	709
2643	753
2644	802
2645	849
2646	859
2647	886
2648	908
2649	930
2650	1017
2651	986
2652	1990
2653	1222
2654	770
2655	1398
2656	1572
2657	1549
2658	1507
2659	1242
2660	1414
2661	1542
2662	244
2663	322
2664	401
2665	469
2666	541
2667	579
2668	639
2669	686
2670	729
2671	1419
2672	1396
2673	1353
2674	1123
2675	1105
2676	976
2677	1084
2678	958
2679	930
2680	375
2681	710
2682	750
2683	778
2684	805
2685	829
2686	1113
2687	1149
2688	1170
2689	1654
2690	370
2691	411
2692	452
2693	493
2694	517
2695	563
2696	613
2697	667
2698	837
2699	208
2700	272
2701	341
2702	411
2703	470
2704	528
2705	586
2706	660
2707	701
2708	752
2709	790
2710	823
2711	847
2712	208
2713	276
2714	344
2715	345
2716	399
2717	465
2718	576
2719	567
2720	635
2721	694
2722	730
2723	801
2724	843
2725	248
2726	678
2727	743
2728	772
2729	395
2730	417
2731	114
2732	229
2733	295
2734	447
2735	262
2736	728
2737	337
2738	192
2739	414
2740	436
2741	531
2742	552
2743	642
2744	753
2745	799
2746	275
2747	334
2748	394
2749	480
2750	541
2751	588
2752	582
2753	699
2754	526
2755	574
2756	621
2757	733
2758	752
2759	782
2760	811
2761	716
2762	707
2763	103
2764	179
2765	277
2766	345
2767	427
2768	490
2769	557
2770	618
2771	676
2772	723
2773	785
2774	819
2775	837
2776	1400
2777	1392
2778	1385
2779	869
2780	898
2781	1268
2782	1426
2783	1391
2784	1466
2785	1372
2786	1413
2787	1379
2788	771
2789	340
2790	365
2791	334
2792	392
2793	452
2794	513
2795	486
2796	536
2797	589
2798	638
2799	674
2800	722
2801	754
2802	788
2803	898
2804	395
2805	782
2806	801
2807	810
2808	140
2809	338
2810	586
2811	511
2812	710
2813	345
2814	1233
2815	762
2816	725
2817	746
2818	760
2819	790
2820	811
2821	1662
2822	1630
2823	1577
2824	778
2825	270
2826	880
2827	882
2828	924
2829	955
2830	919
2831	923
2832	947
2833	492
2834	773
2835	793
2836	847
2837	888
2838	903
2839	913
2840	896
2841	112
2842	183
2843	256
2844	331
2845	401
2846	437
2847	544
2848	595
2849	1060
2850	643
2851	697
2852	747
2853	770
2854	797
2855	221
2856	798
2857	764
2858	150
2859	221
2860	304
2861	360
2862	419
2863	485
2864	1488
2865	1515
2866	563
2867	698
2868	743
2869	687
2870	724
2871	707
2872	105
2873	177
2874	255
2875	328
2876	401
2877	475
2878	541
2879	597
2880	747
2881	691
2882	729
2883	765
2884	828
2885	844
2886	1521
2887	842
2888	862
2889	904
2890	912
2891	908
2892	909
2893	938
2894	935
2895	156
2896	223
2897	172
2898	240
2899	312
2900	389
2901	455
2902	89
2903	157
2904	831
2905	880
2906	352
2907	493
2908	552
2909	791
2910	814
2911	548
2912	599
2913	601
2914	106
2915	138
2916	393
2917	461
2918	291
2919	289
2920	103
2921	397
2922	453
2923	540
2924	561
2925	114
2926	178
2927	1690
2928	1659
2929	1583
2930	1534
2931	103
2932	176
2933	292
2934	292
2935	155
2936	420
2937	203
2938	230
2939	114
2940	240
2941	314
2942	450
2943	224
2944	532
2945	523
2946	264
2947	339
2948	982
2949	1083
2950	387
2951	957
2952	442
2953	492
2954	1029
2955	1031
2956	583
2957	890
2958	106
2959	201
2960	316
2961	367
2962	285
2963	348
2964	410
2965	449
2966	630
2967	673
2968	521
2969	571
2970	1058
2971	1045
2972	920
2973	367
2974	805
2975	745
2976	759
2977	796
2978	831
2979	391
2980	910
2981	817
2982	283
2983	587
2984	640
2985	356
2986	436
2987	936
2988	81
2989	155
2990	278
2991	398
2992	480
2993	318
2994	385
2995	1643
2996	1241
2997	1838
2998	1787
2999	2357
3000	555
3001	492
3002	563
3003	642
3004	961
3005	981
3006	346
3007	418
3008	475
3009	511
3010	570
3011	903
3012	940
3013	617
3014	1218
3015	1149
3016	1245
3017	670
3018	725
3019	2051
3020	103
3021	184
3022	478
3023	542
3024	434
3025	491
3026	993
3027	587
3028	647
3029	665
3030	699
3031	727
3032	754
3033	799
3034	829
3035	849
3036	909
3037	769
3038	233
3039	305
3040	499
3041	626
3042	687
3043	638
3044	683
3045	498
3046	552
3047	394
3048	441
3049	544
3050	583
3051	329
3052	380
3053	445
3054	447
3055	101
3056	181
3057	246
3058	310
3059	1170
3060	1179
3061	333
3062	379
3063	990
3064	1013
3065	974
3066	1003
3067	1006
3068	1023
3069	645
3070	531
3071	589
3072	613
3073	216
3074	276
3075	738
3076	372
3077	448
3078	1351
3079	1109
3080	1124
3081	524
3082	588
3083	625
3084	660
3085	716
3086	745
3087	1510
3088	1514
3089	699
3090	189
3091	271
3092	340
3093	184
3094	256
3095	329
3096	387
3097	917
3098	954
3099	967
3100	488
3101	567
3102	617
3103	632
3104	668
3105	87
3106	175
3107	266
3108	329
3109	387
3110	461
3111	522
3112	589
3113	1122
3114	1214
3115	550
3116	1438
3117	1412
3118	1098
3119	1189
3120	1188
3121	1020
3122	1000
3123	918
3124	951
3125	419
3126	467
3127	855
3128	498
3129	511
3130	115
3131	796
3132	231
3133	311
3134	524
3135	641
3136	696
3137	1107
3138	1143
3139	1147
3140	1843
3141	1676
3142	389
3143	433
3144	465
3145	514
3146	1371
3147	1288
3148	964
3149	478
3150	562
3151	515
3152	559
3153	605
3154	642
3155	696
3156	743
3157	520
3158	192
3159	205
3160	274
3161	351
3162	419
3163	492
3164	559
3165	556
3166	676
3167	637
3168	754
3169	793
3170	1106
3171	1291
3172	1046
3173	1310
3174	1869
3175	456
3176	557
3177	521
3178	531
3179	181
3180	265
3181	525
3182	1189
3183	1185
3184	1001
3185	1195
3186	503
3187	638
3188	680
3189	716
3190	727
3191	768
3192	788
3193	342
3194	580
3195	629
3196	1354
3197	1348
3198	1353
3199	1337
3200	368
3201	603
3202	464
3203	659
3204	288
3205	540
3206	581
3207	628
3208	683
3209	558
3210	595
3211	100
3212	287
3213	359
3214	441
3215	488
3216	556
3217	1138
3218	1116
3219	1034
3220	509
3221	429
3222	546
3223	622
3224	186
3225	267
3226	337
3227	388
3228	453
3229	518
3230	518
3231	92
3232	184
3233	258
3234	328
3235	389
3236	465
3237	532
3238	587
3239	655
3240	698
3241	732
3242	764
3243	836
3244	835
3245	107
3246	183
3247	251
3248	337
3249	399
3250	471
3251	531
3252	586
3253	669
3254	732
3255	780
3256	801
3257	125
3258	202
3259	279
3260	615
3261	667
3262	727
3263	781
3264	814
3265	850
3266	167
3267	251
3268	318
3269	380
3270	410
3271	109
3272	197
3273	278
3274	360
3275	424
3276	493
3277	560
3278	1390
3279	1094
3280	1098
3281	1119
3282	1142
3283	1155
3284	547
3285	577
3286	621
3287	642
3288	680
3289	404
3290	345
3291	427
3292	479
3293	208
3294	1002
3295	719
3296	138
3297	432
3298	497
3299	292
3300	795
3301	836
3302	870
3303	891
3304	666
3305	320
3306	378
3307	445
3308	505
3309	1472
3310	1762
3311	1765
3312	1083
3313	1251
3314	1100
3315	77
3316	1059
3317	1122
3318	775
3319	943
3320	259
3321	319
3322	377
3323	447
3324	497
3325	1175
3326	1184
3327	1170
3328	1168
3329	914
3330	1484
3331	1466
3332	627
3333	419
3334	477
3335	205
3336	433
3337	484
3338	527
3339	583
3340	624
3341	168
3342	232
3343	471
3344	512
3345	582
3346	625
3347	570
3348	623
3349	547
3350	130
3351	188
3352	388
3353	290
3354	1024
3355	1046
3356	1064
3357	1044
3358	474
3359	659
3360	659
3361	703
3362	738
3363	468
3364	530
3365	580
3366	593
3367	629
3368	681
3369	711
3370	110
3371	180
3372	263
3373	398
3374	465
3375	531
3376	530
3377	589
3378	650
3379	636
3380	673
3381	764
3382	798
3383	828
3384	683
3385	714
3386	1065
3387	1204
3388	1517
3389	544
3390	178
3391	385
3392	510
3393	392
3394	468
3395	680
3396	122
3397	194
3398	270
3399	328
3400	411
3401	449
3402	521
3403	577
3404	626
3405	1935
3406	1901
3407	1824
3408	1184
3409	1183
3410	476
3411	525
3412	585
3413	629
3414	219
3415	299
3416	364
3417	437
3418	515
3419	1305
3420	1310
3421	1302
3422	1297
3423	1292
3424	1280
3425	442
3426	480
3427	517
3428	566
3429	599
3430	627
3431	657
3432	694
3433	727
3434	766
3435	820
3436	243
3437	289
3438	723
3439	920
3440	558
3441	205
3442	318
3443	390
3444	452
3445	417
3446	577
3447	620
3448	632
3449	670
3450	707
3451	508
3452	269
3453	347
3454	408
3455	544
3456	657
3457	639
3458	726
3459	941
3460	772
3461	719
3462	755
3463	805
3464	183
3465	238
3466	306
3467	381
3468	445
3469	494
3470	560
3471	615
3472	654
3473	696
3474	696
3475	104
3476	160
3477	238
3478	308
3479	364
3480	459
3481	520
3482	567
3483	605
3484	663
3485	699
3486	450
3487	329
3488	392
3489	850
3490	859
3491	889
3492	907
3493	916
3494	931
3495	936
3496	938
3497	530
3498	569
3499	631
3500	635
3501	715
3502	725
3503	748
3504	784
3505	449
3506	1064
3507	1036
3508	1024
3509	1027
3510	221
3511	508
3512	454
3513	489
3514	793
3515	829
3516	866
3517	883
3518	906
3519	927
3520	945
3521	966
3522	578
3523	364
3524	117
3525	194
3526	1124
3527	1124
3528	1129
3529	1093
3530	1117
3531	1132
3532	1146
3533	681
3534	1370
3535	1355
3536	340
3537	401
3538	494
3539	500
3540	310
3541	286
3542	907
3543	934
3544	812
3545	821
3546	824
3547	832
3548	337
3549	426
3550	98
3551	355
3552	423
3553	408
3554	433
3555	275
3556	359
3557	464
3558	466
3559	521
3560	1150
3561	1157
3562	1381
3563	307
3564	363
3565	426
3566	508
3567	568
3568	435
3569	493
3570	337
3571	640
3572	687
3573	722
3574	433
3575	493
3576	828
3577	862
3578	113
3579	184
3580	241
3581	314
3582	403
3583	452
3584	801
3585	953
3586	964
3587	835
3588	976
3589	986
3590	1177
3591	1164
3592	630
3593	864
3594	105
3595	120
3596	1085
3597	842
3598	898
3599	323
3600	397
3601	209
3602	1111
3603	1151
3604	1170
3605	1175
3606	1129
3607	375
3608	430
3609	985
3610	883
3611	155
3612	239
3613	1105
3614	1120
3615	1180
3616	1174
3617	1170
3618	1161
3619	374
3620	411
3621	447
3622	362
3623	243
3624	830
3625	890
3626	885
3627	903
3628	903
3629	379
3630	389
3631	132
3632	326
3633	824
3634	852
3635	887
3636	900
3637	815
3638	410
3639	415
3640	298
3641	384
3642	519
3643	192
3644	250
3645	898
3646	840
3647	858
3648	874
3649	889
3650	889
3651	898
3652	890
3653	353
3654	415
3655	470
3656	487
3657	207
3658	282
3659	371
3660	751
3661	783
3662	804
3663	1421
3664	1411
3665	1364
3666	904
3667	429
3668	304
3669	524
3670	589
3671	439
3672	493
3673	602
3674	653
3675	730
3676	760
3677	791
3678	816
3679	1134
3680	1160
3681	901
3682	673
3683	704
3684	762
3685	622
3686	524
3687	135
3688	278
3689	358
3690	428
3691	460
3692	515
3693	564
3694	629
3695	652
3696	690
3697	738
3698	761
3699	623
3700	644
3701	1106
3702	1135
3703	1152
3704	475
3705	150
3706	397
3707	460
3708	509
3709	544
3710	109
3711	187
3712	268
3713	356
3714	433
3715	499
3716	386
3717	424
3718	468
3719	303
3720	418
3721	495
3722	549
3723	426
3724	473
3725	128
3726	193
3727	722
3728	468
3729	506
3730	535
3731	585
3732	379
3733	800
3734	817
3735	857
3736	1128
3737	1146
3738	1103
3739	539
3740	200
3741	278
3742	398
3743	395
3744	460
3745	511
3746	554
3747	361
3748	412
3749	481
3750	501
3751	738
3752	1111
3753	972
3754	1148
3755	1030
3756	1194
3757	1186
3758	1200
3759	1185
3760	1154
3761	1155
3762	1082
3763	106
3764	179
3765	251
3766	312
3767	390
3768	453
3769	489
3770	570
3771	642
3772	647
3773	726
3774	755
3775	821
3776	453
3777	465
3778	529
3779	594
3780	657
3781	708
3782	749
3783	987
3784	982
3785	962
3786	964
3787	221
3788	174
3789	249
3790	135
3791	384
3792	234
3793	312
3794	374
3795	429
3796	983
3797	564
3798	624
3799	586
3800	594
3801	117
3802	185
3803	252
3804	616
3805	672
3806	368
3807	531
3808	516
3809	536
3810	293
3811	350
3812	349
3813	406
3814	403
3815	459
3816	519
3817	287
3818	224
3819	291
3820	445
3821	399
3822	565
3823	632
3824	576
3825	773
3826	690
3827	860
3828	753
3829	935
3830	827
3831	981
3832	860
3833	872
3834	790
3835	105
3836	170
3837	240
3838	303
3839	377
3840	487
3841	499
3842	630
3843	693
3844	665
3845	813
3846	760
3847	878
3848	924
3849	825
3850	971
3851	987
3852	571
3853	135
3854	198
3855	319
3856	386
3857	458
3858	506
3859	556
3860	611
3861	565
3862	582
3863	583
3864	259
3865	322
3866	380
3867	408
3868	459
3869	509
3870	556
3871	409
3872	213
3873	515
3874	388
3875	1125
3876	926
3877	1161
3878	683
3879	709
3880	451
3881	439
3882	569
3883	479
3884	501
3885	570
3886	271
3887	229
3888	377
3889	422
3890	473
3891	678
3892	569
3893	611
3894	756
3895	622
3896	457
3897	412
3898	493
3899	200
3900	279
3901	347
3902	408
3903	464
3904	521
3905	571
3906	613
3907	651
3908	692
3909	673
3910	138
3911	211
3912	292
3913	375
3914	430
3915	512
3916	586
3917	646
3918	695
3919	736
3920	419
3921	150
3922	315
3923	293
3924	245
3925	347
3926	405
3927	454
3928	501
3929	549
3930	592
3931	648
3932	678
3933	724
3934	748
3935	1122
3936	885
3937	916
3938	814
3939	968
3940	966
3941	1711
3942	85
3943	166
3944	245
3945	324
3946	735
3947	459
3948	481
3949	551
3950	613
3951	785
3952	678
3953	850
3954	742
3955	804
3956	823
3957	1002
3958	469
3959	967
3960	972
3961	496
3962	328
3963	600
3964	299
3965	484
3966	331
3967	403
3968	466
3969	476
3970	182
3971	557
3972	603
3973	560
3974	279
3975	327
3976	403
3977	524
3978	539
3979	591
3980	752
3981	771
3982	801
3983	689
3984	734
3985	762
3986	811
3987	829
3988	866
3989	847
3990	105
3991	204
3992	278
3993	346
3994	427
3995	478
3996	539
3997	602
3998	651
3999	692
4000	338
4001	634
4002	330
4003	390
4004	554
4005	595
4006	652
4007	675
4008	676
4009	251
4010	323
4011	404
4012	578
4013	622
4014	712
4015	473
4016	134
4017	209
4018	274
4019	359
4020	372
4021	432
4022	477
4023	531
4024	562
4025	594
4026	645
4027	673
4028	117
4029	204
4030	346
4031	395
4032	393
4033	463
4034	511
4035	410
4036	317
4037	496
4038	446
4039	580
4040	363
4041	174
4042	512
4043	601
4044	607
4045	693
4046	83
4047	151
4048	229
4049	433
4050	492
4051	547
4052	592
4053	648
4054	87
4055	166
4056	248
4057	469
4058	572
4059	614
4060	581
4061	694
4062	196
4063	262
4064	352
4065	421
4066	460
4067	548
4068	626
4069	680
4070	545
4071	667
4072	1253
4073	1236
4074	541
4075	108
4076	196
4077	252
4078	311
4079	518
4080	583
4081	614
4082	645
4083	680
4084	720
4085	747
4086	776
4087	820
4088	376
4089	323
4090	429
4091	453
4092	561
4093	536
4094	680
4095	621
4096	727
4097	663
4098	778
4099	700
4100	98
4101	219
4102	218
4103	360
4104	386
4105	534
4106	487
4107	639
4108	572
4109	119
4110	254
4111	323
4112	524
4113	213
4114	282
4115	353
4116	446
4117	525
4118	94
4119	251
4120	327
4121	503
4122	543
4123	520
4124	590
4125	541
4126	587
4127	612
4128	649
4129	540
4130	342
4131	406
4132	454
4133	504
4134	519
4135	722
4136	755
4137	561
4138	617
4139	1051
4140	214
4141	310
4142	357
4143	432
4144	496
4145	523
4146	576
4147	618
4148	611
4149	659
4150	696
4151	699
4152	679
4153	120
4154	190
4155	255
4156	353
4157	416
4158	474
4159	516
4160	558
4161	600
4162	638
4163	657
4164	679
4165	731
4166	674
4167	242
4168	836
4169	1225
4170	348
4171	225
4172	294
4173	373
4174	424
4175	473
4176	518
4177	570
4178	624
4179	708
4180	745
4181	799
4182	838
4183	868
4184	890
4185	931
4186	945
4187	962
4188	599
4189	1013
4190	1007
4191	599
4192	659
4193	691
4194	685
4195	116
4196	1020
4197	1006
4198	1012
4199	1026
4200	1027
4201	1029
4202	1020
4203	1038
4204	380
4205	447
4206	508
4207	547
4208	591
4209	637
4210	685
4211	1596
4212	692
4213	280
4214	351
4215	423
4216	490
4217	525
4218	588
4219	637
4220	682
4221	734
4222	776
4223	805
4224	833
4225	857
4226	887
4227	693
4228	492
4229	554
4230	598
4231	638
4232	689
4233	732
4234	783
4235	817
4236	852
4237	899
4238	916
4239	958
4240	170
4241	245
4242	300
4243	382
4244	459
4245	508
4246	568
4247	608
4248	653
4249	708
4250	764
4251	810
4252	843
4253	852
4254	882
4255	914
4256	926
4257	950
4258	939
4259	971
4260	977
4261	986
4262	977
4263	937
4264	127
4265	218
4266	304
4267	387
4268	451
4269	511
4270	574
4271	642
4272	680
4273	732
4274	766
4275	805
4276	846
4277	885
4278	903
4279	175
4280	285
4281	83
4282	409
4283	207
4284	279
4285	1153
4286	1044
4287	1194
4288	1080
4289	1196
4290	1067
4291	1178
4292	1055
4293	1196
4294	1157
4295	113
4296	173
4297	247
4298	305
4299	388
4300	431
4301	516
4302	559
4303	624
4304	1041
4305	360
4306	422
4307	238
4308	303
4309	384
4310	447
4311	1018
4312	1099
4313	1127
4314	535
4315	585
4316	1068
4317	1085
4318	999
4319	1003
4320	1073
4321	1073
4322	598
4323	635
4324	1034
4325	899
4326	688
4327	940
4328	1517
4329	995
4330	894
4331	934
4332	752
4333	388
4334	590
4335	682
4336	562
4337	209
4338	276
4339	336
4340	404
4341	465
4342	631
4343	678
4344	577
4345	625
4346	664
4347	703
4348	537
4349	601
4350	1157
4351	1418
4352	1413
4353	622
4354	654
4355	688
4356	720
4357	757
4358	367
4359	266
4360	260
4361	987
4362	331
4363	409
4364	477
4365	272
4366	338
4367	399
4368	1763
4369	1732
4370	1708
4371	2023
4372	155
4373	235
4374	302
4375	394
4376	464
4377	522
4378	641
4379	692
4380	726
4381	384
4382	443
4383	493
4384	547
4385	665
4386	730
4387	653
4388	778
4389	700
4390	604
4391	637
4392	417
4393	240
4394	331
4395	246
4396	309
4397	390
4398	723
4399	534
4400	601
4401	611
4402	105
4403	189
4404	254
4405	390
4406	458
4407	1071
4408	530
4409	224
4410	289
4411	362
4412	434
4413	500
4414	552
4415	601
4416	650
4417	702
4418	749
4419	750
4420	514
4421	562
4422	258
4423	330
4424	413
4425	612
4426	637
4427	704
4428	577
4429	639
4430	683
4431	746
4432	104
4433	186
4434	275
4435	366
4436	430
4437	508
4438	569
4439	639
4440	673
4441	702
4442	716
4443	102
4444	168
4445	246
4446	329
4447	416
4448	484
4449	534
4450	592
4451	633
4452	421
4453	206
4454	278
4455	353
4456	481
4457	208
4458	216
4459	144
4460	122
4461	197
4462	977
4463	312
4464	165
4465	234
4466	269
4467	113
4468	176
4469	251
4470	248
4471	323
4472	395
4473	421
4474	113
4475	188
4476	474
4477	208
4478	332
4479	408
4480	390
4481	466
4482	522
4483	579
4484	84
4485	157
4486	251
4487	330
4488	414
4489	485
4490	543
4491	597
4492	192
4493	155
4494	620
4495	121
4496	154
4497	883
4498	315
4499	167
4500	230
4501	288
4502	317
4503	435
4504	147
4505	221
4506	308
4507	381
4508	460
4509	484
4510	117
4511	198
4512	256
4513	342
4514	416
4515	473
4516	97
4517	175
4518	253
4519	319
4520	356
4521	108
4522	191
4523	256
4524	325
4525	453
4526	133
4527	211
4528	288
4529	366
4530	436
4531	553
4532	565
4533	108
4534	166
4535	284
4536	342
4537	405
4538	473
4539	538
4540	69
4541	269
4542	333
4543	614
4544	120
4545	196
4546	269
4547	434
4548	496
4549	556
4550	577
4551	109
4552	265
4553	349
4554	536
4555	608
4556	116
4557	198
4558	281
4559	345
4560	428
4561	479
4562	542
4563	612
4564	669
4565	700
4566	701
4567	114
4568	187
4569	254
4570	331
4571	398
4572	465
4573	526
4574	590
4575	656
4576	727
4577	210
4578	119
4579	198
4580	274
4581	307
4582	119
4583	107
4584	180
4585	215
4586	114
4587	178
4588	236
4589	256
4590	159
4591	111
4592	145
4593	102
4594	195
4595	135
4596	209
4597	148
4598	150
4599	157
4600	228
4601	152
4602	104
4603	113
4604	146
4605	134
4606	91
4607	119
4608	127
4609	122
4610	217
4611	289
4612	106
4613	245
4614	299
4615	150
4616	227
4617	123
4618	170
4619	138
4620	213
4621	121
4622	187
4623	132
4624	140
4625	91
4626	175
4627	114
4628	99
4629	193
4630	253
4631	137
4632	90
4633	158
4634	129
4635	137
4636	204
4637	243
4638	133
4639	106
4640	200
4641	261
4642	139
4643	219
4644	290
4645	356
4646	415
4647	417
4648	119
4649	101
4650	144
4651	96
4652	77
4653	161
4654	232
4655	304
4656	384
4657	458
4658	534
4659	589
4660	608
4661	112
4662	199
4663	266
4664	350
4665	450
4666	511
4667	495
4668	581
4669	98
4670	166
4671	239
4672	314
4673	393
4674	441
4675	514
4676	586
4677	606
4678	647
4679	155
4680	235
4681	305
4682	393
4683	436
4684	501
4685	572
4686	631
4687	71
4688	146
4689	221
4690	290
4691	326
4692	121
4693	194
4694	276
4695	41
4696	39
4697	155
4698	3923
4699	150
4700	292
4701	964
4702	1018
4703	204
4704	1001
4705	134
4706	216
4707	334
4708	414
4709	2185
4710	601
4711	1629
4712	1597
4713	1106
4714	2511
4715	3086
4716	4506
4717	2465
4718	2321
4719	2204
4720	629
4721	655
4722	747
4723	1330
4724	1427
4725	673
4726	351
4727	315
4728	393
4729	450
4730	511
4731	581
4732	648
4733	890
4734	489
4735	147
4736	225
4737	2253
4738	992
4739	2056
4740	2676
4741	4341
4742	4334
4743	4817
4744	4511
4745	4581
4746	4222
4747	3797
4748	895
4749	942
4750	639
4751	698
4752	777
4753	826
4754	227
4755	414
4756	653
4757	1144
4758	1616
4759	603
4760	526
4761	575
4762	421
4763	473
4764	814
4765	1117
4766	1114
4767	2246
4768	1619
4769	2330
4770	1022
4771	823
4772	850
4773	792
4774	828
4775	856
4776	339
4777	419
4778	294
4779	349
4780	1704
4781	1446
4782	1472
4783	152
4784	228
4785	296
4786	383
4787	450
4788	838
4789	647
4790	697
4791	731
4792	673
4793	722
4794	674
4795	723
4796	755
4797	164
4798	212
4799	107
4800	401
4801	203
4802	184
4803	1377
4804	1372
4805	406
4806	1242
4807	1302
4808	2066
4809	2044
4810	2131
4811	2062
4812	3015
4813	2405
4814	2416
4815	2303
4816	1885
4817	1929
4818	1989
4819	2059
4820	2112
4821	1679
4822	1630
4823	117
4824	90
4825	180
4826	257
4827	346
4828	955
4829	1002
4830	1041
4831	1087
4832	1099
4833	1121
4834	1151
4835	1151
4836	1141
4837	1142
4838	1141
4839	659
4840	679
4841	1505
4842	1444
4843	202
4844	1117
4845	1124
4846	2636
4847	1619
4848	906
4849	983
4850	206
4851	1516
4852	1475
4853	655
4854	1256
4855	809
4856	821
4857	1264
4858	1231
4859	952
4860	1033
4861	1580
4862	1247
4863	1241
4864	1249
4865	1254
4866	1259
4867	860
4868	1050
4869	1074
4870	1011
4871	1116
4872	1119
4873	1472
4874	1472
4875	1459
4876	1430
4877	1400
4878	944
4879	1023
4880	1025
4881	1012
4882	857
4883	1006
4884	1041
4885	992
4886	402
4887	447
4888	493
4889	544
4890	1087
4891	1100
4892	618
4893	699
4894	1205
4895	1198
4896	1201
4897	514
4898	567
4899	605
4900	572
4901	805
4902	825
4903	836
4904	833
4905	819
4906	1241
4907	903
4908	701
4909	721
4910	176
4911	909
4912	924
4913	840
4914	956
4915	984
4916	1356
4917	1619
4918	1620
4919	1154
4920	129
4921	233
4922	784
4923	851
4924	870
4925	920
4926	948
4927	1400
4928	1365
4929	287
4930	346
4931	409
4932	380
4933	425
4934	544
4935	192
4936	574
4937	639
4938	382
4939	851
4940	939
4941	1446
4942	1949
4943	439
4944	121
4945	191
4946	1434
4947	1068
4948	1130
4949	1592
4950	816
4951	826
4952	843
4953	842
4954	890
4955	899
4956	895
4957	913
4958	938
4959	948
4960	181
4961	250
4962	324
4963	372
4964	424
4965	493
4966	1736
4967	2369
4968	106
4969	179
4970	266
4971	346
4972	407
4973	866
4974	304
4975	368
4976	1209
4977	1212
4978	908
4979	105
4980	192
4981	174
4982	592
4983	814
4984	851
4985	863
4986	891
4987	458
4988	660
4989	724
4990	184
4991	262
4992	336
4993	1464
4994	1311
4995	1109
4996	1791
4997	424
4998	1075
4999	1105
5000	1129
5001	1054
5002	742
5003	799
5004	541
5005	1425
5006	1862
5007	1134
5008	1922
5009	113
5010	198
5011	272
5012	1102
5013	1122
5014	1137
5015	349
5016	416
5017	1002
5018	458
5019	524
5020	1377
5021	1363
5022	549
5023	1857
5024	1787
5025	2297
5026	2187
5027	5491
5028	5104
5029	4712
5030	2527
5031	2089
5032	2255
5033	1172
5034	291
5035	612
5036	907
5037	375
5038	422
5039	403
5040	1902
5041	1856
5042	384
5043	436
5044	1701
5045	1703
5046	1712
5047	2331
5048	1898
5049	1855
5050	2053
5051	1713
5052	333
5053	2310
5054	2177
5055	2066
5056	199
5057	267
5058	380
5059	453
5060	664
5061	909
5062	2212
5063	1806
5064	1818
5065	128
5066	241
5067	448
5068	355
5069	425
5070	520
5071	917
5072	918
5073	792
5074	227
5075	550
5076	605
5077	668
5078	1269
5079	1300
5080	1319
5081	733
5082	765
5083	793
5084	810
5085	845
5086	487
5087	498
5088	890
5089	814
5090	214
5091	2209
5092	1110
5093	1338
5094	686
5095	715
5096	771
5097	1283
5098	1046
5099	1285
5100	416
5101	542
5102	484
5103	523
5104	1595
5105	1530
5106	2041
5107	1078
5108	1360
5109	1475
5110	1042
5111	946
5112	413
5113	474
5114	518
5115	576
5116	614
5117	663
5118	704
5119	739
5120	785
5121	788
5122	824
5123	372
5124	990
5125	1023
5126	2373
5127	3563
5128	3108
5129	3505
5130	2970
5131	489
5132	182
5133	246
5134	314
5135	390
5136	446
5137	487
5138	1053
5139	294
5140	136
5141	225
5142	302
5143	297
5144	78
5145	141
5146	252
5147	753
5148	403
5149	270
5150	545
5151	588
5152	634
5153	678
5154	724
5155	492
5156	442
5157	249
5158	517
5159	536
5160	561
5161	149
5162	105
5163	169
5164	591
5165	644
5166	2617
5167	359
5168	351
5169	922
5170	947
5171	1176
5172	2083
5173	1415
5174	1415
5175	3789
5176	707
5177	716
5178	747
5179	555
5180	630
5181	765
5182	813
5183	2465
5184	1860
5185	1094
5186	706
5187	237
5188	105
5189	570
5190	1175
5191	5720
5192	7124
5193	6621
5194	5502
5195	944
5196	1314
5197	1066
5198	1073
5199	296
5200	368
5201	729
5202	285
5203	684
5204	819
5205	365
5206	868
5207	843
5208	504
5209	576
5210	1216
5211	1242
5212	2231
5213	1589
5214	288
5215	357
5216	427
5217	1049
5218	260
5219	436
5220	486
5221	548
5222	595
5223	484
5224	538
5225	686
5226	403
5227	454
5228	399
5229	452
5230	1151
5231	1181
5232	1198
5233	1211
5234	1678
5235	1607
5236	1798
5237	1663
5238	1612
5239	2739
5240	146
5241	210
5242	403
5243	411
5244	486
5245	301
5246	362
5247	436
5248	1072
5249	1075
5250	1113
5251	1597
5252	1625
5253	1543
5254	1547
5255	1394
5256	1160
5257	1217
5258	573
5259	625
5260	1075
5261	1010
5262	1179
5263	162
5264	2002
5265	2093
5266	1850
5267	1811
5268	1773
5269	1727
5270	1689
5271	1786
5272	1353
5273	1307
5274	536
5275	573
5276	610
5277	2287
5278	1440
5279	2648
5280	1292
5281	303
5282	1053
5283	1016
5284	284
5285	2080
5286	445
5287	497
5288	334
5289	392
5290	814
5291	331
5292	565
5293	2648
5294	2797
5295	2668
5296	2566
5297	2303
5298	3225
5299	2548
5300	3036
5301	2790
5302	2929
5303	11696
5304	10427
5305	1855
5306	62
5307	395
5308	454
5309	1321
5310	1395
5311	1496
5312	420
5313	614
5314	654
5315	707
5316	1532
5317	1414
5318	1385
5319	323
5320	1147
5321	1163
5322	1146
5323	938
5324	953
5325	946
5326	933
5327	2312
5328	827
5329	215
5330	215
5331	314
5332	396
5333	416
5334	466
5335	509
5336	596
5337	622
5338	1108
5339	1133
5340	1174
5341	402
5342	408
5343	716
5344	962
5345	1179
5346	98
5347	1080
5348	1081
5349	1031
5350	523
5351	1059
5352	574
5353	640
5354	682
5355	425
5356	1083
5357	465
5358	525
5359	581
5360	635
5361	1747
5362	1703
5363	1681
5364	1620
5365	1591
5366	1641
5367	1584
5368	3415
5369	2930
5370	2752
5371	2304
5372	2464
5373	2243
5374	1893
5375	2256
5376	2111
5377	2536
5378	525
5379	73
5380	153
5381	240
5382	323
5383	473
5384	624
5385	1101
5386	991
5387	1005
5388	747
5389	788
5390	892
5391	911
5392	2259
5393	467
5394	513
5395	1474
5396	2047
5397	1943
5398	1913
5399	576
5400	613
5401	659
5402	154
5403	235
5404	311
5405	392
5406	436
5407	505
5408	580
5409	650
5410	1374
5411	731
5412	289
5413	357
5414	198
5415	274
5416	1537
5417	1537
5418	787
5419	137
5420	209
5421	271
5422	2290
5423	820
5424	864
5425	688
5426	722
5427	768
5428	1120
5429	2520
5430	2443
5431	2279
5432	661
5433	464
5434	505
5435	552
5436	2920
5437	86
5438	173
5439	678
5440	347
5441	420
5442	473
5443	855
5444	913
5445	965
5446	1048
5447	1074
5448	1078
5449	1297
5450	1298
5451	758
5452	1249
5453	1224
5454	1826
5455	1160
5456	610
5457	1834
5458	682
5459	1697
5460	506
5461	740
5462	471
5463	485
5464	523
5465	431
5466	478
5467	550
5468	609
5469	1107
5470	531
5471	1651
5472	642
5473	1035
5474	377
5475	1930
5476	1470
5477	885
5478	1419
5479	1342
5480	1305
5481	1293
5482	1249
5483	520
5484	544
5485	561
5486	1861
5487	1495
5488	1424
5489	1352
5490	481
5491	540
5492	588
5493	639
5494	687
5495	739
5496	741
5497	1702
5498	590
5499	1192
5500	1177
5501	1078
5502	632
5503	1498
5504	709
5505	222
5506	484
5507	862
5508	751
5509	791
5510	1509
5511	1151
5512	1157
5513	1209
5514	553
5515	510
5516	550
5517	619
5518	634
5519	126
5520	193
5521	273
5522	1076
5523	1383
5524	1313
5525	1374
5526	1561
5527	1584
5528	2436
5529	2882
5530	3109
5531	2384
5532	2319
5533	3009
5534	2813
5535	1944
5536	3302
5537	1987
5538	1856
5539	1725
5540	1626
5541	1519
5542	1410
5543	474
5544	542
5545	576
5546	1054
5547	997
5548	385
5549	1342
5550	1372
5551	442
5552	1092
5553	1152
5554	1139
5555	1104
5556	668
5557	693
5558	868
5559	875
5560	1008
5561	1034
5562	1058
5563	631
5564	646
5565	703
5566	109
5567	188
5568	1054
5569	245
5570	311
5571	341
5572	799
5573	115
5574	184
5575	250
5576	512
5577	577
5578	628
5579	716
5580	764
5581	838
5582	728
5583	777
5584	252
5585	329
5586	765
5587	684
5588	1058
5589	737
5590	528
5591	1963
5592	1618
5593	527
5594	785
5595	824
5596	1390
5597	858
5598	895
5599	816
5600	839
5601	862
5602	235
5603	1515
5604	1501
5605	1487
5606	934
5607	948
5608	931
5609	977
5610	964
5611	777
5612	644
5613	1300
5614	979
5615	1013
5616	1035
5617	1347
5618	1352
5619	504
5620	334
5621	392
5622	450
5623	853
5624	521
5625	891
5626	583
5627	917
5628	800
5629	678
5630	650
5631	712
5632	670
5633	707
5634	1070
5635	2533
5636	1217
5637	3661
5638	188
5639	322
5640	350
5641	434
5642	493
5643	1156
5644	1146
5645	1116
5646	206
5647	882
5648	992
5649	659
5650	430
5651	964
5652	908
5653	1725
5654	114
5655	734
5656	791
5657	1124
5658	801
5659	830
5660	975
5661	1257
5662	2335
5663	1787
5664	1354
5665	252
5666	317
5667	247
5668	452
5669	525
5670	570
5671	607
5672	323
5673	412
5674	830
5675	646
5676	686
5677	717
5678	1442
5679	1901
5680	1611
5681	1411
5682	1098
5683	1704
5684	513
5685	1363
5686	518
5687	734
5688	1287
5689	651
5690	688
5691	705
5692	1157
5693	1176
5694	1226
5695	2515
5696	968
5697	1467
5698	788
5699	803
5700	827
5701	93
5702	1090
5703	2048
5704	2044
5705	1982
5706	1939
5707	1845
5708	1585
5709	1555
5710	1529
5711	1496
5712	1480
5713	1469
5714	1425
5715	1389
5716	1368
5717	6853
5718	6805
5719	6576
5720	89
5721	167
5722	247
5723	320
5724	396
5725	463
5726	535
5727	492
5728	552
5729	618
5730	667
5731	938
5732	964
5733	969
5734	970
5735	701
5736	737
5737	1360
5738	1350
5739	1622
5740	1552
5741	716
5742	1892
5743	1258
5744	2772
5745	1071
5746	1195
5747	755
5748	778
5749	798
5750	826
5751	844
5752	856
5753	860
5754	873
5755	892
5756	635
5757	663
5758	397
5759	450
5760	509
5761	1147
5762	272
5763	102
5764	183
5765	257
5766	553
5767	613
5768	1175
5769	1205
5770	1239
5771	1248
5772	1271
5773	1275
5774	1285
5775	1255
5776	1239
5777	1203
5778	1510
5779	1485
5780	1445
5781	2314
5782	2945
5783	351
5784	395
5785	454
5786	510
5787	546
5788	487
5789	552
5790	589
5791	1136
5792	1136
5793	1135
5794	621
5795	683
5796	702
5797	739
5798	660
5799	682
5800	715
5801	750
5802	795
5803	668
5804	139
5805	202
5806	282
5807	855
5808	955
5809	1561
5810	1656
5811	1781
5812	1244
5813	748
5814	357
5815	414
5816	280
5817	368
5818	429
5819	482
5820	530
5821	885
5822	1014
5823	1043
5824	1145
5825	1134
5826	1142
5827	1131
5828	1455
5829	1418
5830	771
5831	824
5832	841
5833	866
5834	877
5835	869
5836	858
5837	857
5838	838
5839	835
5840	824
5841	815
5842	813
5843	295
5844	379
5845	1217
5846	1375
5847	1237
5848	567
5849	636
5850	683
5851	713
5852	738
5853	782
5854	815
5855	1735
5856	1732
5857	1695
5858	1195
5859	1197
5860	1173
5861	1099
5862	1120
5863	701
5864	430
5865	474
5866	785
5867	800
5868	807
5869	1303
5870	1324
5871	1678
5872	1666
5873	1199
5874	830
5875	3464
5876	3297
5877	3141
5878	399
5879	2066
5880	1989
5881	1902
5882	1813
5883	545
5884	593
5885	644
5886	702
5887	741
5888	1250
5889	2282
5890	2184
5891	778
5892	806
5893	719
5894	696
5895	78
5896	131
5897	182
5898	234
5899	1432
5900	1185
5901	333
5902	354
5903	356
5904	368
5905	370
5906	368
5907	1396
5908	1140
5909	1190
5910	721
5911	122
5912	201
5913	709
5914	754
5915	473
5916	534
5917	420
5918	488
5919	1010
5920	1539
5921	1553
5922	1546
5923	1517
5924	1013
5925	1702
5926	1702
5927	1260
5928	1148
5929	1147
5930	1092
5931	541
5932	752
5933	1450
5934	1435
5935	1412
5936	1079
5937	900
5938	79
5939	521
5940	1305
5941	1309
5942	1296
5943	1998
5944	859
5945	907
5946	933
5947	1288
5948	1300
5949	2128
5950	4019
5951	3828
5952	510
5953	720
5954	750
5955	802
5956	843
5957	727
5958	555
5959	604
5960	1713
5961	1384
5962	1377
5963	112
5964	186
5965	264
5966	334
5967	415
5968	3748
5969	3882
5970	359
5971	415
5972	489
5973	551
5974	597
5975	665
5976	146
5977	230
5978	299
5979	379
5980	463
5981	533
5982	592
5983	667
5984	705
5985	863
5986	889
5987	899
5988	935
5989	1344
5990	406
5991	453
5992	745
5993	700
5994	667
5995	754
5996	636
5997	446
5998	475
5999	2473
6000	1401
6001	1403
6002	1379
6003	783
6004	803
6005	844
6006	874
6007	1963
6008	1930
6009	2545
6010	3166
6011	464
6012	1305
6013	787
6014	793
6015	622
6016	392
6017	461
6018	535
6019	1060
6020	685
6021	735
6022	754
6023	692
6024	741
6025	1540
6026	1521
6027	3857
6028	89
6029	1167
6030	648
6031	848
6032	888
6033	840
6034	955
6035	475
6036	206
6037	278
6038	315
6039	463
6040	513
6041	542
6042	219
6043	353
6044	189
6045	266
6046	1398
6047	1361
6048	325
6049	464
6050	430
6051	90
6052	163
6053	250
6054	753
6055	340
6056	838
6057	849
6058	1357
6059	324
6060	378
6061	426
6062	619
6063	655
6064	944
6065	967
6066	1331
6067	1212
6068	1167
6069	1336
6070	63
6071	135
6072	224
6073	294
6074	366
6075	442
6076	511
6077	573
6078	619
6079	1414
6080	847
6081	879
6082	979
6083	1076
6084	1633
6085	1112
6086	367
6087	418
6088	465
6089	516
6090	552
6091	598
6092	629
6093	682
6094	726
6095	763
6096	809
6097	96
6098	173
6099	259
6100	337
6101	420
6102	494
6103	574
6104	794
6105	824
6106	630
6107	1101
6108	928
6109	808
6110	1080
6111	778
6112	130
6113	480
6114	529
6115	579
6116	1067
6117	289
6118	354
6119	406
6120	465
6121	523
6122	589
6123	594
6124	648
6125	716
6126	770
6127	634
6128	550
6129	1875
6130	1835
6131	481
6132	550
6133	514
6134	568
6135	416
6136	480
6137	537
6138	585
6139	591
6140	235
6141	263
6142	356
6143	211
6144	321
6145	384
6146	472
6147	178
6148	241
6149	302
6150	206
6151	273
6152	363
6153	418
6154	492
6155	1158
6156	540
6157	1629
6158	201
6159	390
6160	1731
6161	1660
6162	256
6163	315
6164	375
6165	282
6166	345
6167	409
6168	807
6169	838
6170	845
6171	870
6172	896
6173	377
6174	972
6175	987
6176	1677
6177	1317
6178	224
6179	280
6180	541
6181	597
6182	647
6183	702
6184	761
6185	727
6186	108
6187	181
6188	249
6189	317
6190	392
6191	444
6192	519
6193	583
6194	630
6195	414
6196	204
6197	257
6198	324
6199	344
6200	102
6201	174
6202	257
6203	993
6204	219
6205	283
6206	341
6207	427
6208	490
6209	547
6210	610
6211	682
6212	732
6213	160
6214	232
6215	299
6216	364
6217	128
6218	382
6219	443
6220	513
6221	565
6222	635
6223	685
6224	725
6225	663
6226	721
6227	758
6228	103
6229	123
6230	191
6231	432
6232	303
6233	392
6234	416
6235	109
6236	171
6237	289
6238	356
6239	421
6240	428
6241	483
6242	535
6243	1512
6244	431
6245	492
6246	546
6247	549
6248	815
6249	369
6250	411
6251	1126
6252	220
6253	303
6254	379
6255	453
6256	512
6257	571
6258	649
6259	708
6260	1592
6261	448
6262	2095
6263	130
6264	146
6265	232
6266	306
6267	365
6268	428
6269	469
6270	542
6271	610
6272	683
6273	738
6274	788
6275	922
6276	296
6277	365
6278	391
6279	113
6280	229
6281	302
6282	380
6283	447
6284	505
6285	572
6286	635
6287	695
6288	737
6289	778
6290	829
6291	848
6292	825
6293	871
6294	885
6295	884
6296	887
6297	909
6298	982
6299	992
6300	699
6301	746
6302	783
6303	825
6304	220
6305	290
6306	347
6307	409
6308	276
6309	351
6310	405
6311	462
6312	516
6313	578
6314	641
6315	699
6316	733
6317	776
6318	807
6319	816
6320	229
6321	173
6322	247
6323	313
6324	377
6325	447
6326	511
6327	576
6328	625
6329	664
6330	728
6331	772
6332	818
6333	849
6334	873
6335	191
6336	272
6337	329
6338	116
6339	190
6340	616
6341	495
6342	448
6343	294
6344	587
6345	415
6346	1213
6347	375
6348	1293
6349	1277
6350	1257
6351	1240
6352	1223
6353	1200
6354	1188
6355	821
6356	845
6357	836
6358	1071
6359	1084
6360	1055
6361	847
6362	999
6363	918
6364	123
6365	195
6366	419
6367	483
6368	545
6369	611
6370	681
6371	717
6372	769
6373	114
6374	1057
6375	1052
6376	182
6377	1466
6378	621
6379	1490
6380	276
6381	312
6382	75
6383	1803
6384	262
6385	170
6386	370
6387	309
6388	586
6389	664
6390	451
6391	509
6392	932
6393	937
6394	696
6395	742
6396	789
6397	789
6398	820
6399	883
6400	900
6401	988
6402	1863
6403	934
6404	950
6405	958
6406	961
6407	1073
6408	1142
6409	804
6410	836
6411	857
6412	918
6413	918
6414	753
6415	789
6416	827
6417	845
6418	1195
6419	1201
6420	1219
6421	1119
6422	879
6423	777
6424	1114
6425	1101
6426	1086
6427	750
6428	702
6429	709
6430	2041
6431	612
6432	1926
6433	615
6434	87
6435	159
6436	233
6437	307
6438	382
6439	456
6440	499
6441	565
6442	175
6443	268
6444	326
6445	391
6446	453
6447	508
6448	576
6449	622
6450	592
6451	63
6452	132
6453	199
6454	267
6455	323
6456	396
6457	465
6458	542
6459	602
6460	662
6461	718
6462	741
6463	789
6464	824
6465	863
6466	938
6467	951
6468	965
6469	979
6470	1256
6471	865
6472	835
6473	121
6474	208
6475	306
6476	216
6477	288
6478	369
6479	421
6480	503
6481	561
6482	620
6483	688
6484	726
6485	760
6486	785
6487	807
6488	849
6489	882
6490	907
6491	900
6492	233
6493	231
6494	1513
6495	1336
6496	1628
6497	949
6498	117
6499	643
6500	1243
6501	794
6502	628
6503	690
6504	742
6505	398
6506	346
6507	428
6508	502
6509	477
6510	68
6511	138
6512	210
6513	798
6514	847
6515	905
6516	1217
6517	1074
6518	1066
6519	615
6520	249
6521	240
6522	518
6523	1571
6524	1162
6525	1164
6526	112
6527	257
6528	316
6529	401
6530	472
6531	457
6532	1108
6533	708
6534	776
6535	759
6536	466
6537	499
6538	484
6539	548
6540	1053
6541	1057
6542	1009
6543	413
6544	476
6545	1556
6546	1704
6547	1467
6548	2111
6549	2018
6550	1157
6551	1138
6552	1576
6553	1543
6554	1499
6555	1454
6556	1411
6557	1277
6558	1258
6559	328
6560	783
6561	133
6562	192
6563	258
6564	346
6565	1106
6566	671
6567	708
6568	739
6569	738
6570	116
6571	193
6572	254
6573	335
6574	422
6575	509
6576	576
6577	609
6578	137
6579	264
6580	783
6581	137
6582	203
6583	282
6584	373
6585	1768
6586	2206
6587	1709
6588	1333
6589	1760
6590	1701
6591	1954
6592	495
6593	781
6594	845
6595	205
6596	270
6597	352
6598	416
6599	814
6600	191
6601	270
6602	351
6603	425
6604	486
6605	540
6606	600
6607	662
6608	703
6609	881
6610	897
6611	764
6612	502
6613	437
6614	502
6615	566
6616	1495
6617	1458
6618	1450
6619	1435
6620	1392
6621	1345
6622	1329
6623	1313
6624	1272
6625	955
6626	103
6627	174
6628	263
6629	336
6630	405
6631	475
6632	544
6633	947
6634	962
6635	958
6636	970
6637	968
6638	1491
6639	701
6640	692
6641	726
6642	741
6643	140
6644	222
6645	284
6646	488
6647	1675
6648	505
6649	537
6650	575
6651	615
6652	852
6653	864
6654	897
6655	917
6656	935
6657	939
6658	959
6659	983
6660	310
6661	381
6662	443
6663	422
6664	487
6665	530
6666	144
6667	195
6668	406
6669	294
6670	541
6671	598
6672	648
6673	704
6674	414
6675	466
6676	438
6677	229
6678	298
6679	870
6680	884
6681	919
6682	724
6683	400
6684	204
6685	105
6686	162
6687	1392
6688	536
6689	553
6690	748
6691	784
6692	909
6693	906
6694	421
6695	433
6696	1988
6697	1942
6698	1891
6699	988
6700	1313
6701	857
6702	1034
6703	1806
6704	1717
6705	570
6706	109
6707	187
6708	242
6709	535
6710	516
6711	914
6712	675
6713	993
6714	323
6715	1000
6716	384
6717	377
6718	371
6719	68
6720	135
6721	381
6722	715
6723	1686
6724	1628
6725	396
6726	445
6727	510
6728	549
6729	1751
6730	1750
6731	129
6732	202
6733	265
6734	142
6735	214
6736	283
6737	353
6738	140
6739	1288
6740	777
6741	814
6742	843
6743	893
6744	915
6745	222
6746	304
6747	389
6748	451
6749	519
6750	212
6751	606
6752	676
6753	717
6754	753
6755	794
6756	831
6757	863
6758	892
6759	603
6760	658
6761	706
6762	776
6763	811
6764	848
6765	898
6766	909
6767	945
6768	967
6769	974
6770	984
6771	982
6772	993
6773	989
6774	1016
6775	1017
6776	913
6777	2955
6778	2827
6779	2740
6780	2616
6781	2483
6782	754
6783	405
6784	444
6785	498
6786	489
6787	257
6788	399
6789	395
6790	355
6791	201
6792	267
6793	360
6794	434
6795	486
6796	541
6797	1190
6798	371
6799	433
6800	888
6801	922
6802	157
6803	224
6804	445
6805	661
6806	750
6807	1676
6808	1657
6809	1412
6810	1414
6811	1379
6812	811
6813	1500
6814	1493
6815	270
6816	316
6817	443
6818	911
6819	324
6820	394
6821	848
6822	742
6823	105
6824	187
6825	1189
6826	294
6827	391
6828	429
6829	443
6830	850
6831	886
6832	940
6833	779
6834	814
6835	616
6836	1047
6837	327
6838	386
6839	3487
6840	3297
6841	1779
6842	998
6843	642
6844	342
6845	424
6846	493
6847	651
6848	824
6849	1402
6850	869
6851	1479
6852	907
6853	945
6854	962
6855	1543
6856	1498
6857	1344
6858	1436
6859	1401
6860	1240
6861	550
6862	581
6863	634
6864	306
6865	1126
6866	461
6867	531
6868	627
6869	815
6870	1246
6871	911
6872	929
6873	936
6874	1701
6875	142
6876	756
6877	256
6878	312
6879	850
6880	531
6881	563
6882	624
6883	354
6884	405
6885	409
6886	457
6887	508
6888	545
6889	650
6890	672
6891	699
6892	741
6893	781
6894	812
6895	847
6896	258
6897	334
6898	396
6899	462
6900	602
6901	653
6902	697
6903	843
6904	1450
6905	1398
6906	166
6907	298
6908	371
6909	432
6910	579
6911	637
6912	686
6913	632
6914	664
6915	601
6916	654
6917	684
6918	717
6919	125
6920	198
6921	275
6922	346
6923	423
6924	488
6925	480
6926	527
6927	554
6928	698
6929	738
6930	750
6931	809
6932	125
6933	207
6934	272
6935	335
6936	394
6937	468
6938	761
6939	806
6940	840
6941	872
6942	915
6943	940
6944	938
6945	869
6946	434
6947	435
6948	959
6949	154
6950	1582
6951	644
6952	707
6953	725
6954	681
6955	305
6956	1598
6957	1546
6958	363
6959	308
6960	351
6961	385
6962	418
6963	433
6964	453
6965	469
6966	580
6967	637
6968	691
6969	264
6970	316
6971	371
6972	401
6973	429
6974	465
6975	503
6976	973
6977	515
6978	999
6979	501
6980	585
6981	594
6982	972
6983	979
6984	495
6985	677
6986	719
6987	757
6988	100
6989	171
6990	235
6991	110
6992	208
6993	136
6994	202
6995	113
6996	173
6997	668
6998	777
6999	389
7000	242
7001	438
7002	511
7003	542
7004	618
7005	687
7006	840
7007	852
7008	403
7009	454
7010	487
7011	533
7012	549
7013	571
7014	1056
7015	1061
7016	1066
7017	596
7018	954
7019	762
7020	886
7021	758
7022	486
7023	546
7024	575
7025	610
7026	653
7027	715
7028	764
7029	2138
7030	2084
7031	929
7032	519
7033	536
7034	1243
7035	602
7036	1148
7037	1425
7038	1390
7039	1701
7040	1393
7041	602
7042	677
7043	608
7044	534
7045	919
7046	394
7047	677
7048	335
7049	649
7050	369
7051	387
7052	401
7053	26
7054	126
7055	190
7056	275
7057	351
7058	1207
7059	1163
7060	1150
7061	555
7062	558
7063	799
7064	102
7065	35
7066	754
7067	50
7068	68
7069	78
7070	85
7071	87
7072	79
7073	62
7074	48
7075	78
7076	120
7077	199
7078	230
7079	309
7080	380
7081	440
7082	517
7083	587
7084	651
7085	733
7086	761
7087	142
7088	NaN
7089	NaN
7090	74
7091	160
7092	51
7093	168
7094	231
7095	303
7096	494
7097	110
7098	187
7099	257
7100	189
7101	265
7102	409
7103	474
7104	629
7105	1071
7106	797
7107	165
7108	786
7109	833
7110	285
7111	535
7112	663
7113	192
7114	340
7115	363
7116	360
7117	436
7118	492
7119	537
7120	605
7121	652
7122	696
7123	771
7124	793
7125	815
7126	858
7127	860
7128	903
7129	908
7130	926
7131	940
7132	941
7133	962
7134	991
7135	1366
7136	1650
7137	600
7138	635
7139	676
7140	720
7141	764
7142	795
7143	806
7144	512
7145	1657
7146	1647
7147	1670
7148	1669
7149	1678
7150	1679
7151	1149
7152	774
7153	806
7154	833
7155	841
7156	865
7157	2299
7158	2226
7159	827
7160	764
7161	1237
7162	548
7163	678
7164	755
7165	690
7166	748
7167	793
7168	831
7169	800
7170	681
7171	877
7172	531
7173	1000
7174	1239
7175	1038
7176	613
7177	1135
7178	408
7179	894
7180	111
7181	415
7182	75
7183	115
7184	125
7185	201
7186	302
7187	371
7188	435
7189	544
7190	1455
7191	737
7192	577
7193	624
7194	657
7195	1498
7196	960
7197	963
7198	980
7199	1406
7200	1353
7201	497
7202	532
7203	592
7204	221
7205	293
7206	373
7207	705
7208	379
7209	951
7210	61
7211	193
7212	1007
7213	1091
7214	233
7215	340
7216	421
7217	429
7218	475
7219	543
7220	582
7221	579
7222	766
7223	622
7224	179
7225	242
7226	944
7227	1171
7228	565
7229	1232
7230	655
7231	749
7232	280
7233	133
7234	604
7235	243
7236	767
7237	762
7238	178
7239	266
7240	888
7241	906
7242	904
7243	934
7244	407
7245	456
7246	1081
7247	1105
7248	1783
7249	2134
7250	621
7251	674
7252	722
7253	769
7254	994
7255	158
7256	228
7257	793
7258	292
7259	381
7260	443
7261	426
7262	89
7263	389
7264	452
7265	513
7266	407
7267	501
7268	821
7269	871
7270	1565
7271	755
7272	601
7273	82
7274	184
7275	735
7276	738
7277	185
7278	269
7279	124
7280	848
7281	862
7282	670
7283	127
7284	862
7285	552
7286	605
7287	1221
7288	2448
7289	691
7290	1310
7291	1837
7292	1438
7293	1281
7294	91
7295	153
7296	209
7297	282
7298	354
7299	419
7300	485
7301	533
7302	600
7303	753
7304	256
7305	316
7306	379
7307	441
7308	510
7309	547
7310	602
7311	647
7312	696
7313	142
7314	467
7315	532
7316	614
7317	669
7318	183
7319	279
7320	351
7321	478
7322	404
7323	368
7324	381
7325	78
7326	155
7327	324
7328	432
7329	451
7330	503
7331	539
7332	750
7333	733
7334	1806
7335	837
7336	129
7337	918
7338	1217
7339	327
7340	399
7341	721
7342	781
7343	817
7344	796
7345	132
7346	288
7347	348
7348	417
7349	683
7350	727
7351	902
7352	913
7353	559
7354	852
7355	413
7356	264
7357	339
7358	400
7359	411
7360	456
7361	86
7362	154
7363	497
7364	271
7365	356
7366	131
7367	147
7368	188
7369	253
7370	313
7371	183
7372	261
7373	336
7374	419
7375	480
7376	837
7377	848
7378	870
7379	892
7380	603
7381	647
7382	688
7383	726
7384	753
7385	791
7386	819
7387	829
7388	778
7389	705
7390	921
7391	944
7392	965
7393	985
7394	658
7395	699
7396	89
7397	170
7398	210
7399	244
7400	761
7401	782
7402	804
7403	361
7404	424
7405	594
7406	268
7407	341
7408	971
7409	997
7410	1034
7411	502
7412	281
7413	923
7414	142
7415	209
7416	275
7417	624
7418	677
7419	1496
7420	1443
7421	1988
7422	757
7423	778
7424	541
7425	593
7426	360
7427	425
7428	488
7429	543
7430	117
7431	195
7432	266
7433	333
7434	414
7435	471
7436	538
7437	602
7438	655
7439	727
7440	775
7441	831
7442	907
7443	906
7444	960
7445	972
7446	1349
7447	963
7448	432
7449	501
7450	558
7451	628
7452	702
7453	750
7454	814
7455	849
7456	912
7457	937
7458	947
7459	970
7460	1003
7461	1018
7462	364
7463	336
7464	238
7465	1133
7466	1173
7467	1015
7468	1118
7469	1570
7470	726
7471	277
7472	339
7473	403
7474	452
7475	513
7476	1058
7477	1019
7478	1043
7479	665
7480	699
7481	1072
7482	821
7483	1342
7484	1386
7485	583
7486	685
7487	733
7488	778
7489	663
7490	178
7491	241
7492	317
7493	396
7494	1101
7495	1191
7496	456
7497	508
7498	1541
7499	678
7500	1250
7501	1218
7502	396
7503	371
7504	469
7505	134
7506	941
7507	1485
7508	1459
7509	2422
7510	2294
7511	2000
7512	1895
7513	1811
7514	1459
7515	775
7516	1252
7517	1244
7518	742
7519	1150
7520	720
7521	301
7522	894
7523	1131
7524	1156
7525	1180
7526	1775
7527	1730
7528	876
7529	1189
7530	1182
7531	459
7532	84
7533	156
7534	213
7535	273
7536	341
7537	406
7538	462
7539	1027
7540	426
7541	267
7542	682
7543	725
7544	740
7545	334
7546	988
7547	1004
7548	985
7549	418
7550	544
7551	587
7552	637
7553	665
7554	276
7555	351
7556	925
7557	957
7558	977
7559	605
7560	1229
7561	1231
7562	1228
7563	712
7564	725
7565	1361
7566	778
7567	794
7568	822
7569	844
7570	865
7571	884
7572	815
7573	1055
7574	271
7575	335
7576	402
7577	477
7578	536
7579	719
7580	743
7581	112
7582	193
7583	511
7584	587
7585	639
7586	684
7587	1121
7588	1682
7589	82
7590	155
7591	238
7592	330
7593	391
7594	448
7595	502
7596	669
7597	712
7598	740
7599	1503
7600	1465
7601	1431
7602	654
7603	668
7604	614
7605	77
7606	151
7607	224
7608	1195
7609	1212
7610	1221
7611	344
7612	1024
7613	1031
7614	414
7615	474
7616	522
7617	577
7618	795
7619	797
7620	824
7621	848
7622	651
7623	116
7624	187
7625	250
7626	315
7627	390
7628	468
7629	761
7630	1121
7631	951
7632	801
7633	451
7634	495
7635	521
7636	565
7637	607
7638	640
7639	100
7640	176
7641	239
7642	2133
7643	959
7644	671
7645	109
7646	149
7647	128
7648	195
7649	270
7650	416
7651	451
7652	514
7653	547
7654	579
7655	613
7656	431
7657	482
7658	859
7659	551
7660	472
7661	404
7662	447
7663	500
7664	553
7665	779
7666	811
7667	855
7668	904
7669	292
7670	347
7671	380
7672	103
7673	178
7674	69
7675	324
7676	368
7677	434
7678	484
7679	631
7680	674
7681	523
7682	615
7683	655
7684	685
7685	271
7686	1047
7687	1072
7688	1371
7689	630
7690	1169
7691	390
7692	1343
7693	246
7694	291
7695	364
7696	426
7697	473
7698	528
7699	594
7700	639
7701	683
7702	735
7703	1545
7704	1504
7705	1430
7706	981
7707	1019
7708	1031
7709	970
7710	959
7711	423
7712	497
7713	554
7714	598
7715	660
7716	705
7717	745
7718	778
7719	824
7720	198
7721	265
7722	333
7723	450
7724	510
7725	774
7726	553
7727	606
7728	648
7729	675
7730	719
7731	745
7732	779
7733	787
7734	759
7735	718
7736	64
7737	251
7738	332
7739	409
7740	485
7741	553
7742	617
7743	660
7744	593
7745	659
7746	701
7747	719
7748	761
7749	770
7750	799
7751	830
7752	2752
7753	201
7754	273
7755	396
7756	471
7757	422
7758	480
7759	845
7760	1180
7761	717
7762	1251
7763	493
7764	1329
7765	1427
7766	547
7767	1071
7768	627
7769	1151
7770	1183
7771	1182
7772	601
7773	615
7774	611
7775	523
7776	125
7777	652
7778	701
7779	248
7780	796
7781	827
7782	359
7783	1114
7784	1154
7785	1174
7786	1184
7787	685
7788	895
7789	2036
7790	995
7791	1437
7792	1115
7793	1163
7794	1840
7795	1823
7796	1240
7797	1239
7798	61
7799	144
7800	607
7801	650
7802	750
7803	807
7804	926
7805	939
7806	942
7807	971
7808	1011
7809	1054
7810	1059
7811	1054
7812	700
7813	739
7814	782
7815	660
7816	692
7817	2061
7818	974
7819	1003
7820	1032
7821	1117
7822	1143
7823	1161
7824	825
7825	1738
7826	1746
7827	1396
7828	1536
7829	540
7830	589
7831	645
7832	696
7833	734
7834	696
7835	674
7836	199
7837	258
7838	350
7839	423
7840	413
7841	656
7842	1062
7843	1086
7844	1153
7845	1153
7846	1154
7847	810
7848	834
7849	1217
7850	1182
7851	1155
7852	900
7853	972
7854	1013
7855	1076
7856	849
7857	871
7858	884
7859	907
7860	831
7861	855
7862	862
7863	548
7864	557
7865	522
7866	211
7867	280
7868	352
7869	545
7870	492
7871	640
7872	700
7873	738
7874	731
7875	488
7876	419
7877	486
7878	516
7879	574
7880	382
7881	776
7882	868
7883	833
7884	333
7885	398
7886	1157
7887	353
7888	102
7889	93
7890	404
7891	849
7892	526
7893	3042
7894	1908
7895	571
7896	270
7897	368
7898	874
7899	493
7900	526
7901	593
7902	574
7903	887
7904	84
7905	163
7906	250
7907	377
7908	448
7909	500
7910	551
7911	607
7912	668
7913	702
7914	743
7915	777
7916	821
7917	842
7918	884
7919	886
7920	914
7921	939
7922	875
7923	67
7924	135
7925	196
7926	260
7927	335
7928	406
7929	468
7930	525
7931	580
7932	649
7933	671
7934	715
7935	751
7936	789
7937	825
7938	846
7939	856
7940	890
7941	888
7942	900
7943	922
7944	2142
7945	1126
7946	86
7947	220
7948	305
7949	607
7950	748
7951	1149
7952	1172
7953	2126
7954	244
7955	313
7956	373
7957	418
7958	1068
7959	486
7960	524
7961	556
7962	636
7963	583
7964	731
7965	604
7966	827
7967	922
7968	872
7969	949
7970	1028
7971	1013
7972	1048
7973	1032
7974	1045
7975	1020
7976	1049
7977	1182
7978	308
7979	796
7980	504
7981	537
7982	613
7983	1142
7984	791
7985	396
7986	932
7987	546
7988	1144
7989	644
7990	1069
7991	1120
7992	1243
7993	1288
7994	1371
7995	1433
7996	1437
7997	498
7998	527
7999	560
8000	582
8001	609
8002	635
8003	668
8004	717
8005	749
8006	772
8007	1027
8008	2057
8009	1651
8010	1586
8011	837
8012	852
8013	2650
8014	115
8015	183
8016	687
8017	723
8018	962
8019	996
8020	494
8021	1043
8022	569
8023	635
8024	670
8025	712
8026	737
8027	692
8028	80
8029	166
8030	951
8031	247
8032	323
8033	427
8034	426
8035	999
8036	1052
8037	935
8038	957
8039	968
8040	984
8041	684
8042	727
8043	754
8044	941
8045	67
8046	163
8047	713
8048	290
8049	357
8050	411
8051	478
8052	1044
8053	554
8054	617
8055	648
8056	691
8057	387
8058	485
8059	545
8060	602
8061	646
8062	685
8063	724
8064	696
8065	176
8066	243
8067	310
8068	387
8069	462
8070	455
8071	82
8072	152
8073	237
8074	317
8075	389
8076	455
8077	151
8078	1092
8079	1110
8080	277
8081	340
8082	609
8083	943
8084	533
8085	550
8086	548
8087	1991
8088	80
8089	297
8090	310
8091	373
8092	449
8093	490
8094	543
8095	1982
8096	313
8097	327
8098	374
8099	419
8100	467
8101	530
8102	1015
8103	1532
8104	1561
8105	1216
8106	818
8107	991
8108	455
8109	98
8110	569
8111	104
8112	183
8113	1062
8114	290
8115	912
8116	381
8117	458
8118	813
8119	901
8120	830
8121	1333
8122	1334
8123	699
8124	728
8125	753
8126	1327
8127	1327
8128	1507
8129	1398
8130	81
8131	139
8132	426
8133	489
8134	521
8135	691
8136	814
8137	518
8138	378
8139	663
8140	431
8141	487
8142	553
8143	174
8144	1028
8145	204
8146	280
8147	828
8148	379
8149	452
8150	989
8151	667
8152	1015
8153	761
8154	368
8155	941
8156	468
8157	522
8158	1066
8159	666
8160	701
8161	692
8162	992
8163	1034
8164	598
8165	705
8166	740
8167	182
8168	632
8169	668
8170	693
8171	176
8172	250
8173	326
8174	539
8175	588
8176	642
8177	693
8178	838
8179	505
8180	550
8181	535
8182	568
8183	561
8184	606
8185	664
8186	682
8187	725
8188	163
8189	155
8190	215
8191	352
8192	431
8193	503
8194	537
8195	573
8196	632
8197	614
8198	633
8199	663
8200	686
8201	714
8202	747
8203	773
8204	800
8205	810
8206	696
8207	734
8208	760
8209	784
8210	691
8211	138
8212	594
8213	649
8214	695
8215	382
8216	470
8217	586
8218	598
8219	968
8220	985
8221	919
8222	1007
8223	1754
8224	300
8225	361
8226	429
8227	529
8228	481
8229	2368
8230	201
8231	286
8232	1057
8233	2452
8234	240
8235	462
8236	493
8237	530
8238	591
8239	647
8240	458
8241	545
8242	509
8243	564
8244	586
8245	168
8246	248
8247	323
8248	819
8249	874
8250	932
8251	961
8252	2209
8253	2152
8254	2252
8255	2619
8256	2095
8257	2108
8258	2021
8259	2194
8260	2091
8261	2011
8262	213
8263	293
8264	362
8265	1566
8266	1593
8267	1607
8268	698
8269	152
8270	291
8271	152
8272	79
8273	188
8274	755
8275	1397
8276	1376
8277	1375
8278	1465
8279	1511
8280	372
8281	599
8282	608
8283	107
8284	374
8285	320
8286	389
8287	337
8288	363
8289	182
8290	1641
8291	443
8292	499
8293	552
8294	610
8295	665
8296	924
8297	2520
8298	1575
8299	2253
8300	2358
8301	2496
8302	2210
8303	1097
8304	987
8305	1471
8306	1916
8307	1444
8308	1395
8309	277
8310	354
8311	995
8312	1004
8313	905
8314	694
8315	361
8316	418
8317	472
8318	513
8319	577
8320	640
8321	682
8322	717
8323	714
8324	115
8325	190
8326	259
8327	332
8328	417
8329	468
8330	539
8331	595
8332	869
8333	677
8334	707
8335	155
8336	550
8337	608
8338	408
8339	268
8340	255
8341	1505
8342	487
8343	109
8344	183
8345	247
8346	304
8347	384
8348	414
8349	1031
8350	1038
8351	1039
8352	1065
8353	1057
8354	1065
8355	1082
8356	95
8357	117
8358	604
8359	642
8360	688
8361	728
8362	772
8363	766
8364	110
8365	184
8366	261
8367	327
8368	402
8369	120
8370	379
8371	370
8372	54
8373	131
8374	132
8375	199
8376	273
8377	1396
8378	388
8379	466
8380	518
8381	583
8382	583
8383	579
8384	629
8385	690
8386	722
8387	781
8388	813
8389	831
8390	850
8391	658
8392	703
8393	755
8394	822
8395	877
8396	461
8397	153
8398	234
8399	306
8400	395
8401	478
8402	549
8403	623
8404	675
8405	735
8406	775
8407	829
8408	862
8409	900
8410	923
8411	988
8412	1019
8413	1039
8414	1116
8415	1087
8416	1094
8417	696
8418	746
8419	949
8420	471
8421	1352
8422	1331
8423	1327
8424	2280
8425	2181
8426	147
8427	116
8428	304
8429	443
8430	445
8431	349
8432	403
8433	335
8434	369
8435	436
8436	1169
8437	536
8438	552
8439	191
8440	258
8441	324
8442	403
8443	463
8444	511
8445	678
8446	1337
8447	1787
8448	1207
8449	973
8450	934
8451	925
8452	999
8453	842
8454	939
8455	927
8456	967
8457	973
8458	797
8459	478
8460	490
8461	652
8462	107
8463	2233
8464	2146
8465	2041
8466	639
8467	573
8468	1025
8469	1027
8470	815
8471	976
8472	502
8473	804
8474	832
8475	912
8476	3168
8477	1673
8478	376
8479	430
8480	791
8481	821
8482	871
8483	896
8484	599
8485	628
8486	616
8487	609
8488	304
8489	291
8490	269
8491	850
8492	118
8493	138
8494	193
8495	252
8496	879
8497	1311
8498	852
8499	859
8500	849
8501	1075
8502	1081
8503	1093
8504	1113
8505	636
8506	354
8507	414
8508	461
8509	817
8510	577
8511	632
8512	977
8513	985
8514	1522
8515	826
8516	630
8517	673
8518	678
8519	722
8520	989
8521	1009
8522	1003
8523	1002
8524	1017
8525	1032
8526	636
8527	625
8528	111
8529	394
8530	456
8531	519
8532	550
8533	603
8534	632
8535	361
8536	436
8537	480
8538	539
8539	725
8540	776
8541	614
8542	941
8543	1565
8544	1230
8545	1222
8546	649
8547	696
8548	735
8549	819
8550	156
8551	230
8552	319
8553	385
8554	450
8555	513
8556	526
8557	547
8558	696
8559	1452
8560	1109
8561	499
8562	531
8563	591
8564	362
8565	417
8566	477
8567	529
8568	580
8569	343
8570	684
8571	509
8572	222
8573	283
8574	362
8575	417
8576	488
8577	509
8578	1153
8579	1161
8580	135
8581	212
8582	284
8583	354
8584	286
8585	343
8586	395
8587	448
8588	526
8589	2466
8590	2243
8591	150
8592	219
8593	281
8594	355
8595	403
8596	451
8597	486
8598	542
8599	523
8600	638
8601	665
8602	513
8603	483
8604	755
8605	571
8606	625
8607	668
8608	765
8609	821
8610	852
8611	903
8612	961
8613	1001
8614	1033
8615	1083
8616	1116
8617	1136
8618	1158
8619	1176
8620	1201
8621	1207
8622	1204
8623	1526
8624	1216
8625	1289
8626	741
8627	1326
8628	785
8629	1054
8630	831
8631	1409
8632	1246
8633	1339
8634	968
8635	994
8636	1208
8637	1015
8638	478
8639	426
8640	1274
8641	1110
8642	1084
8643	1124
8644	987
8645	1100
8646	718
8647	748
8648	504
8649	1055
8650	1026
8651	744
8652	1504
8653	2163
8654	797
8655	972
8656	906
8657	208
8658	299
8659	641
8660	992
8661	705
8662	1052
8663	432
8664	500
8665	569
8666	1250
8667	651
8668	720
8669	908
8670	970
8671	1010
8672	1049
8673	1073
8674	1132
8675	1181
8676	1218
8677	1239
8678	1247
8679	1277
8680	1277
8681	1276
8682	1283
8683	1287
8684	1312
8685	854
8686	825
8687	656
8688	668
8689	661
8690	643
8691	667
8692	1298
8693	1273
8694	633
8695	1284
8696	644
8697	1308
8698	632
8699	289
8700	753
8701	903
8702	952
8703	477
8704	1576
8705	285
8706	351
8707	419
8708	487
8709	548
8710	617
8711	636
8712	681
8713	718
8714	759
8715	784
8716	222
8717	295
8718	386
8719	450
8720	509
8721	571
8722	940
8723	574
8724	608
8725	647
8726	682
8727	714
8728	747
8729	784
8730	197
8731	266
8732	333
8733	372
8734	438
8735	508
8736	97
8737	169
8738	235
8739	313
8740	308
8741	379
8742	267
8743	351
8744	406
8745	461
8746	517
8747	561
8748	618
8749	652
8750	682
8751	717
8752	677
8753	54
8754	132
8755	202
8756	275
8757	368
8758	440
8759	524
8760	575
8761	647
8762	1228
8763	1179
8764	93
8765	166
8766	213
8767	229
8768	346
8769	161
8770	3332
8771	81
8772	330
8773	393
8774	428
8775	870
8776	898
8777	920
8778	953
8779	956
8780	960
8781	984
8782	980
8783	983
8784	979
8785	935
8786	100
8787	183
8788	248
8789	315
8790	375
8791	447
8792	491
8793	556
8794	615
8795	672
8796	974
8797	1001
8798	661
8799	616
8800	116
8801	209
8802	273
8803	350
8804	423
8805	476
8806	541
8807	868
8808	913
8809	934
8810	979
8811	350
8812	415
8813	474
8814	538
8815	296
8816	344
8817	394
8818	449
8819	512
8820	563
8821	604
8822	510
8823	555
8824	614
8825	76
8826	453
8827	1496
8828	359
8829	488
8830	429
8831	1219
8832	1102
8833	1086
8834	579
8835	618
8836	667
8837	1429
8838	391
8839	130
8840	251
8841	340
8842	414
8843	979
8844	1070
8845	750
8846	2162
8847	2057
8848	7171
8849	935
8850	301
8851	1076
8852	1063
8853	174
8854	232
8855	293
8856	366
8857	440
8858	505
8859	562
8860	616
8861	661
8862	718
8863	771
8864	256
8865	331
8866	396
8867	460
8868	524
8869	571
8870	603
8871	651
8872	692
8873	727
8874	778
8875	246
8876	314
8877	376
8878	444
8879	497
8880	428
8881	481
8882	543
8883	1086
8884	91
8885	1260
8886	90
8887	66
8888	138
8889	206
8890	271
8891	326
8892	410
8893	522
8894	583
8895	643
8896	675
8897	1348
8898	1180
8899	678
8900	726
8901	760
8902	1205
8903	523
8904	446
8905	621
8906	1258
8907	1113
8908	1145
8909	1157
8910	465
8911	460
8912	566
8913	1250
8914	734
8915	721
8916	541
8917	581
8918	640
8919	679
8920	720
8921	768
8922	801
8923	810
8924	848
8925	896
8926	866
8927	890
8928	887
8929	908
8930	934
8931	879
8932	423
8933	393
8934	521
8935	438
8936	203
8937	264
8938	3331
8939	264
8940	777
8941	820
8942	1656
8943	597
8944	536
8945	572
8946	732
8947	805
8948	763
8949	933
8950	1843
8951	1068
8952	1068
8953	626
8954	94
8955	508
8956	891
8957	922
8958	959
8959	1081
8960	1107
8961	1105
8962	1091
8963	1076
8964	2320
8965	2337
8966	2328
8967	2316
8968	2263
8969	2196
8970	2100
8971	2047
8972	131
8973	213
8974	241
8975	120
8976	208
8977	1228
8978	1208
8979	1183
8980	1168
8981	1161
8982	1159
8983	1143
8984	1132
8985	1630
8986	1183
8987	833
8988	174
8989	261
8990	469
8991	541
8992	895
8993	149
8994	229
8995	684
8996	712
8997	1347
8998	1348
8999	618
9000	868
9001	940
9002	997
9003	1062
9004	1111
9005	195
9006	254
9007	331
9008	395
9009	382
9010	67
9011	156
9012	240
9013	308
9014	384
9015	1687
9016	1673
9017	1691
9018	1709
9019	1068
9020	1015
9021	1032
9022	75
9023	152
9024	220
9025	291
9026	371
9027	445
9028	498
9029	455
9030	499
9031	1269
9032	1252
9033	1033
9034	1078
9035	550
9036	1279
9037	1092
9038	1136
9039	596
9040	633
9041	693
9042	685
9043	435
9044	479
9045	531
9046	582
9047	599
9048	105
9049	179
9050	235
9051	295
9052	371
9053	435
9054	488
9055	547
9056	1267
9057	609
9058	1362
9059	799
9060	837
9061	348
9062	412
9063	409
9064	462
9065	493
9066	551
9067	588
9068	619
9069	677
9070	631
9071	311
9072	668
9073	689
9074	769
9075	799
9076	822
9077	860
9078	884
9079	835
9080	874
9081	878
9082	853
9083	103
9084	169
9085	249
9086	488
9087	553
9088	622
9089	670
9090	710
9091	765
9092	771
9093	784
9094	809
9095	172
9096	254
9097	329
9098	401
9099	475
9100	705
9101	715
9102	458
9103	491
9104	541
9105	578
9106	547
9107	69
9108	129
9109	199
9110	270
9111	350
9112	920
9113	521
9114	560
9115	590
9116	618
9117	264
9118	337
9119	395
9120	597
9121	646
9122	676
9123	127
9124	231
9125	311
9126	501
9127	556
9128	609
9129	1587
9130	63
9131	125
9132	187
9133	130
9134	196
9135	370
9136	1644
9137	463
9138	335
9139	398
9140	749
9141	673
9142	442
9143	502
9144	304
9145	377
9146	418
9147	505
9148	550
9149	633
9150	672
9151	735
9152	780
9153	806
9154	847
9155	900
9156	937
9157	931
9158	115
9159	208
9160	289
9161	364
9162	447
9163	508
9164	582
9165	642
9166	709
9167	773
9168	845
9169	913
9170	973
9171	1035
9172	1080
9173	1111
9174	886
9175	886
9176	908
9177	1182
9178	1353
9179	1291
9180	1320
9181	882
9182	723
9183	1226
9184	1150
9185	683
9186	205
9187	153
9188	647
9189	674
9190	726
9191	761
9192	792
9193	831
9194	872
9195	889
9196	453
9197	516
9198	261
9199	292
9200	114
9201	260
9202	453
9203	511
9204	578
9205	635
9206	690
9207	737
9208	766
9209	816
9210	121
9211	203
9212	282
9213	343
9214	410
9215	466
9216	518
9217	593
9218	295
9219	361
9220	433
9221	511
9222	580
9223	633
9224	650
9225	695
9226	723
9227	739
9228	762
9229	533
9230	123
9231	206
9232	278
9233	356
9234	420
9235	478
9236	535
9237	522
9238	83
9239	149
9240	236
9241	305
9242	376
9243	437
9244	497
9245	575
9246	118
9247	519
9248	222
9249	291
9250	928
9251	920
9252	688
9253	718
9254	318
9255	539
9256	518
9257	552
9258	307
9259	371
9260	611
9261	291
9262	365
9263	430
9264	488
9265	769
9266	560
9267	119
9268	506
9269	335
9270	389
9271	447
9272	466
9273	126
9274	205
9275	271
9276	522
9277	229
9278	300
9279	369
9280	434
9281	236
9282	311
9283	377
9284	1082
9285	425
9286	461
9287	514
9288	554
9289	279
9290	327
9291	395
9292	707
9293	737
9294	749
9295	470
9296	505
9297	543
9298	407
9299	203
9300	262
9301	331
9302	575
9303	612
9304	645
9305	687
9306	142
9307	286
9308	203
9309	430
9310	495
9311	554
9312	156
9313	458
9314	949
9315	528
9316	565
9317	603
9318	306
9319	374
9320	850
9321	856
9322	848
9323	639
9324	735
9325	767
9326	736
9327	784
9328	803
9329	537
9330	601
9331	648
9332	652
9333	664
9334	277
9335	319
9336	476
9337	538
9338	585
9339	907
9340	1
9341	77
9342	76
9343	148
9344	218
9345	295
9346	374
9347	434
9348	487
9349	551
9350	611
9351	657
9352	702
9353	728
9354	759
9355	74
9356	1695
9357	1689
9358	1689
9359	1666
9360	160
9361	258
9362	311
9363	371
9364	425
9365	489
9366	325
9367	402
9368	456
9369	507
9370	557
9371	610
9372	650
9373	679
9374	696
9375	976
9376	999
9377	400
9378	463
9379	510
9380	562
9381	627
9382	657
9383	442
9384	501
9385	538
9386	573
9387	642
9388	704
9389	761
9390	802
9391	842
9392	851
9393	863
9394	266
9395	91
9396	203
9397	1749
9398	726
9399	296
9400	864
9401	232
9402	480
9403	395
9404	452
9405	508
9406	562
9407	611
9408	670
9409	242
9410	877
9411	557
9412	590
9413	695
9414	758
9415	830
9416	532
9417	583
9418	635
9419	1129
9420	1151
9421	856
9422	889
9423	914
9424	915
9425	1581
9426	1283
9427	2017
9428	1581
9429	84
9430	149
9431	805
9432	283
9433	363
9434	417
9435	479
9436	534
9437	615
9438	671
9439	249
9440	326
9441	403
9442	851
9443	867
9444	949
9445	655
9446	1571
9447	1181
9448	731
9449	778
9450	836
9451	934
9452	979
9453	1031
9454	360
9455	825
9456	218
9457	553
9458	620
9459	674
9460	315
9461	703
9462	384
9463	1296
9464	1322
9465	1374
9466	192
9467	257
9468	322
9469	394
9470	466
9471	525
9472	79
9473	166
9474	242
9475	308
9476	1515
9477	1286
9478	1304
9479	1326
9480	1322
9481	1316
9482	1292
9483	322
9484	397
9485	361
9486	405
9487	411
9488	454
9489	438
9490	91
9491	157
9492	234
9493	308
9494	367
9495	1228
9496	1287
9497	341
9498	410
9499	467
9500	553
9501	611
9502	659
9503	121
9504	199
9505	1381
9506	1367
9507	645
9508	681
9509	703
9510	750
9511	792
9512	820
9513	851
9514	860
9515	886
9516	905
9517	920
9518	932
9519	904
9520	893
9521	760
9522	324
9523	392
9524	444
9525	538
9526	590
9527	680
9528	720
9529	748
9530	787
9531	834
9532	860
9533	903
9534	934
9535	929
9536	945
9537	1541
9538	1536
9539	379
9540	802
9541	813
9542	841
9543	858
9544	866
9545	886
9546	231
9547	295
9548	360
9549	425
9550	498
9551	554
9552	607
9553	72
9554	142
9555	81
9556	160
9557	349
9558	644
9559	103
9560	397
9561	474
9562	573
9563	637
9564	678
9565	732
9566	792
9567	848
9568	875
9569	884
9570	894
9571	902
9572	926
9573	870
9574	469
9575	509
9576	557
9577	620
9578	673
9579	716
9580	764
9581	805
9582	843
9583	855
9584	879
9585	889
9586	929
9587	958
9588	1033
9589	643
9590	222
9591	959
9592	192
9593	254
9594	302
9595	372
9596	424
9597	432
9598	83
9599	157
9600	244
9601	323
9602	399
9603	877
9604	272
9605	1018
9606	179
9607	870
9608	270
9609	940
9610	957
9611	555
9612	590
9613	648
9614	690
9615	1538
9616	815
9617	840
9618	881
9619	909
9620	1301
9621	477
9622	535
9623	506
9624	439
9625	505
9626	530
9627	815
9628	862
9629	1206
9630	1219
9631	1845
9632	1246
9633	1234
9634	1231
9635	682
9636	727
9637	755
9638	741
9639	2013
9640	1213
9641	215
9642	939
9643	312
9644	373
9645	417
9646	494
9647	560
9648	796
9649	817
9650	827
9651	690
9652	732
9653	774
9654	1205
9655	120
9656	186
9657	506
9658	567
9659	638
9660	433
9661	502
9662	562
9663	611
9664	653
9665	686
9666	739
9667	232
9668	440
9669	489
9670	496
9671	101
9672	1306
9673	1323
9674	1307
9675	225
9676	226
9677	292
9678	555
9679	629
9680	1127
9681	1147
9682	1128
9683	1148
9684	1157
9685	311
9686	378
9687	754
9688	810
9689	838
9690	819
9691	100
9692	168
9693	238
9694	302
9695	279
9696	344
9697	846
9698	871
9699	891
9700	907
9701	920
9702	702
9703	504
9704	551
9705	610
9706	1153
9707	1067
9708	607
9709	655
9710	488
9711	537
9712	571
9713	145
9714	440
9715	515
9716	575
9717	619
9718	639
9719	500
9720	575
9721	384
9722	1703
9723	1527
9724	1617
9725	1553
9726	599
9727	922
9728	845
9729	854
9730	851
9731	606
9732	606
9733	376
9734	436
9735	494
9736	546
9737	594
9738	644
9739	692
9740	218
9741	1891
9742	1853
9743	1790
9744	2204
9745	2144
9746	2139
9747	1987
9748	1926
9749	1837
9750	2206
9751	2113
9752	2023
9753	1602
9754	348
9755	56
9756	745
9757	818
9758	375
9759	407
9760	756
9761	232
9762	293
9763	304
9764	708
9765	638
9766	262
9767	443
9768	325
9769	261
9770	297
9771	463
9772	246
9773	321
9774	378
9775	436
9776	490
9777	533
9778	568
9779	532
9780	594
9781	646
9782	690
9783	732
9784	729
9785	371
9786	429
9787	503
9788	564
9789	615
9790	597
9791	180
9792	241
9793	282
9794	121
9795	195
9796	277
9797	356
9798	430
9799	508
9800	544
9801	600
9802	665
9803	721
9804	772
9805	827
9806	875
9807	916
9808	932
9809	949
9810	949
9811	956
9812	959
9813	965
9814	320
9815	382
9816	464
9817	524
9818	567
9819	630
9820	675
9821	730
9822	741
9823	457
9824	503
9825	516
9826	245
9827	267
9828	113
9829	184
9830	240
9831	312
9832	379
9833	453
9834	508
9835	600
9836	654
9837	688
9838	726
9839	763
9840	84
9841	163
9842	163
9843	75
9844	159
9845	232
9846	72
9847	152
9848	223
9849	285
9850	441
9851	473
9852	163
9853	384
9854	442
9855	496
9856	554
9857	610
9858	607
9859	406
9860	130
9861	216
9862	282
9863	345
9864	165
9865	236
9866	317
9867	381
9868	153
9869	390
9870	353
9871	218
9872	287
9873	952
9874	969
9875	1020
9876	974
9877	1153
9878	394
9879	437
9880	1185
9881	93
9882	172
9883	240
9884	321
9885	393
9886	443
9887	500
9888	569
9889	661
9890	1351
9891	1317
9892	1104
9893	1255
9894	783
9895	113
9896	326
9897	364
9898	453
9899	228
9900	258
9901	258
9902	346
9903	416
9904	481
9905	525
9906	575
9907	632
9908	684
9909	724
9910	1236
9911	97
9912	176
9913	265
9914	334
9915	403
9916	183
9917	245
9918	978
9919	923
9920	114
9921	187
9922	168
9923	240
9924	309
9925	363
9926	415
9927	493
9928	106
9929	184
9930	268
9931	88
9932	162
9933	236
9934	209
9935	77
9936	162
9937	463
9938	637
9939	837
9940	417
9941	473
9942	534
9943	561
9944	590
9945	648
9946	688
9947	644
9948	527
9949	574
9950	616
9951	595
9952	604
9953	637
9954	664
9955	718
9956	147
9957	272
9958	996
9959	396
9960	633
9961	684
9962	744
9963	782
9964	818
9965	879
9966	919
9967	925
9968	954
9969	905
9970	323
9971	541
9972	92
9973	160
9974	213
9975	293
9976	381
9977	462
9978	532
9979	589
9980	1277
9981	1702
9982	270
9983	189
9984	252
9985	318
9986	378
9987	400
9988	113
9989	197
9990	272
9991	344
9992	2148
9993	86
9994	282
9995	1013
9996	866
9997	234
9998	303
9999	361
10000	633
