1	NaN
2	753
3	713
4	858
5	1046
6	1216
7	1455
8	1510
9	1652
10	1764
11	1733
12	1786
13	1800
14	1795
15	1727
16	1719
17	1709
18	1573
19	1576
20	1560
21	1519
22	1404
23	1351
24	1317
25	1258
26	1230
27	1142
28	1172
29	1088
30	1093
31	1030
32	920
33	926
34	913
35	866
36	860
37	779
38	750
39	716
40	739
41	704
42	667
43	650
44	591
45	570
46	554
47	513
48	508
49	479
50	452
51	418
52	438
53	406
54	398
55	374
56	364
57	300
58	313
59	306
60	282
61	296
62	262
63	273
64	264
65	214
66	218
67	198
68	202
69	198
70	157
71	164
72	166
73	156
74	160
75	147
76	154
77	136
78	121
79	110
80	119
81	122
82	105
83	108
84	105
85	81
86	70
87	85
88	79
89	92
90	87
91	97
92	64
93	64
94	57
95	64
96	57
97	39
98	47
99	64
100	53
101	52
102	49
103	43
104	38
105	38
106	32
107	42
108	50
109	40
110	24
111	36
112	22
113	11
114	23
115	25
116	20
117	22
118	25
119	20
120	18
121	17
122	19
123	22
124	12
125	21
126	11
127	13
128	16
129	17
130	12
131	8
132	9
133	12
134	5
135	9
136	6
137	7
138	7
139	9
140	4
141	8
142	11
143	9
144	7
145	2
146	10
147	1
148	2
149	6
150	2
151	3
152	3
153	5
154	6
155	2
156	4
157	4
158	1
159	6
160	NaN
161	2
162	3
163	NaN
164	NaN
165	2
166	2
167	1
168	3
169	1
170	3
171	2
172	2
173	NaN
174	NaN
175	2
176	4
177	1
178	1
179	NaN
180	NaN
181	1
182	NaN
183	NaN
184	2
185	NaN
186	1
187	NaN
188	1
189	1
190	1
191	2
192	2
193	2
194	2
195	1
196	1
197	NaN
198	NaN
199	1
200	1
201	1
202	NaN
203	NaN
204	NaN
205	NaN
206	NaN
207	1
208	NaN
209	NaN
210	NaN
211	NaN
212	NaN
213	NaN
214	NaN
215	1
216	1
217	NaN
218	NaN
219	NaN
220	1
221	NaN
222	NaN
223	NaN
224	1
225	NaN
226	NaN
227	NaN
228	NaN
229	1
230	NaN
231	NaN
232	NaN
233	NaN
234	NaN
235	NaN
236	NaN
237	NaN
238	NaN
239	NaN
240	NaN
241	NaN
242	NaN
243	NaN
244	NaN
245	NaN
246	NaN
247	NaN
248	NaN
249	NaN
250	NaN
251	NaN
252	NaN
253	NaN
254	NaN
255	NaN
256	NaN
257	NaN
258	NaN
259	NaN
260	NaN
261	NaN
262	NaN
263	NaN
264	NaN
265	NaN
266	NaN
267	NaN
268	NaN
269	NaN
270	NaN
271	NaN
272	NaN
273	NaN
274	NaN
275	NaN
276	NaN
277	NaN
278	NaN
279	NaN
280	NaN
281	NaN
282	NaN
283	NaN
284	NaN
285	NaN
286	NaN
287	NaN
288	NaN
289	NaN
290	NaN
291	NaN
292	NaN
293	NaN
294	NaN
295	NaN
296	NaN
297	NaN
298	NaN
299	NaN
300	NaN
301	NaN
302	NaN
303	NaN
304	NaN
305	NaN
306	NaN
307	NaN
308	NaN
309	NaN
310	NaN
311	NaN
312	NaN
313	NaN
314	NaN
315	NaN
316	NaN
317	NaN
318	NaN
319	NaN
320	NaN
321	NaN
322	NaN
323	NaN
324	NaN
325	NaN
326	NaN
327	NaN
328	NaN
329	NaN
330	NaN
331	NaN
332	NaN
333	NaN
334	NaN
335	NaN
336	NaN
337	NaN
338	NaN
339	NaN
340	NaN
341	NaN
342	NaN
343	NaN
344	NaN
345	NaN
346	NaN
347	NaN
348	1
