0	NaN
1	609
2	2759
3	2717
4	1974
5	2426
6	2447
7	3014
8	4349
9	4421
10	3023
11	2258
12	2838
13	4413
14	1485
15	1832
16	1690
17	1730
18	1964
19	2028
20	863
21	1450
22	1028
23	1221
24	925
25	1036
26	1306
27	1112
28	546
29	658
30	1058
31	961
32	537
33	729
34	969
35	1602
36	1715
37	1662
38	1728
39	2970
40	2940
41	2590
42	4299
43	4392
44	2123
45	1718
46	1345
47	1781
48	1731
49	1769
50	1786
51	1622
52	2179
53	1651
54	1558
55	1673
56	1662
57	1286
58	1397
59	1093
60	1147
61	817
62	2388
63	1644
64	2261
65	433
66	557
67	673
68	797
69	935
70	989
71	672
72	802
73	938
74	1061
75	1169
76	2008
77	894
78	1202
79	1391
80	508
81	656
82	1000
83	1397
84	1016
85	1003
86	1042
87	3882
88	550
89	956
90	868
91	2004
92	2012
93	2720
94	2681
95	2429
96	1148
97	1105
98	869
99	899
100	1053
101	854
102	1412
103	2070
104	2494
105	1689
106	1363
107	1587
108	1101
109	784
110	1332
111	906
112	984
113	2696
114	1909
115	2788
116	1853
117	1375
118	1701
119	2066
120	1493
121	1905
122	1447
123	1080
124	1773
125	1892
126	3356
127	3353
128	2499
129	2202
130	998
131	754
132	819
133	1163
134	1233
135	1658
136	1297
137	1601
138	1855
139	1557
140	1344
141	1411
142	1484
143	1108
144	2073
145	741
146	833
147	1436
148	1001
149	1115
150	3746
151	1935
152	2263
153	2063
154	1596
155	2471
156	1730
157	716
158	1337
159	1015
160	1113
161	1168
162	1520
163	1623
164	1836
165	1948
166	2391
167	1717
168	1876
169	2743
170	2608
171	1391
172	1435
173	1323
174	1266
175	1059
176	944
177	1076
178	1639
179	1375
180	1486
181	1624
182	1096
183	816
184	916
185	1458
186	1513
187	2291
188	569
189	625
190	743
191	936
192	1061
193	1171
194	2431
195	2935
196	2801
197	2810
198	2616
199	3265
200	3184
201	1290
202	1231
203	1234
204	1934
205	1673
206	1464
207	1551
208	1596
209	1800
210	1711
211	1163
212	1620
213	853
214	973
215	716
216	871
217	1397
218	1422
219	1815
220	1479
221	1448
222	2002
223	2346
224	1542
225	1577
226	1630
227	1208
228	1009
229	2934
230	893
231	528
232	1797
233	4765
234	1059
235	1318
236	1816
237	1854
238	922
239	1153
240	1015
241	1155
242	1174
243	1265
244	947
245	592
246	716
247	1298
248	1834
249	3039
250	3026
251	2974
252	4108
253	4391
254	4531
255	4554
256	2687
257	3510
258	2634
259	2343
260	2326
261	2307
262	514
263	668
264	918
265	2284
266	2148
267	2191
268	1804
269	1263
270	823
271	619
272	604
273	596
274	1215
275	1927
276	2536
277	2420
278	2680
279	2746
280	2171
281	3264
282	1455
283	979
284	1264
285	935
286	1055
287	962
288	812
289	693
290	3319
291	1754
292	1487
293	2028
294	1540
295	1699
296	1231
297	2905
298	2019
299	3391
300	3511
301	4312
302	3961
303	2576
304	2423
305	2638
306	2967
307	3738
308	2316
309	1423
310	1484
311	2107
312	1518
313	1008
314	874
315	1777
316	1559
317	1988
318	2011
319	2054
320	1199
321	1312
322	1025
323	2058
324	690
325	813
326	909
327	1018
328	1850
329	1906
330	1693
331	1792
332	2055
333	1897
334	1598
335	1035
336	1457
337	1472
338	1247
339	1158
340	654
341	1978
342	1012
343	1013
344	1141
345	1013
346	400
347	555
348	1226
349	1549
350	1998
351	1974
352	2104
353	1595
354	1687
355	2916
356	1897
357	1892
358	1563
359	1551
360	1529
361	1595
362	1962
363	1349
364	731
365	1185
366	1277
367	2784
368	2733
369	2337
370	1280
371	1264
372	375
373	493
374	553
375	641
376	1765
377	2849
378	491
379	637
380	779
381	919
382	1527
383	988
384	1251
385	1455
386	2440
387	2508
388	1553
389	1615
390	1551
391	1399
392	1488
393	1561
394	1795
395	1877
396	945
397	683
398	795
399	894
400	1101
401	1196
402	1874
403	1927
404	1961
405	2128
406	2153
407	1952
408	1963
409	1975
410	2597
411	2598
412	1551
413	1567
414	2029
415	1956
416	1749
417	1394
418	1477
419	1872
420	2100
421	1697
422	1743
423	1782
424	2887
425	2840
426	1029
427	468
428	705
429	893
430	1285
431	1214
432	1389
433	1342
434	1402
435	1470
436	2897
437	2223
438	3353
439	4404
440	2152
441	1690
442	1741
443	1784
444	1499
445	1659
446	2341
447	3047
448	2449
449	2206
450	2432
451	2966
452	1379
453	1598
454	1722
455	1724
456	1200
457	1410
458	1293
459	1028
460	1104
461	1319
462	832
463	3398
464	3334
465	3539
466	2342
467	1834
468	2061
469	1914
470	1629
471	1888
472	1420
473	1727
474	2041
475	1711
476	3696
477	2259
478	963
479	545
480	989
481	1089
482	1297
483	1578
484	1649
485	1567
486	1595
487	1610
488	1175
489	1343
490	1764
491	3365
492	1728
493	2174
494	2173
495	2443
496	1880
497	2288
498	1827
499	1855
500	1837
501	2057
502	1627
503	1692
504	2575
505	2185
506	1646
507	1572
508	1024
509	2149
510	1880
511	1901
512	1843
513	1576
514	2181
515	990
516	859
517	1400
518	1163
519	1268
520	1338
521	1410
522	1455
523	1520
524	1691
525	1744
526	1304
527	1425
528	940
529	1156
530	1640
531	1710
532	2239
533	1861
534	1411
535	1646
536	1183
537	1595
538	1209
539	1721
540	1521
541	1246
542	1730
543	1903
544	1630
545	1679
546	1162
547	1289
548	1789
549	1461
550	841
551	959
552	1076
553	2859
554	4641
555	2241
556	1184
557	1236
558	1388
559	3557
560	3131
561	2363
562	1312
563	2763
564	2444
565	2391
566	1111
567	650
568	764
569	603
570	1010
571	907
572	684
573	973
574	1109
575	1186
576	1288
577	1436
578	2478
579	2466
580	1060
581	728
582	753
583	952
584	781
585	658
586	577
587	928
588	1542
589	3880
590	3507
591	1585
592	1233
593	1146
594	1114
595	1197
596	1263
597	1330
598	955
599	1002
600	1167
601	1253
602	1123
603	1158
604	1484
605	1229
606	870
607	956
608	951
609	1082
610	1218
611	1333
612	1455
613	1553
614	1906
615	1715
616	1805
617	3400
618	2443
619	3463
620	3036
621	2850
622	2468
623	2050
624	1786
625	1870
626	878
627	1538
628	2173
629	2045
630	1763
631	2100
632	1999
633	1661
634	1502
635	1434
636	1857
637	1699
638	1206
639	1193
640	2094
641	1651
642	1681
643	1765
644	1227
645	2376
646	1899
647	1544
648	1404
649	1849
650	1275
651	1057
652	1883
653	2602
654	1294
655	1527
656	1505
657	865
658	1005
659	1399
660	1858
661	1590
662	1807
663	1548
664	1445
665	1532
666	1430
667	905
668	1048
669	1297
670	1413
671	1539
672	1638
673	2482
674	3996
675	3933
676	3399
677	2969
678	2456
679	1758
680	1795
681	1857
682	2082
683	1576
684	1971
685	2438
686	1076
687	865
688	1300
689	1542
690	1572
691	1630
692	1604
693	1606
694	755
695	2820
696	2076
697	2813
698	2097
699	2037
700	1017
701	1492
702	1586
703	1158
704	2299
705	1832
706	2053
707	1266
708	2056
709	1437
710	730
711	824
712	956
713	1072
714	1169
715	1250
716	569
717	1303
718	1407
719	1491
720	1554
721	1651
722	1663
723	1351
724	1696
725	2050
726	2092
727	2122
728	1768
729	1812
730	787
731	1314
732	1395
733	888
734	1057
735	1549
736	435
737	551
738	994
739	1124
740	1102
741	1295
742	1160
743	1256
744	1315
745	1383
746	1444
747	1060
748	897
749	1055
750	1043
751	942
752	993
753	505
754	1057
755	580
756	726
757	873
758	955
759	1156
760	1187
761	1326
762	2134
763	2462
764	816
765	1081
766	1167
767	1193
768	1326
769	991
770	4299
771	947
772	1407
773	1233
774	1271
775	1721
776	2773
777	1982
778	2016
779	1580
780	1624
781	1681
782	1649
783	1078
784	1141
785	1219
786	1128
787	489
788	1554
789	1287
790	782
791	916
792	996
793	1611
794	1044
795	1166
796	1519
797	1588
798	1284
799	1228
800	1415
801	1221
802	911
803	1038
804	1736
805	1776
806	1815
807	1605
808	1675
809	2151
810	2019
811	2841
812	2353
813	2394
814	2391
815	1212
816	734
817	849
818	609
819	743
820	887
821	1005
822	983
823	1519
824	1606
825	1107
826	1497
827	2567
828	1490
829	1506
830	1444
831	1713
832	1609
833	1652
834	1733
835	1793
836	1858
837	2756
838	1706
839	962
840	1085
841	1170
842	840
843	1446
844	1599
845	1346
846	2548
847	2654
848	7996
849	3345
850	2628
851	3931
852	3527
853	2771
854	2675
855	2624
856	2546
857	1220
858	862
859	987
860	1110
861	1104
862	2387
863	2314
864	1818
865	815
866	997
867	873
868	1000
869	1097
870	1164
871	1540
872	1196
873	2108
874	983
875	511
876	644
877	776
878	626
879	853
880	1576
881	1648
882	795
883	1421
884	986
885	2187
886	1043
887	484
888	607
889	730
890	1308
891	1377
892	1466
893	2244
894	1156
895	1250
896	1337
897	2046
898	2770
899	3250
900	1377
901	1554
902	2303
903	2092
904	2006
905	1725
906	1727
907	1649
908	2830
909	2794
910	1552
911	1031
912	1168
913	2995
914	1694
915	1817
916	1257
917	691
918	817
919	936
920	1035
921	1140
922	1584
923	1366
924	1786
925	1779
926	1510
927	1587
928	1625
929	1675
930	1724
931	1961
932	1516
933	1182
934	1071
935	1236
936	1026
937	872
938	3989
939	966
940	1517
941	1588
942	2458
943	1448
944	1423
945	2011
946	1590
947	2905
948	1564
949	1034
950	2008
951	1311
952	1390
953	1029
954	565
955	1048
956	1487
957	1895
958	1965
959	1781
960	4305
961	4457
962	4491
963	3370
964	4511
965	4226
966	3333
967	3319
968	3246
969	3187
970	2794
971	2664
972	733
973	1409
974	1442
975	778
976	899
977	1951
978	2119
979	1735
980	1768
981	1798
982	1830
983	2163
984	2597
985	3146
986	1516
987	1260
988	651
989	697
990	1587
991	1640
992	1001
993	281
994	1194
995	1686
996	1754
997	1791
998	2308
999	1292
1000	2674
1001	2720
1002	2741
1003	2749
1004	1526
1005	412
1006	532
1007	672
1008	791
1009	815
1010	584
1011	733
1012	873
1013	988
1014	1117
1015	2403
1016	2484
1017	2559
1018	2589
1019	1897
1020	1921
1021	1969
1022	710
1023	825
1024	913
1025	1565
1026	1639
1027	1320
1028	1384
1029	1070
1030	1059
1031	1614
1032	1648
1033	1372
1034	1489
1035	1012
1036	2717
1037	2515
1038	2449
1039	1995
1040	2020
1041	1703
1042	1619
1043	1491
1044	1526
1045	1613
1046	1313
1047	1198
1048	907
1049	999
1050	1075
1051	1160
1052	850
1053	907
1054	968
1055	1056
1056	1835
1057	971
1058	1613
1059	1113
1060	1240
1061	819
1062	948
1063	1018
1064	1509
1065	1130
1066	1222
1067	1321
1068	1376
1069	2060
1070	2015
1071	1678
1072	960
1073	1052
1074	1769
1075	989
1076	1083
1077	1175
1078	1264
1079	1293
1080	1393
1081	1458
1082	1498
1083	832
1084	930
1085	1038
1086	2637
1087	2543
1088	2558
1089	2441
1090	1258
1091	912
1092	1680
1093	1697
1094	1779
1095	1160
1096	1335
1097	862
1098	602
1099	744
1100	1048
1101	1135
1102	923
1103	1014
1104	1127
1105	1231
1106	1247
1107	834
1108	1463
1109	1525
1110	1603
1111	1206
1112	1808
1113	1674
1114	1593
1115	1624
1116	1662
1117	1062
1118	1131
1119	1223
1120	1392
1121	754
1122	860
1123	381
1124	738
1125	879
1126	1128
1127	993
1128	1120
1129	2172
1130	1248
1131	1345
1132	1429
1133	1599
1134	778
1135	994
1136	2301
1137	1126
1138	1059
1139	1146
1140	1546
1141	4128
1142	3548
1143	3422
1144	2859
1145	3004
1146	1289
1147	1620
1148	1703
1149	1514
1150	1215
1151	1048
1152	1186
1153	1278
1154	1086
1155	1093
1156	1861
1157	1874
1158	1016
1159	1138
1160	1263
1161	1250
1162	1225
1163	783
1164	2152
1165	764
1166	897
1167	1863
1168	1919
1169	1990
1170	2000
1171	1946
1172	2016
1173	1435
1174	2370
1175	1683
1176	1844
1177	1858
1178	1583
1179	1806
1180	1649
1181	1339
1182	1777
1183	1755
1184	1746
1185	2057
1186	855
1187	845
1188	1381
1189	1374
1190	1444
1191	1511
1192	1563
1193	2134
1194	2180
1195	1773
1196	1344
1197	1422
1198	1106
1199	1668
1200	229
1201	1507
1202	1680
1203	1366
1204	959
1205	1422
1206	1511
1207	1150
1208	1236
1209	1335
1210	694
1211	937
1212	1047
1213	1163
1214	1255
1215	1329
1216	1611
1217	2039
1218	1075
1219	1147
1220	1702
1221	660
1222	803
1223	936
1224	1031
1225	1139
1226	1200
1227	1298
1228	1389
1229	1204
1230	841
1231	984
1232	1811
1233	1857
1234	792
1235	892
1236	718
1237	762
1238	398
1239	1332
1240	1271
1241	1121
1242	1786
1243	1310
1244	1389
1245	1513
1246	1088
1247	1562
1248	1237
1249	1302
1250	1925
1251	1899
1252	1154
1253	1074
1254	438
1255	1225
1256	1269
1257	1059
1258	991
1259	1586
1260	1337
1261	1055
1262	1191
1263	1165
1264	1348
1265	1661
1266	1109
1267	715
1268	1136
1269	927
1270	1256
1271	1097
1272	1161
1273	854
1274	886
1275	393
1276	713
1277	493
1278	627
1279	1289
1280	874
1281	739
1282	869
1283	1005
1284	2238
1285	1590
1286	1139
1287	1897
1288	1860
1289	1562
1290	2020
1291	1623
1292	2033
1293	2090
1294	1193
1295	1494
1296	1069
1297	874
1298	803
1299	663
1300	523
1301	1121
1302	1403
1303	1477
1304	1545
1305	1614
1306	430
1307	622
1308	612
1309	1845
1310	1784
1311	1113
1312	751
1313	1112
1314	1632
1315	1239
1316	1294
1317	1377
1318	1060
1319	804
1320	1321
1321	1369
1322	1135
1323	990
1324	1168
1325	1271
1326	1304
1327	2468
1328	1466
1329	1228
1330	1336
1331	2977
1332	2923
1333	2865
1334	2404
1335	3226
1336	1887
1337	1926
1338	1936
1339	2221
1340	978
1341	488
1342	557
1343	671
1344	803
1345	909
1346	1023
1347	1101
1348	1214
1349	1228
1350	727
1351	849
1352	960
1353	1121
1354	1210
1355	563
1356	2254
1357	2285
1358	2259
1359	2277
1360	872
1361	369
1362	470
1363	607
1364	745
1365	892
1366	805
1367	900
1368	548
1369	675
1370	803
1371	1356
1372	1447
1373	1513
1374	2413
1375	2655
1376	1330
1377	1119
1378	811
1379	1509
1380	1621
1381	1668
1382	1737
1383	1120
1384	1221
1385	1313
1386	1392
1387	1495
1388	1477
1389	1440
1390	1483
1391	1533
1392	1586
1393	1290
1394	735
1395	593
1396	775
1397	2869
1398	1368
1399	965
1400	1590
1401	1005
1402	1308
1403	1813
1404	1861
1405	1349
1406	1366
1407	1432
1408	1503
1409	1012
1410	1051
1411	2011
1412	862
1413	1287
1414	1407
1415	1229
1416	972
1417	1098
1418	1242
1419	2370
1420	2415
1421	1425
1422	1497
1423	1590
1424	1645
1425	2336
1426	2752
1427	3474
1428	3051
1429	1535
1430	2249
1431	3575
1432	2927
1433	2841
1434	2734
1435	3744
1436	3407
1437	3565
1438	3235
1439	1531
1440	1847
1441	1085
1442	1194
1443	1271
1444	1436
1445	1190
1446	2151
1447	2118
1448	1668
1449	1655
1450	1772
1451	1887
1452	1929
1453	1980
1454	1020
1455	1974
1456	1362
1457	1739
1458	1730
1459	1394
1460	1061
1461	1277
1462	1521
1463	2029
1464	2554
1465	2599
1466	1340
1467	924
1468	1011
1469	681
1470	832
1471	1220
1472	507
1473	676
1474	799
1475	878
1476	2065
1477	1886
1478	1953
1479	2013
1480	2063
1481	2105
1482	1405
1483	1000
1484	1106
1485	953
1486	1649
1487	1655
1488	1693
1489	1095
1490	808
1491	904
1492	821
1493	939
1494	1034
1495	1929
1496	1641
1497	923
1498	1248
1499	891
1500	1262
1501	1501
1502	1557
1503	1041
1504	691
1505	1925
1506	1950
1507	1432
1508	1510
1509	1252
1510	1366
1511	1296
1512	1466
1513	1454
1514	1086
1515	1577
1516	2059
1517	1098
1518	1176
1519	1215
1520	1283
1521	1166
1522	1007
1523	1132
1524	1238
1525	1024
1526	1497
1527	1130
1528	1114
1529	933
1530	1614
1531	2454
1532	2454
1533	2804
1534	1610
1535	1602
1536	1693
1537	1932
1538	1976
1539	861
1540	1656
1541	1757
1542	1810
1543	1750
1544	1765
1545	1723
1546	940
1547	894
1548	999
1549	1089
1550	1794
1551	1369
1552	1093
1553	246
1554	388
1555	402
1556	578
1557	811
1558	1585
1559	1328
1560	1636
1561	1588
1562	1201
1563	1314
1564	1383
1565	2159
1566	2067
1567	2299
1568	1608
1569	1635
1570	1640
1571	1555
1572	2896
1573	1168
1574	936
1575	1022
1576	1114
1577	1229
1578	1328
1579	1429
1580	1704
1581	1795
1582	1787
1583	1572
1584	1617
1585	1692
1586	1053
1587	1154
1588	1314
1589	1860
1590	1465
1591	1862
1592	779
1593	907
1594	989
1595	1092
1596	1189
1597	1217
1598	1028
1599	656
1600	844
1601	967
1602	752
1603	1279
1604	738
1605	1507
1606	1053
1607	1396
1608	472
1609	1210
1610	1293
1611	1191
1612	1247
1613	1317
1614	1376
1615	1907
1616	1797
1617	1994
1618	1697
1619	1083
1620	1549
1621	1060
1622	1044
1623	1049
1624	1062
1625	998
1626	1081
1627	1412
1628	1533
1629	1870
1630	1334
1631	2033
1632	1512
1633	1582
1634	2077
1635	1536
1636	1648
1637	1431
1638	1452
1639	2269
1640	1530
1641	1309
1642	2042
1643	1572
1644	1358
1645	638
1646	781
1647	1400
1648	1079
1649	1166
1650	1249
1651	1185
1652	1296
1653	2659
1654	3629
1655	1672
1656	1460
1657	1763
1658	1110
1659	1226
1660	1804
1661	1086
1662	1801
1663	1855
1664	1684
1665	963
1666	1073
1667	443
1668	1559
1669	793
1670	864
1671	1316
1672	2517
1673	1764
1674	2457
1675	1332
1676	714
1677	838
1678	1153
1679	1255
1680	1790
1681	1916
1682	1900
1683	1961
1684	1993
1685	571
1686	873
1687	1094
1688	1901
1689	1949
1690	1288
1691	837
1692	935
1693	962
1694	1072
1695	1197
1696	1271
1697	1801
1698	2228
1699	1817
1700	2606
1701	1407
1702	1231
1703	1084
1704	1057
1705	785
1706	1416
1707	1404
1708	1028
1709	1482
1710	1017
1711	1123
1712	1204
1713	876
1714	863
1715	996
1716	1113
1717	1213
1718	1846
1719	1727
1720	1634
1721	1437
1722	2754
1723	1954
1724	1901
1725	1907
1726	985
1727	1456
1728	1395
1729	1488
1730	1349
1731	1149
1732	1212
1733	1177
1734	1290
1735	1149
1736	1209
1737	738
1738	1105
1739	1226
1740	491
1741	2228
1742	2265
1743	2639
1744	3022
1745	3056
1746	3005
1747	2615
1748	2603
1749	2512
1750	2982
1751	2971
1752	2543
1753	2123
1754	689
1755	171
1756	1704
1757	2165
1758	1252
1759	682
1760	1068
1761	607
1762	724
1763	780
1764	968
1765	864
1766	579
1767	787
1768	765
1769	770
1770	863
1771	1349
1772	825
1773	3575
1774	1040
1775	609
1776	778
1777	893
1778	781
1779	817
1780	887
1781	1046
1782	1085
1783	1707
1784	1674
1785	621
1786	741
1787	875
1788	1579
1789	1282
1790	1471
1791	633
1792	738
1793	737
1794	618
1795	741
1796	860
1797	1574
1798	1664
1799	1551
1800	1571
1801	2485
1802	2864
1803	1765
1804	1805
1805	1854
1806	1663
1807	1720
1808	1773
1809	2354
1810	1836
1811	1755
1812	1780
1813	2312
1814	1681
1815	1189
1816	1302
1817	1388
1818	1445
1819	1515
1820	1319
1821	1994
1822	1433
1823	1600
1824	1369
1825	1405
1826	1130
1827	1017
1828	2264
1829	578
1830	337
1831	539
1832	1068
1833	1182
1834	1294
1835	1428
1836	1510
1837	1697
1838	1143
1839	1274
1840	989
1841	663
1842	628
1843	588
1844	711
1845	1408
1846	619
1847	751
1848	695
1849	833
1850	644
1851	741
1852	601
1853	1099
1854	1109
1855	1083
1856	1408
1857	1378
1858	1389
1859	1224
1860	967
1861	1082
1862	670
1863	1316
1864	1244
1865	400
1866	551
1867	689
1868	524
1869	824
1870	829
1871	750
1872	1617
1873	3019
1874	2985
1875	2952
1876	1886
1877	1853
1878	1413
1879	1187
1880	1973
1881	1608
1882	1054
1883	778
1884	887
1885	1010
1886	1104
1887	1194
1888	1294
1889	1406
1890	2137
1891	2143
1892	1952
1893	2708
1894	2146
1895	1486
1896	428
1897	487
1898	637
1899	483
1900	572
1901	1161
1902	956
1903	991
1904	1000
1905	1103
1906	1211
1907	1612
1908	1376
1909	2398
1910	2648
1911	1543
1912	1548
1913	1671
1914	1964
1915	2040
1916	1802
1917	948
1918	1502
1919	1495
1920	1353
1921	768
1922	818
1923	904
1924	1438
1925	2022
1926	844
1927	616
1928	309
1929	607
1930	741
1931	621
1932	761
1933	851
1934	319
1935	266
1936	433
1937	794
1938	1133
1939	1074
1940	521
1941	843
1942	723
1943	824
1944	1300
1945	1059
1946	1178
1947	1194
1948	1125
1949	1197
1950	1263
1951	715
1952	797
1953	904
1954	1004
1955	1135
1956	826
1957	760
1958	1740
1959	1177
1960	1253
1961	1347
1962	1455
1963	1275
1964	1372
1965	1470
1966	1481
1967	1049
1968	1149
1969	1184
1970	668
1971	1343
1972	934
1973	1117
1974	1197
1975	1223
1976	983
1977	1125
1978	1105
1979	1259
1980	1624
1981	2115
1982	629
1983	1011
1984	1098
1985	721
1986	883
1987	677
1988	458
1989	595
1990	1024
1991	974
1992	2845
1993	592
1994	844
1995	1616
1996	1739
1997	1987
1998	2039
1999	2046
2000	2307
2001	2304
2002	3418
2003	2516
2004	1931
2005	1802
2006	627
2007	687
2008	793
2009	682
2010	877
2011	935
2012	2335
2013	2620
2014	3490
2015	2221
2016	2147
2017	1636
2018	1687
2019	1683
2020	1134
2021	987
2022	469
2023	654
2024	1958
2025	1305
2026	1806
2027	1698
2028	1049
2029	1892
2030	2886
2031	1542
2032	2335
2033	2128
2034	2713
2035	962
2036	1355
2037	1415
2038	1609
2039	1582
2040	2020
2041	1783
2042	1869
2043	2421
2044	575
2045	756
2046	821
2047	944
2048	1504
2049	1599
2050	1182
2051	1541
2052	1432
2053	1871
2054	1928
2055	2020
2056	2099
2057	2097
2058	1995
2059	1543
2060	2284
2061	1854
2062	1887
2063	2386
2064	1960
2065	1943
2066	1031
2067	909
2068	708
2069	1182
2070	1293
2071	1049
2072	1132
2073	1311
2074	1477
2075	1565
2076	986
2077	850
2078	890
2079	1406
2080	1516
2081	1522
2082	1466
2083	1430
2084	1005
2085	848
2086	1571
2087	714
2088	848
2089	1152
2090	644
2091	468
2092	617
2093	757
2094	1859
2095	1269
2096	1384
2097	1433
2098	1502
2099	1570
2100	1249
2101	1257
2102	1369
2103	2014
2104	1283
2105	1367
2106	1417
2107	1150
2108	1306
2109	480
2110	304
2111	595
2112	1157
2113	865
2114	1425
2115	1493
2116	1584
2117	1572
2118	1627
2119	1655
2120	1198
2121	1286
2122	1346
2123	1686
2124	1195
2125	1277
2126	590
2127	870
2128	688
2129	1512
2130	994
2131	1625
2132	612
2133	1133
2134	1250
2135	1314
2136	1418
2137	1733
2138	1826
2139	943
2140	876
2141	369
2142	523
2143	782
2144	1582
2145	1234
2146	1319
2147	1839
2148	1379
2149	946
2150	1084
2151	1331
2152	1433
2153	2118
2154	2105
2155	2001
2156	1618
2157	2210
2158	1331
2159	1661
2160	664
2161	647
2162	715
2163	800
2164	849
2165	934
2166	1445
2167	1443
2168	1438
2169	2815
2170	235
2171	949
2172	1210
2173	295
2174	1944
2175	1595
2176	2532
2177	2443
2178	1654
2179	1613
2180	1668
2181	1237
2182	1095
2183	1233
2184	1327
2185	1056
2186	897
2187	567
2188	473
2189	730
2190	943
2191	1059
2192	1152
2193	787
2194	1019
2195	1089
2196	788
2197	913
2198	1026
2199	1543
2200	1479
2201	1543
2202	1522
2203	883
2204	1106
2205	939
2206	983
2207	534
2208	725
2209	2008
2210	1042
2211	1638
2212	905
2213	1009
2214	834
2215	962
2216	1416
2217	1154
2218	1175
2219	1312
2220	996
2221	970
2222	665
2223	789
2224	886
2225	1200
2226	879
2227	1183
2228	1156
2229	1438
2230	780
2231	259
2232	971
2233	935
2234	1575
2235	1563
2236	1465
2237	1729
2238	1269
2239	1836
2240	2023
2241	1207
2242	701
2243	812
2244	1239
2245	2293
2246	1975
2247	1112
2248	1361
2249	1154
2250	1221
2251	1298
2252	2035
2253	1028
2254	494
2255	480
2256	627
2257	760
2258	891
2259	1015
2260	1159
2261	1210
2262	2052
2263	1623
2264	1662
2265	959
2266	981
2267	1035
2268	636
2269	777
2270	879
2271	1044
2272	1748
2273	1795
2274	964
2275	1160
2276	1741
2277	1786
2278	849
2279	938
2280	1031
2281	1125
2282	2265
2283	1866
2284	1917
2285	1648
2286	382
2287	516
2288	713
2289	848
2290	966
2291	1064
2292	1215
2293	1203
2294	1332
2295	236
2296	388
2297	513
2298	686
2299	1134
2300	907
2301	1062
2302	764
2303	552
2304	734
2305	1195
2306	1919
2307	925
2308	995
2309	796
2310	910
2311	1008
2312	1754
2313	1855
2314	1879
2315	1895
2316	950
2317	1040
2318	1082
2319	1228
2320	1292
2321	1319
2322	1390
2323	1471
2324	935
2325	1019
2326	1177
2327	653
2328	311
2329	316
2330	364
2331	659
2332	1616
2333	777
2334	925
2335	1043
2336	1178
2337	1358
2338	1891
2339	1963
2340	2018
2341	1221
2342	1302
2343	1044
2344	1126
2345	1222
2346	1592
2347	1534
2348	1103
2349	654
2350	1034
2351	2078
2352	2764
2353	1618
2354	1477
2355	3473
2356	397
2357	1022
2358	1255
2359	676
2360	1592
2361	1610
2362	1836
2363	1930
2364	2486
2365	1459
2366	1562
2367	2676
2368	3709
2369	1067
2370	642
2371	756
2372	1361
2373	1776
2374	838
2375	834
2376	893
2377	408
2378	524
2379	1044
2380	1149
2381	1247
2382	2077
2383	1787
2384	1857
2385	1909
2386	1832
2387	1873
2388	1922
2389	1247
2390	1320
2391	1338
2392	678
2393	717
2394	964
2395	1486
2396	2430
2397	2397
2398	2347
2399	4333
2400	4546
2401	4458
2402	582
2403	615
2404	404
2405	566
2406	793
2407	929
2408	1114
2409	1241
2410	1232
2411	833
2412	935
2413	1046
2414	1205
2415	1221
2416	1245
2417	1266
2418	1550
2419	1041
2420	1025
2421	940
2422	423
2423	556
2424	674
2425	681
2426	737
2427	755
2428	818
2429	698
2430	828
2431	1029
2432	1166
2433	1247
2434	1289
2435	1308
2436	1760
2437	1804
2438	1202
2439	919
2440	1030
2441	500
2442	533
2443	743
2444	754
2445	882
2446	1010
2447	997
2448	1668
2449	1083
2450	1185
2451	1300
2452	1300
2453	1469
2454	1445
2455	1104
2456	1220
2457	1313
2458	1392
2459	1407
2460	713
2461	780
2462	1201
2463	1517
2464	2138
2465	2136
2466	654
2467	754
2468	891
2469	1020
2470	1141
2471	1232
2472	1319
2473	2235
2474	2262
2475	2279
2476	934
2477	951
2478	1878
2479	2102
2480	1556
2481	1597
2482	1085
2483	1184
2484	1489
2485	1283
2486	852
2487	1041
2488	1147
2489	1278
2490	1272
2491	1875
2492	1246
2493	1266
2494	1635
2495	960
2496	765
2497	820
2498	446
2499	587
2500	1366
2501	817
2502	963
2503	1253
2504	1236
2505	1395
2506	1553
2507	1107
2508	716
2509	817
2510	923
2511	1024
2512	1111
2513	1151
2514	1239
2515	1335
2516	1379
2517	1466
2518	1612
2519	807
2520	933
2521	1063
2522	494
2523	764
2524	771
2525	1511
2526	1541
2527	1016
2528	464
2529	1237
2530	1461
2531	1955
2532	936
2533	981
2534	1059
2535	1142
2536	1244
2537	1451
2538	1705
2539	1158
2540	569
2541	683
2542	918
2543	666
2544	757
2545	840
2546	1074
2547	1172
2548	1589
2549	1177
2550	1276
2551	978
2552	514
2553	644
2554	1346
2555	1410
2556	1493
2557	977
2558	1175
2559	1189
2560	680
2561	805
2562	920
2563	1029
2564	836
2565	988
2566	685
2567	794
2568	1623
2569	1013
2570	1242
2571	890
2572	1124
2573	1064
2574	1140
2575	1153
2576	897
2577	1013
2578	593
2579	529
2580	689
2581	1096
2582	1200
2583	754
2584	405
2585	501
2586	591
2587	662
2588	997
2589	736
2590	798
2591	235
2592	519
2593	816
2594	958
2595	921
2596	1063
2597	1199
2598	1294
2599	1814
2600	1450
2601	1975
2602	1520
2603	605
2604	332
2605	489
2606	650
2607	908
2608	1024
2609	968
2610	2750
2611	2831
2612	1714
2613	1367
2614	1471
2615	1543
2616	1463
2617	825
2618	948
2619	1028
2620	1111
2621	956
2622	1070
2623	1168
2624	1177
2625	1348
2626	1490
2627	1555
2628	1304
2629	1397
2630	1602
2631	1536
2632	1632
2633	259
2634	417
2635	337
2636	481
2637	632
2638	795
2639	962
2640	1066
2641	969
2642	1066
2643	1135
2644	1240
2645	1339
2646	1393
2647	962
2648	1053
2649	1159
2650	1328
2651	1368
2652	2432
2653	1728
2654	1333
2655	2023
2656	2244
2657	2266
2658	1660
2659	1468
2660	1721
2661	1926
2662	698
2663	839
2664	970
2665	1085
2666	1249
2667	931
2668	967
2669	798
2670	911
2671	1672
2672	1723
2673	1701
2674	1221
2675	1267
2676	1209
2677	1389
2678	1135
2679	1168
2680	723
2681	1101
2682	1203
2683	1288
2684	867
2685	978
2686	1339
2687	1609
2688	1686
2689	2091
2690	826
2691	913
2692	985
2693	1087
2694	715
2695	840
2696	952
2697	888
2698	1172
2699	625
2700	762
2701	895
2702	1012
2703	1119
2704	1220
2705	1310
2706	1432
2707	1505
2708	1495
2709	1148
2710	961
2711	1066
2712	500
2713	645
2714	741
2715	454
2716	579
2717	718
2718	902
2719	1487
2720	1555
2721	1593
2722	791
2723	863
2724	1715
2725	661
2726	1153
2727	954
2728	1063
2729	563
2730	671
2731	849
2732	1006
2733	840
2734	1058
2735	903
2736	1411
2737	1052
2738	955
2739	868
2740	1185
2741	1268
2742	673
2743	1124
2744	1298
2745	877
2746	435
2747	582
2748	716
2749	863
2750	994
2751	1120
2752	1169
2753	1338
2754	1207
2755	1261
2756	1363
2757	841
2758	1028
2759	1125
2760	1245
2761	1223
2762	1279
2763	733
2764	870
2765	939
2766	609
2767	541
2768	736
2769	1643
2770	1141
2771	748
2772	872
2773	991
2774	1105
2775	1200
2776	1818
2777	1869
2778	1880
2779	1424
2780	1511
2781	1925
2782	2128
2783	2131
2784	2976
2785	2855
2786	1983
2787	2866
2788	2249
2789	435
2790	539
2791	585
2792	632
2793	745
2794	885
2795	903
2796	1016
2797	1034
2798	1157
2799	881
2800	1000
2801	1107
2802	1197
2803	1377
2804	855
2805	1315
2806	1405
2807	1503
2808	902
2809	416
2810	708
2811	586
2812	903
2813	606
2814	1743
2815	1339
2816	1363
2817	1456
2818	1555
2819	1242
2820	1279
2821	2195
2822	2224
2823	2236
2824	1479
2825	1013
2826	1670
2827	1709
2828	1784
2829	1860
2830	1537
2831	1568
2832	1029
2833	649
2834	997
2835	1742
2836	1129
2837	1223
2838	1287
2839	1355
2840	1394
2841	661
2842	1253
2843	1360
2844	852
2845	967
2846	1037
2847	764
2848	888
2849	1422
2850	1060
2851	1184
2852	1296
2853	1378
2854	1455
2855	934
2856	1535
2857	1534
2858	950
2859	1046
2860	1173
2861	426
2862	1072
2863	1219
2864	2286
2865	2144
2866	1166
2867	797
2868	922
2869	933
2870	1056
2871	1101
2872	548
2873	698
2874	841
2875	967
2876	1106
2877	1239
2878	1347
2879	1458
2880	1635
2881	1635
2882	1707
2883	1768
2884	1851
2885	1888
2886	2572
2887	975
2888	1064
2889	1179
2890	1183
2891	980
2892	1053
2893	1155
2894	1216
2895	507
2896	324
2897	383
2898	559
2899	960
2900	1102
2901	1204
2902	872
2903	986
2904	1083
2905	1046
2906	448
2907	556
2908	694
2909	996
2910	1079
2911	888
2912	1014
2913	1081
2914	651
2915	1318
2916	1590
2917	1148
2918	1579
2919	1064
2920	920
2921	1776
2922	1154
2923	1290
2924	1362
2925	961
2926	1074
2927	2615
2928	2598
2929	2553
2930	1699
2931	336
2932	473
2933	663
2934	1022
2935	928
2936	1257
2937	1013
2938	1062
2939	970
2940	1147
2941	1232
2942	1384
2943	1188
2944	1434
2945	668
2946	493
2947	648
2948	1355
2949	1524
2950	904
2951	1537
2952	1089
2953	1213
2954	1778
2955	1833
2956	1425
2957	1770
2958	197
2959	305
2960	414
2961	466
2962	508
2963	779
2964	656
2965	772
2966	1023
2967	1134
2968	1044
2969	1155
2970	1706
2971	1710
2972	1610
2973	1079
2974	1491
2975	1532
2976	1598
2977	1649
2978	1701
2979	1285
2980	1819
2981	1757
2982	822
2983	705
2984	832
2985	620
2986	770
2987	1337
2988	539
2989	678
2990	863
2991	1040
2992	1167
2993	1047
2994	1141
2995	2403
2996	1343
2997	2017
2998	2035
2999	2669
3000	941
3001	944
3002	1070
3003	1207
3004	1569
3005	1206
3006	419
3007	527
3008	598
3009	717
3010	816
3011	1012
3012	940
3013	617
3014	1218
3015	1149
3016	1245
3017	670
3018	725
3019	2051
3020	103
3021	184
3022	478
3023	542
3024	434
3025	491
3026	993
3027	587
3028	647
3029	665
3030	699
3031	727
3032	754
3033	799
3034	829
3035	849
3036	909
3037	769
3038	233
3039	305
3040	499
3041	626
3042	687
3043	638
3044	683
3045	498
3046	552
3047	394
3048	441
3049	544
3050	583
3051	329
3052	380
3053	445
3054	447
3055	101
3056	181
3057	246
3058	310
3059	1170
3060	1179
3061	333
3062	379
3063	990
3064	1013
3065	974
3066	1003
3067	1006
3068	1023
3069	645
3070	531
3071	589
3072	613
3073	216
3074	276
3075	738
3076	372
3077	448
3078	1351
3079	1109
3080	1124
3081	524
3082	588
3083	625
3084	660
3085	716
3086	745
3087	1510
3088	1514
3089	699
3090	189
3091	271
3092	340
3093	184
3094	256
3095	329
3096	387
3097	917
3098	954
3099	967
3100	488
3101	567
3102	617
3103	632
3104	668
3105	87
3106	175
3107	266
3108	329
3109	387
3110	461
3111	522
3112	589
3113	1122
3114	1214
3115	550
3116	1438
3117	1412
3118	1098
3119	1189
3120	1188
3121	1020
3122	1000
3123	918
3124	951
3125	419
3126	467
3127	855
3128	498
3129	511
3130	115
3131	796
3132	231
3133	311
3134	524
3135	641
3136	696
3137	1107
3138	1143
3139	1147
3140	1843
3141	1676
3142	389
3143	433
3144	465
3145	514
3146	1371
3147	1288
3148	964
3149	478
3150	562
3151	515
3152	559
3153	605
3154	642
3155	696
3156	743
3157	520
3158	192
3159	205
3160	274
3161	351
3162	419
3163	492
3164	559
3165	556
3166	676
3167	637
3168	754
3169	793
3170	1106
3171	1291
3172	1046
3173	1310
3174	1869
3175	456
3176	557
3177	521
3178	531
3179	181
3180	265
3181	525
3182	1189
3183	1185
3184	1001
3185	1195
3186	503
3187	638
3188	680
3189	716
3190	727
3191	768
3192	788
3193	342
3194	580
3195	629
3196	1354
3197	1348
3198	1353
3199	1337
3200	368
3201	603
3202	464
3203	659
3204	288
3205	540
3206	581
3207	628
3208	683
3209	558
3210	595
3211	100
3212	287
3213	359
3214	441
3215	488
3216	556
3217	1138
3218	1116
3219	1034
3220	509
3221	429
3222	546
3223	622
3224	186
3225	267
3226	337
3227	388
3228	453
3229	518
3230	518
3231	92
3232	184
3233	258
3234	328
3235	389
3236	465
3237	532
3238	587
3239	655
3240	698
3241	732
3242	764
3243	836
3244	835
3245	107
3246	183
3247	251
3248	337
3249	399
3250	471
3251	531
3252	586
3253	669
3254	732
3255	780
3256	801
3257	125
3258	202
3259	279
3260	615
3261	667
3262	727
3263	781
3264	814
3265	850
3266	167
3267	251
3268	318
3269	380
3270	410
3271	109
3272	197
3273	278
3274	360
3275	424
3276	493
3277	560
3278	1390
3279	1094
3280	1098
3281	1119
3282	1142
3283	1155
3284	547
3285	577
3286	621
3287	642
3288	680
3289	404
3290	345
3291	427
3292	479
3293	208
3294	1002
3295	719
3296	138
3297	432
3298	497
3299	292
3300	795
3301	836
3302	870
3303	891
3304	666
3305	320
3306	378
3307	445
3308	505
3309	1472
3310	1762
3311	1765
3312	1083
3313	1251
3314	1100
3315	77
3316	1059
3317	1122
3318	775
3319	943
3320	259
3321	319
3322	377
3323	447
3324	497
3325	1175
3326	1184
3327	1170
3328	1168
3329	914
3330	1484
3331	1466
3332	627
3333	419
3334	477
3335	205
3336	433
3337	484
3338	527
3339	583
3340	624
3341	168
3342	232
3343	471
3344	512
3345	582
3346	625
3347	570
3348	623
3349	547
3350	130
3351	188
3352	388
3353	290
3354	1024
3355	1046
3356	1064
3357	1044
3358	474
3359	659
3360	659
3361	703
3362	738
3363	468
3364	530
3365	580
3366	593
3367	629
3368	681
3369	711
3370	110
3371	180
3372	263
3373	398
3374	465
3375	531
3376	530
3377	589
3378	650
3379	636
3380	673
3381	764
3382	798
3383	828
3384	683
3385	714
3386	1065
3387	1204
3388	1517
3389	544
3390	178
3391	385
3392	510
3393	392
3394	468
3395	680
3396	122
3397	194
3398	270
3399	328
3400	411
3401	449
3402	521
3403	577
3404	626
3405	1935
3406	1901
3407	1824
3408	1184
3409	1183
3410	476
3411	525
3412	585
3413	629
3414	219
3415	299
3416	364
3417	437
3418	515
3419	1305
3420	1310
3421	1302
3422	1297
3423	1292
3424	1280
3425	442
3426	480
3427	517
3428	566
3429	599
3430	627
3431	657
3432	694
3433	727
3434	766
3435	820
3436	243
3437	289
3438	723
3439	920
3440	558
3441	205
3442	318
3443	390
3444	452
3445	417
3446	577
3447	620
3448	632
3449	670
3450	707
3451	508
3452	269
3453	347
3454	408
3455	544
3456	657
3457	639
3458	726
3459	941
3460	772
3461	719
3462	755
3463	805
3464	183
3465	238
3466	306
3467	381
3468	445
3469	494
3470	560
3471	615
3472	654
3473	696
3474	696
3475	104
3476	160
3477	238
3478	308
3479	364
3480	459
3481	520
3482	567
3483	605
3484	663
3485	699
3486	450
3487	329
3488	392
3489	850
3490	859
3491	889
3492	907
3493	916
3494	931
3495	936
3496	938
3497	530
3498	569
3499	631
3500	635
3501	715
3502	725
3503	748
3504	784
3505	449
3506	1064
3507	1036
3508	1024
3509	1027
3510	221
3511	508
3512	454
3513	489
3514	793
3515	829
3516	866
3517	883
3518	906
3519	927
3520	945
3521	966
3522	578
3523	364
3524	117
3525	194
3526	1124
3527	1124
3528	1129
3529	1093
3530	1117
3531	1132
3532	1146
3533	681
3534	1370
3535	1355
3536	340
3537	401
3538	494
3539	500
3540	310
3541	286
3542	907
3543	934
3544	812
3545	821
3546	824
3547	832
3548	337
3549	426
3550	98
3551	355
3552	423
3553	408
3554	433
3555	275
3556	359
3557	464
3558	466
3559	521
3560	1150
3561	1157
3562	1381
3563	307
3564	363
3565	426
3566	508
3567	568
3568	435
3569	493
3570	337
3571	640
3572	687
3573	722
3574	433
3575	493
3576	828
3577	862
3578	113
3579	184
3580	241
3581	314
3582	403
3583	452
3584	801
3585	953
3586	964
3587	835
3588	976
3589	986
3590	1177
3591	1164
3592	630
3593	864
3594	105
3595	120
3596	1085
3597	842
3598	898
3599	323
3600	397
3601	209
3602	1111
3603	1151
3604	1170
3605	1175
3606	1129
3607	375
3608	430
3609	985
3610	883
3611	155
3612	239
3613	1105
3614	1120
3615	1180
3616	1174
3617	1170
3618	1161
3619	374
3620	411
3621	447
3622	362
3623	243
3624	830
3625	890
3626	885
3627	903
3628	903
3629	379
3630	389
3631	132
3632	326
3633	824
3634	852
3635	887
3636	900
3637	815
3638	410
3639	415
3640	298
3641	384
3642	519
3643	192
3644	250
3645	898
3646	840
3647	858
3648	874
3649	889
3650	889
3651	898
3652	890
3653	353
3654	415
3655	470
3656	487
3657	207
3658	282
3659	371
3660	751
3661	783
3662	804
3663	1421
3664	1411
3665	1364
3666	904
3667	429
3668	304
3669	524
3670	589
3671	439
3672	493
3673	602
3674	653
3675	730
3676	760
3677	791
3678	816
3679	1134
3680	1160
3681	901
3682	673
3683	704
3684	762
3685	622
3686	524
3687	135
3688	278
3689	358
3690	428
3691	460
3692	515
3693	564
3694	629
3695	652
3696	690
3697	738
3698	761
3699	623
3700	644
3701	1106
3702	1135
3703	1152
3704	475
3705	150
3706	397
3707	460
3708	509
3709	544
3710	109
3711	187
3712	268
3713	356
3714	433
3715	499
3716	386
3717	424
3718	468
3719	303
3720	418
3721	495
3722	549
3723	426
3724	473
3725	128
3726	193
3727	722
3728	468
3729	506
3730	535
3731	585
3732	379
3733	800
3734	817
3735	857
3736	1128
3737	1146
3738	1103
3739	539
3740	200
3741	278
3742	398
3743	395
3744	460
3745	511
3746	554
3747	361
3748	412
3749	481
3750	501
3751	738
3752	1111
3753	972
3754	1148
3755	1030
3756	1194
3757	1186
3758	1200
3759	1185
3760	1154
3761	1155
3762	1082
3763	106
3764	179
3765	251
3766	312
3767	390
3768	453
3769	489
3770	570
3771	642
3772	647
3773	726
3774	755
3775	821
3776	453
3777	465
3778	529
3779	594
3780	657
3781	708
3782	749
3783	987
3784	982
3785	962
3786	964
3787	221
3788	174
3789	249
3790	135
3791	384
3792	234
3793	312
3794	374
3795	429
3796	983
3797	564
3798	624
3799	586
3800	594
3801	117
3802	185
3803	252
3804	616
3805	672
3806	368
3807	531
3808	516
3809	536
3810	293
3811	350
3812	349
3813	406
3814	403
3815	459
3816	519
3817	287
3818	224
3819	291
3820	445
3821	399
3822	565
3823	632
3824	576
3825	773
3826	690
3827	860
3828	753
3829	935
3830	827
3831	981
3832	860
3833	872
3834	790
3835	105
3836	170
3837	240
3838	303
3839	377
3840	487
3841	499
3842	630
3843	693
3844	665
3845	813
3846	760
3847	878
3848	924
3849	825
3850	971
3851	987
3852	571
3853	135
3854	198
3855	319
3856	386
3857	458
3858	506
3859	556
3860	611
3861	565
3862	582
3863	583
3864	259
3865	322
3866	380
3867	408
3868	459
3869	509
3870	556
3871	409
3872	213
3873	515
3874	388
3875	1125
3876	926
3877	1161
3878	683
3879	709
3880	451
3881	439
3882	569
3883	479
3884	501
3885	570
3886	271
3887	229
3888	377
3889	422
3890	473
3891	678
3892	569
3893	611
3894	756
3895	622
3896	457
3897	412
3898	493
3899	200
3900	279
3901	347
3902	408
3903	464
3904	521
3905	571
3906	613
3907	651
3908	692
3909	673
3910	138
3911	211
3912	292
3913	375
3914	430
3915	512
3916	586
3917	646
3918	695
3919	736
3920	419
3921	150
3922	315
3923	293
3924	245
3925	347
3926	405
3927	454
3928	501
3929	549
3930	592
3931	648
3932	678
3933	724
3934	748
3935	1122
3936	885
3937	916
3938	814
3939	968
3940	966
3941	1711
3942	85
3943	166
3944	245
3945	324
3946	735
3947	459
3948	481
3949	551
3950	613
3951	785
3952	678
3953	850
3954	742
3955	804
3956	823
3957	1002
3958	469
3959	967
3960	972
3961	496
3962	328
3963	600
3964	299
3965	484
3966	331
3967	403
3968	466
3969	476
3970	182
3971	557
3972	603
3973	560
3974	279
3975	327
3976	403
3977	524
3978	539
3979	591
3980	752
3981	771
3982	801
3983	689
3984	734
3985	762
3986	811
3987	829
3988	866
3989	847
3990	105
3991	204
3992	278
3993	346
3994	427
3995	478
3996	539
3997	602
3998	651
3999	692
4000	338
4001	634
4002	330
4003	390
4004	554
4005	595
4006	652
4007	675
4008	676
4009	251
4010	323
4011	404
4012	578
4013	622
4014	712
4015	473
4016	134
4017	209
4018	274
4019	359
4020	372
4021	432
4022	477
4023	531
4024	562
4025	594
4026	645
4027	673
4028	117
4029	204
4030	346
4031	395
4032	393
4033	463
4034	511
4035	410
4036	317
4037	496
4038	446
4039	580
4040	363
4041	174
4042	512
4043	601
4044	607
4045	693
4046	83
4047	151
4048	229
4049	433
4050	492
4051	547
4052	592
4053	648
4054	87
4055	166
4056	248
4057	469
4058	572
4059	614
4060	581
4061	694
4062	196
4063	262
4064	352
4065	421
4066	460
4067	548
4068	626
4069	680
4070	545
4071	667
4072	1253
4073	1236
4074	541
4075	108
4076	196
4077	252
4078	311
4079	518
4080	583
4081	614
4082	645
4083	680
4084	720
4085	747
4086	776
4087	820
4088	376
4089	323
4090	429
4091	453
4092	561
4093	536
4094	680
4095	621
4096	727
4097	663
4098	778
4099	700
4100	98
4101	219
4102	218
4103	360
4104	386
4105	534
4106	487
4107	639
4108	572
4109	119
4110	254
4111	323
4112	524
4113	213
4114	282
4115	353
4116	446
4117	525
4118	94
4119	251
4120	327
4121	503
4122	543
4123	520
4124	590
4125	541
4126	587
4127	612
4128	649
4129	540
4130	342
4131	406
4132	454
4133	504
4134	519
4135	722
4136	755
4137	561
4138	617
4139	1051
4140	214
4141	310
4142	357
4143	432
4144	496
4145	523
4146	576
4147	618
4148	611
4149	659
4150	696
4151	699
4152	679
4153	120
4154	190
4155	255
4156	353
4157	416
4158	474
4159	516
4160	558
4161	600
4162	638
4163	657
4164	679
4165	731
4166	674
4167	242
4168	836
4169	1225
4170	348
4171	225
4172	294
4173	373
4174	424
4175	473
4176	518
4177	570
4178	624
4179	708
4180	745
4181	799
4182	838
4183	868
4184	890
4185	931
4186	945
4187	962
4188	599
4189	1013
4190	1007
4191	599
4192	659
4193	691
4194	685
4195	116
4196	1020
4197	1006
4198	1012
4199	1026
4200	1027
4201	1029
4202	1020
4203	1038
4204	380
4205	447
4206	508
4207	547
4208	591
4209	637
4210	685
4211	1596
4212	692
4213	280
4214	351
4215	423
4216	490
4217	525
4218	588
4219	637
4220	682
4221	734
4222	776
4223	805
4224	833
4225	857
4226	887
4227	693
4228	492
4229	554
4230	598
4231	638
4232	689
4233	732
4234	783
4235	817
4236	852
4237	899
4238	916
4239	958
4240	170
4241	245
4242	300
4243	382
4244	459
4245	508
4246	568
4247	608
4248	653
4249	708
4250	764
4251	810
4252	843
4253	852
4254	882
4255	914
4256	926
4257	950
4258	939
4259	971
4260	977
4261	986
4262	977
4263	937
4264	127
4265	218
4266	304
4267	387
4268	451
4269	511
4270	574
4271	642
4272	680
4273	732
4274	766
4275	805
4276	846
4277	885
4278	903
4279	175
4280	285
4281	83
4282	409
4283	207
4284	279
4285	1153
4286	1044
4287	1194
4288	1080
4289	1196
4290	1067
4291	1178
4292	1055
4293	1196
4294	1157
4295	113
4296	173
4297	247
4298	305
4299	388
4300	431
4301	516
4302	559
4303	624
4304	1041
4305	360
4306	422
4307	238
4308	303
4309	384
4310	447
4311	1018
4312	1099
4313	1127
4314	535
4315	585
4316	1068
4317	1085
4318	999
4319	1003
4320	1073
4321	1073
4322	598
4323	635
4324	1034
4325	899
4326	688
4327	940
4328	1517
4329	995
4330	894
4331	934
4332	752
4333	388
4334	590
4335	682
4336	562
4337	209
4338	276
4339	336
4340	404
4341	465
4342	631
4343	678
4344	577
4345	625
4346	664
4347	703
4348	537
4349	601
4350	1157
4351	1418
4352	1413
4353	622
4354	654
4355	688
4356	720
4357	757
4358	367
4359	266
4360	260
4361	987
4362	331
4363	409
4364	477
4365	272
4366	338
4367	399
4368	1763
4369	1732
4370	1708
4371	2023
4372	155
4373	235
4374	302
4375	394
4376	464
4377	522
4378	641
4379	692
4380	726
4381	384
4382	443
4383	493
4384	547
4385	665
4386	730
4387	653
4388	778
4389	700
4390	604
4391	637
4392	417
4393	240
4394	331
4395	246
4396	309
4397	390
4398	723
4399	534
4400	601
4401	611
4402	105
4403	189
4404	254
4405	390
4406	458
4407	1071
4408	530
4409	224
4410	289
4411	362
4412	434
4413	500
4414	552
4415	601
4416	650
4417	702
4418	749
4419	750
4420	514
4421	562
4422	258
4423	330
4424	413
4425	612
4426	637
4427	704
4428	577
4429	639
4430	683
4431	746
4432	104
4433	186
4434	275
4435	366
4436	430
4437	508
4438	569
4439	639
4440	673
4441	702
4442	716
4443	102
4444	168
4445	246
4446	329
4447	416
4448	484
4449	534
4450	592
4451	633
4452	421
4453	206
4454	278
4455	353
4456	481
4457	208
4458	216
4459	144
4460	122
4461	197
4462	977
4463	312
4464	165
4465	234
4466	269
4467	113
4468	176
4469	251
4470	248
4471	323
4472	395
4473	421
4474	113
4475	188
4476	474
4477	208
4478	332
4479	408
4480	390
4481	466
4482	522
4483	579
4484	84
4485	157
4486	251
4487	330
4488	414
4489	485
4490	543
4491	597
4492	192
4493	155
4494	620
4495	121
4496	154
4497	883
4498	315
4499	167
4500	230
4501	288
4502	317
4503	435
4504	147
4505	221
4506	308
4507	381
4508	460
4509	484
4510	117
4511	198
4512	256
4513	342
4514	416
4515	473
4516	97
4517	175
4518	253
4519	319
4520	356
4521	108
4522	191
4523	256
4524	325
4525	453
4526	133
4527	211
4528	288
4529	366
4530	436
4531	553
4532	565
4533	108
4534	166
4535	284
4536	342
4537	405
4538	473
4539	538
4540	69
4541	269
4542	333
4543	614
4544	120
4545	196
4546	269
4547	434
4548	496
4549	556
4550	577
4551	109
4552	265
4553	349
4554	536
4555	608
4556	116
4557	198
4558	281
4559	345
4560	428
4561	479
4562	542
4563	612
4564	669
4565	700
4566	701
4567	114
4568	187
4569	254
4570	331
4571	398
4572	465
4573	526
4574	590
4575	656
4576	727
4577	210
4578	119
4579	198
4580	274
4581	307
4582	119
4583	107
4584	180
4585	215
4586	114
4587	178
4588	236
4589	256
4590	159
4591	111
4592	145
4593	102
4594	195
4595	135
4596	209
4597	148
4598	150
4599	157
4600	228
4601	152
4602	104
4603	113
4604	146
4605	134
4606	91
4607	119
4608	127
4609	122
4610	217
4611	289
4612	106
4613	245
4614	299
4615	150
4616	227
4617	123
4618	170
4619	138
4620	213
4621	121
4622	187
4623	132
4624	140
4625	91
4626	175
4627	114
4628	99
4629	193
4630	253
4631	137
4632	90
4633	158
4634	129
4635	137
4636	204
4637	243
4638	133
4639	106
4640	200
4641	261
4642	139
4643	219
4644	290
4645	356
4646	415
4647	417
4648	119
4649	101
4650	144
4651	96
4652	77
4653	161
4654	232
4655	304
4656	384
4657	458
4658	534
4659	589
4660	608
4661	112
4662	199
4663	266
4664	350
4665	450
4666	511
4667	495
4668	581
4669	98
4670	166
4671	239
4672	314
4673	393
4674	441
4675	514
4676	586
4677	606
4678	647
4679	155
4680	235
4681	305
4682	393
4683	436
4684	501
4685	572
4686	631
4687	71
4688	146
4689	221
4690	290
4691	326
4692	121
4693	194
4694	276
4695	41
4696	39
4697	155
4698	3923
4699	150
4700	292
4701	964
4702	1018
4703	204
4704	1001
4705	134
4706	216
4707	334
4708	414
4709	2185
4710	601
4711	1629
4712	1597
4713	1106
4714	2511
4715	3086
4716	4506
4717	2465
4718	2321
4719	2204
4720	629
4721	655
4722	747
4723	1330
4724	1427
4725	673
4726	351
4727	315
4728	393
4729	450
4730	511
4731	581
4732	648
4733	890
4734	489
4735	147
4736	225
4737	2253
4738	992
4739	2056
4740	2676
4741	4341
4742	4334
4743	4817
4744	4511
4745	4581
4746	4222
4747	3797
4748	895
4749	942
4750	639
4751	698
4752	777
4753	826
4754	227
4755	414
4756	653
4757	1144
4758	1616
4759	603
4760	526
4761	575
4762	421
4763	473
4764	814
4765	1117
4766	1114
4767	2246
4768	1619
4769	2330
4770	1022
4771	823
4772	850
4773	792
4774	828
4775	856
4776	339
4777	419
4778	294
4779	349
4780	1704
4781	1446
4782	1472
4783	152
4784	228
4785	296
4786	383
4787	450
4788	838
4789	647
4790	697
4791	731
4792	673
4793	722
4794	674
4795	723
4796	755
4797	164
4798	212
4799	107
4800	401
4801	203
4802	184
4803	1377
4804	1372
4805	406
4806	1242
4807	1302
4808	2066
4809	2044
4810	2131
4811	2062
4812	3015
4813	2405
4814	2416
4815	2303
4816	1885
4817	1929
4818	1989
4819	2059
4820	2112
4821	1679
4822	1630
4823	117
4824	90
4825	180
4826	257
4827	346
4828	955
4829	1002
4830	1041
4831	1087
4832	1099
4833	1121
4834	1151
4835	1151
4836	1141
4837	1142
4838	1141
4839	659
4840	679
4841	1505
4842	1444
4843	202
4844	1117
4845	1124
4846	2636
4847	1619
4848	906
4849	983
4850	206
4851	1516
4852	1475
4853	655
4854	1256
4855	809
4856	821
4857	1264
4858	1231
4859	952
4860	1033
4861	1580
4862	1247
4863	1241
4864	1249
4865	1254
4866	1259
4867	860
4868	1050
4869	1074
4870	1011
4871	1116
4872	1119
4873	1472
4874	1472
4875	1459
4876	1430
4877	1400
4878	944
4879	1023
4880	1025
4881	1012
4882	857
4883	1006
4884	1041
4885	992
4886	402
4887	447
4888	493
4889	544
4890	1087
4891	1100
4892	618
4893	699
4894	1205
4895	1198
4896	1201
4897	514
4898	567
4899	605
4900	572
4901	805
4902	825
4903	836
4904	833
4905	819
4906	1241
4907	903
4908	701
4909	721
4910	176
4911	909
4912	924
4913	840
4914	956
4915	984
4916	1356
4917	1619
4918	1620
4919	1154
4920	129
4921	233
4922	784
4923	851
4924	870
4925	920
4926	948
4927	1400
4928	1365
4929	287
4930	346
4931	409
4932	380
4933	425
4934	544
4935	192
4936	574
4937	639
4938	382
4939	851
4940	939
4941	1446
4942	1949
4943	439
4944	121
4945	191
4946	1434
4947	1068
4948	1130
4949	1592
4950	816
4951	826
4952	843
4953	842
4954	890
4955	899
4956	895
4957	913
4958	938
4959	948
4960	181
4961	250
4962	324
4963	372
4964	424
4965	493
4966	1736
4967	2369
4968	106
4969	179
4970	266
4971	346
4972	407
4973	866
4974	304
4975	368
4976	1209
4977	1212
4978	908
4979	105
4980	192
4981	174
4982	592
4983	814
4984	851
4985	863
4986	891
4987	458
4988	660
4989	724
4990	184
4991	262
4992	336
4993	1464
4994	1311
4995	1109
4996	1791
4997	424
4998	1075
4999	1105
5000	1129
5001	1054
5002	742
5003	799
5004	541
5005	1425
5006	1862
5007	1134
5008	1922
5009	113
5010	198
5011	272
5012	1102
5013	1122
5014	1137
5015	349
5016	416
5017	1002
5018	458
5019	524
5020	1377
5021	1363
5022	549
5023	1857
5024	1787
5025	2297
5026	2187
5027	5491
5028	5104
5029	4712
5030	2527
5031	2089
5032	2255
5033	1172
5034	291
5035	612
5036	907
5037	375
5038	422
5039	403
5040	1902
5041	1856
5042	384
5043	436
5044	1701
5045	1703
5046	1712
5047	2331
5048	1898
5049	1855
5050	2053
5051	1713
5052	333
5053	2310
5054	2177
5055	2066
5056	199
5057	267
5058	380
5059	453
5060	664
5061	909
5062	2212
5063	1806
5064	1818
5065	128
5066	241
5067	448
5068	355
5069	425
5070	520
5071	917
5072	918
5073	792
5074	227
5075	550
5076	605
5077	668
5078	1269
5079	1300
5080	1319
5081	733
5082	765
5083	793
5084	810
5085	845
5086	487
5087	498
5088	890
5089	814
5090	214
5091	2209
5092	1110
5093	1338
5094	686
5095	715
5096	771
5097	1283
5098	1046
5099	1285
5100	416
5101	542
5102	484
5103	523
5104	1595
5105	1530
5106	2041
5107	1078
5108	1360
5109	1475
5110	1042
5111	946
5112	413
5113	474
5114	518
5115	576
5116	614
5117	663
5118	704
5119	739
5120	785
5121	788
5122	824
5123	372
5124	990
5125	1023
5126	2373
5127	3563
5128	3108
5129	3505
5130	2970
5131	489
5132	182
5133	246
5134	314
5135	390
5136	446
5137	487
5138	1053
5139	294
5140	136
5141	225
5142	302
5143	297
5144	78
5145	141
5146	252
5147	753
5148	403
5149	270
5150	545
5151	588
5152	634
5153	678
5154	724
5155	492
5156	442
5157	249
5158	517
5159	536
5160	561
5161	149
5162	105
5163	169
5164	591
5165	644
5166	2617
5167	359
5168	351
5169	922
5170	947
5171	1176
5172	2083
5173	1415
5174	1415
5175	3789
5176	707
5177	716
5178	747
5179	555
5180	630
5181	765
5182	813
5183	2465
5184	1860
5185	1094
5186	706
5187	237
5188	105
5189	570
5190	1175
5191	5720
5192	7124
5193	6621
5194	5502
5195	944
5196	1314
5197	1066
5198	1073
5199	296
5200	368
5201	729
5202	285
5203	684
5204	819
5205	365
5206	868
5207	843
5208	504
5209	576
5210	1216
5211	1242
5212	2231
5213	1589
5214	288
5215	357
5216	427
5217	1049
5218	260
5219	436
5220	486
5221	548
5222	595
5223	484
5224	538
5225	686
5226	403
5227	454
5228	399
5229	452
5230	1151
5231	1181
5232	1198
5233	1211
5234	1678
5235	1607
5236	1798
5237	1663
5238	1612
5239	2739
5240	146
5241	210
5242	403
5243	411
5244	486
5245	301
5246	362
5247	436
5248	1072
5249	1075
5250	1113
5251	1597
5252	1625
5253	1543
5254	1547
5255	1394
5256	1160
5257	1217
5258	573
5259	625
5260	1075
5261	1010
5262	1179
5263	162
5264	2002
5265	2093
5266	1850
5267	1811
5268	1773
5269	1727
5270	1689
5271	1786
5272	1353
5273	1307
5274	536
5275	573
5276	610
5277	2287
5278	1440
5279	2648
5280	1292
5281	303
5282	1053
5283	1016
5284	284
5285	2080
5286	445
5287	497
5288	334
5289	392
5290	814
5291	331
5292	565
5293	2648
5294	2797
5295	2668
5296	2566
5297	2303
5298	3225
5299	2548
5300	3036
5301	2790
5302	2929
5303	11696
5304	10427
5305	1855
5306	62
5307	395
5308	454
5309	1321
5310	1395
5311	1496
5312	420
5313	614
5314	654
5315	707
5316	1532
5317	1414
5318	1385
5319	323
5320	1147
5321	1163
5322	1146
5323	938
5324	953
5325	946
5326	933
5327	2312
5328	827
5329	215
5330	215
5331	314
5332	396
5333	416
5334	466
5335	509
5336	596
5337	622
5338	1108
5339	1133
5340	1174
5341	402
5342	408
5343	716
5344	962
5345	1179
5346	98
5347	1080
5348	1081
5349	1031
5350	523
5351	1059
5352	574
5353	640
5354	682
5355	425
5356	1083
5357	465
5358	525
5359	581
5360	635
5361	1747
5362	1703
5363	1681
5364	1620
5365	1591
5366	1641
5367	1584
5368	3415
5369	2930
5370	2752
5371	2304
5372	2464
5373	2243
5374	1893
5375	2256
5376	2111
5377	2536
5378	525
5379	73
5380	153
5381	240
5382	323
5383	473
5384	624
5385	1101
5386	991
5387	1005
5388	747
5389	788
5390	892
5391	911
5392	2259
5393	467
5394	513
5395	1474
5396	2047
5397	1943
5398	1913
5399	576
5400	613
5401	659
5402	154
5403	235
5404	311
5405	392
5406	436
5407	505
5408	580
5409	650
5410	1374
5411	731
5412	289
5413	357
5414	198
5415	274
5416	1537
5417	1537
5418	787
5419	137
5420	209
5421	271
5422	2290
5423	820
5424	864
5425	688
5426	722
5427	768
5428	1120
5429	2520
5430	2443
5431	2279
5432	661
5433	464
5434	505
5435	552
5436	2920
5437	86
5438	173
5439	678
5440	347
5441	420
5442	473
5443	855
5444	913
5445	965
5446	1048
5447	1074
5448	1078
5449	1297
5450	1298
5451	758
5452	1249
5453	1224
5454	1826
5455	1160
5456	610
5457	1834
5458	682
5459	1697
5460	506
5461	740
5462	471
5463	485
5464	523
5465	431
5466	478
5467	550
5468	609
5469	1107
5470	531
5471	1651
5472	642
5473	1035
5474	377
5475	1930
5476	1470
5477	885
5478	1419
5479	1342
5480	1305
5481	1293
5482	1249
5483	520
5484	544
5485	561
5486	1861
5487	1495
5488	1424
5489	1352
5490	481
5491	540
5492	588
5493	639
5494	687
5495	739
5496	741
5497	1702
5498	590
5499	1192
5500	1177
5501	1078
5502	632
5503	1498
5504	709
5505	222
5506	484
5507	862
5508	751
5509	791
5510	1509
5511	1151
5512	1157
5513	1209
5514	553
5515	510
5516	550
5517	619
5518	634
5519	126
5520	193
5521	273
5522	1076
5523	1383
5524	1313
5525	1374
5526	1561
5527	1584
5528	2436
5529	2882
5530	3109
5531	2384
5532	2319
5533	3009
5534	2813
5535	1944
5536	3302
5537	1987
5538	1856
5539	1725
5540	1626
5541	1519
5542	1410
5543	474
5544	542
5545	576
5546	1054
5547	997
5548	385
5549	1342
5550	1372
5551	442
5552	1092
5553	1152
5554	1139
5555	1104
5556	668
5557	693
5558	868
5559	875
5560	1008
5561	1034
5562	1058
5563	631
5564	646
5565	703
5566	109
5567	188
5568	1054
5569	245
5570	311
5571	341
5572	799
5573	115
5574	184
5575	250
5576	512
5577	577
5578	628
5579	716
5580	764
5581	838
5582	728
5583	777
5584	252
5585	329
5586	765
5587	684
5588	1058
5589	737
5590	528
5591	1963
5592	1618
5593	527
5594	785
5595	824
5596	1390
5597	858
5598	895
5599	816
5600	839
5601	862
5602	235
5603	1515
5604	1501
5605	1487
5606	934
5607	948
5608	931
5609	977
5610	964
5611	777
5612	644
5613	1300
5614	979
5615	1013
5616	1035
5617	1347
5618	1352
5619	504
5620	334
5621	392
5622	450
5623	853
5624	521
5625	891
5626	583
5627	917
5628	800
5629	678
5630	650
5631	712
5632	670
5633	707
5634	1070
5635	2533
5636	1217
5637	3661
5638	188
5639	322
5640	350
5641	434
5642	493
5643	1156
5644	1146
5645	1116
5646	206
5647	882
5648	992
5649	659
5650	430
5651	964
5652	908
5653	1725
5654	114
5655	734
5656	791
5657	1124
5658	801
5659	830
5660	975
5661	1257
5662	2335
5663	1787
5664	1354
5665	252
5666	317
5667	247
5668	452
5669	525
5670	570
5671	607
5672	323
5673	412
5674	830
5675	646
5676	686
5677	717
5678	1442
5679	1901
5680	1611
5681	1411
5682	1098
5683	1704
5684	513
5685	1363
5686	518
5687	734
5688	1287
5689	651
5690	688
5691	705
5692	1157
5693	1176
5694	1226
5695	2515
5696	968
5697	1467
5698	788
5699	803
5700	827
5701	93
5702	1090
5703	2048
5704	2044
5705	1982
5706	1939
5707	1845
5708	1585
5709	1555
5710	1529
5711	1496
5712	1480
5713	1469
5714	1425
5715	1389
5716	1368
5717	6853
5718	6805
5719	6576
5720	89
5721	167
5722	247
5723	320
5724	396
5725	463
5726	535
5727	492
5728	552
5729	618
5730	667
5731	938
5732	964
5733	969
5734	970
5735	701
5736	737
5737	1360
5738	1350
5739	1622
5740	1552
5741	716
5742	1892
5743	1258
5744	2772
5745	1071
5746	1195
5747	755
5748	778
5749	798
5750	826
5751	844
5752	856
5753	860
5754	873
5755	892
5756	635
5757	663
5758	397
5759	450
5760	509
5761	1147
5762	272
5763	102
5764	183
5765	257
5766	553
5767	613
5768	1175
5769	1205
5770	1239
5771	1248
5772	1271
5773	1275
5774	1285
5775	1255
5776	1239
5777	1203
5778	1510
5779	1485
5780	1445
5781	2314
5782	2945
5783	351
5784	395
5785	454
5786	510
5787	546
5788	487
5789	552
5790	589
5791	1136
5792	1136
5793	1135
5794	621
5795	683
5796	702
5797	739
5798	660
5799	682
5800	715
5801	750
5802	795
5803	668
5804	139
5805	202
5806	282
5807	855
5808	955
5809	1561
5810	1656
5811	1781
5812	1244
5813	748
5814	357
5815	414
5816	280
5817	368
5818	429
5819	482
5820	530
5821	885
5822	1014
5823	1043
5824	1145
5825	1134
5826	1142
5827	1131
5828	1455
5829	1418
5830	771
5831	824
5832	841
5833	866
5834	877
5835	869
5836	858
5837	857
5838	838
5839	835
5840	824
5841	815
5842	813
5843	295
5844	379
5845	1217
5846	1375
5847	1237
5848	567
5849	636
5850	683
5851	713
5852	738
5853	782
5854	815
5855	1735
5856	1732
5857	1695
5858	1195
5859	1197
5860	1173
5861	1099
5862	1120
5863	701
5864	430
5865	474
5866	785
5867	800
5868	807
5869	1303
5870	1324
5871	1678
5872	1666
5873	1199
5874	830
5875	3464
5876	3297
5877	3141
5878	399
5879	2066
5880	1989
5881	1902
5882	1813
5883	545
5884	593
5885	644
5886	702
5887	741
5888	1250
5889	2282
5890	2184
5891	778
5892	806
5893	719
5894	696
5895	78
5896	131
5897	182
5898	234
5899	1432
5900	1185
5901	333
5902	354
5903	356
5904	368
5905	370
5906	368
5907	1396
5908	1140
5909	1190
5910	721
5911	122
5912	201
5913	709
5914	754
5915	473
5916	534
5917	420
5918	488
5919	1010
5920	1539
5921	1553
5922	1546
5923	1517
5924	1013
5925	1702
5926	1702
5927	1260
5928	1148
5929	1147
5930	1092
5931	541
5932	752
5933	1450
5934	1435
5935	1412
5936	1079
5937	900
5938	79
5939	521
5940	1305
5941	1309
5942	1296
5943	1998
5944	859
5945	907
5946	933
5947	1288
5948	1300
5949	2128
5950	4019
5951	3828
5952	510
5953	720
5954	750
5955	802
5956	843
5957	727
5958	555
5959	604
5960	1713
5961	1384
5962	1377
5963	112
5964	186
5965	264
5966	334
5967	415
5968	3748
5969	3882
5970	359
5971	415
5972	489
5973	551
5974	597
5975	665
5976	146
5977	230
5978	299
5979	379
5980	463
5981	533
5982	592
5983	667
5984	705
5985	863
5986	889
5987	899
5988	935
5989	1344
5990	406
5991	453
5992	745
5993	700
5994	667
5995	754
5996	636
5997	446
5998	475
5999	2473
6000	1401
6001	1403
6002	1379
6003	783
6004	803
6005	844
6006	874
6007	1963
6008	1930
6009	2545
6010	3166
6011	464
6012	1305
6013	787
6014	793
6015	622
6016	392
6017	461
6018	535
6019	1060
6020	685
6021	735
6022	754
6023	692
6024	741
6025	1540
6026	1521
6027	3857
6028	89
6029	1167
6030	648
6031	848
6032	888
6033	840
6034	955
6035	475
6036	206
6037	278
6038	315
6039	463
6040	513
6041	542
6042	219
6043	353
6044	189
6045	266
6046	1398
6047	1361
6048	325
6049	464
6050	430
6051	90
6052	163
6053	250
6054	753
6055	340
6056	838
6057	849
6058	1357
6059	324
6060	378
6061	426
6062	619
6063	655
6064	944
6065	967
6066	1331
6067	1212
6068	1167
6069	1336
6070	63
6071	135
6072	224
6073	294
6074	366
6075	442
6076	511
6077	573
6078	619
6079	1414
6080	847
6081	879
6082	979
6083	1076
6084	1633
6085	1112
6086	367
6087	418
6088	465
6089	516
6090	552
6091	598
6092	629
6093	682
6094	726
6095	763
6096	809
6097	96
6098	173
6099	259
6100	337
6101	420
6102	494
6103	574
6104	794
6105	824
6106	630
6107	1101
6108	928
6109	808
6110	1080
6111	778
6112	130
6113	480
6114	529
6115	579
6116	1067
6117	289
6118	354
6119	406
6120	465
6121	523
6122	589
6123	594
6124	648
6125	716
6126	770
6127	634
6128	550
6129	1875
6130	1835
6131	481
6132	550
6133	514
6134	568
6135	416
6136	480
6137	537
6138	585
6139	591
6140	235
6141	263
6142	356
6143	211
6144	321
6145	384
6146	472
6147	178
6148	241
6149	302
6150	206
6151	273
6152	363
6153	418
6154	492
6155	1158
6156	540
6157	1629
6158	201
6159	390
6160	1731
6161	1660
6162	256
6163	315
6164	375
6165	282
6166	345
6167	409
6168	807
6169	838
6170	845
6171	870
6172	896
6173	377
6174	972
6175	987
6176	1677
6177	1317
6178	224
6179	280
6180	541
6181	597
6182	647
6183	702
6184	761
6185	727
6186	108
6187	181
6188	249
6189	317
6190	392
6191	444
6192	519
6193	583
6194	630
6195	414
6196	204
6197	257
6198	324
6199	344
6200	102
6201	174
6202	257
6203	993
6204	219
6205	283
6206	341
6207	427
6208	490
6209	547
6210	610
6211	682
6212	732
6213	160
6214	232
6215	299
6216	364
6217	128
6218	382
6219	443
6220	513
6221	565
6222	635
6223	685
6224	725
6225	663
6226	721
6227	758
6228	103
6229	123
6230	191
6231	432
6232	303
6233	392
6234	416
6235	109
6236	171
6237	289
6238	356
6239	421
6240	428
6241	483
6242	535
6243	1512
6244	431
6245	492
6246	546
6247	549
6248	815
6249	369
6250	411
6251	1126
6252	220
6253	303
6254	379
6255	453
6256	512
6257	571
6258	649
6259	708
6260	1592
6261	448
6262	2095
6263	130
6264	146
6265	232
6266	306
6267	365
6268	428
6269	469
6270	542
6271	610
6272	683
6273	738
6274	788
6275	922
6276	296
6277	365
6278	391
6279	113
6280	229
6281	302
6282	380
6283	447
6284	505
6285	572
6286	635
6287	695
6288	737
6289	778
6290	829
6291	848
6292	825
6293	871
6294	885
6295	884
6296	887
6297	909
6298	982
6299	992
6300	699
6301	746
6302	783
6303	825
6304	220
6305	290
6306	347
6307	409
6308	276
6309	351
6310	405
6311	462
6312	516
6313	578
6314	641
6315	699
6316	733
6317	776
6318	807
6319	816
6320	229
6321	173
6322	247
6323	313
6324	377
6325	447
6326	511
6327	576
6328	625
6329	664
6330	728
6331	772
6332	818
6333	849
6334	873
6335	191
6336	272
6337	329
6338	116
6339	190
6340	616
6341	495
6342	448
6343	294
6344	587
6345	415
6346	1213
6347	375
6348	1293
6349	1277
6350	1257
6351	1240
6352	1223
6353	1200
6354	1188
6355	821
6356	845
6357	836
6358	1071
6359	1084
6360	1055
6361	847
6362	999
6363	918
6364	123
6365	195
6366	419
6367	483
6368	545
6369	611
6370	681
6371	717
6372	769
6373	114
6374	1057
6375	1052
6376	182
6377	1466
6378	621
6379	1490
6380	276
6381	312
6382	75
6383	1803
6384	262
6385	170
6386	370
6387	309
6388	586
6389	664
6390	451
6391	509
6392	932
6393	937
6394	696
6395	742
6396	789
6397	789
6398	820
6399	883
6400	900
6401	988
6402	1863
6403	934
6404	950
6405	958
6406	961
6407	1073
6408	1142
6409	804
6410	836
6411	857
6412	918
6413	918
6414	753
6415	789
6416	827
6417	845
6418	1195
6419	1201
6420	1219
6421	1119
6422	879
6423	777
6424	1114
6425	1101
6426	1086
6427	750
6428	702
6429	709
6430	2041
6431	612
6432	1926
6433	615
6434	87
6435	159
6436	233
6437	307
6438	382
6439	456
6440	499
6441	565
6442	175
6443	268
6444	326
6445	391
6446	453
6447	508
6448	576
6449	622
6450	592
6451	63
6452	132
6453	199
6454	267
6455	323
6456	396
6457	465
6458	542
6459	602
6460	662
6461	718
6462	741
6463	789
6464	824
6465	863
6466	938
6467	951
6468	965
6469	979
6470	1256
6471	865
6472	835
6473	121
6474	208
6475	306
6476	216
6477	288
6478	369
6479	421
6480	503
6481	561
6482	620
6483	688
6484	726
6485	760
6486	785
6487	807
6488	849
6489	882
6490	907
6491	900
6492	233
6493	231
6494	1513
6495	1336
6496	1628
6497	949
6498	117
6499	643
6500	1243
6501	794
6502	628
6503	690
6504	742
6505	398
6506	346
6507	428
6508	502
6509	477
6510	68
6511	138
6512	210
6513	798
6514	847
6515	905
6516	1217
6517	1074
6518	1066
6519	615
6520	249
6521	240
6522	518
6523	1571
6524	1162
6525	1164
6526	112
6527	257
6528	316
6529	401
6530	472
6531	457
6532	1108
6533	708
6534	776
6535	759
6536	466
6537	499
6538	484
6539	548
6540	1053
6541	1057
6542	1009
6543	413
6544	476
6545	1556
6546	1704
6547	1467
6548	2111
6549	2018
6550	1157
6551	1138
6552	1576
6553	1543
6554	1499
6555	1454
6556	1411
6557	1277
6558	1258
6559	328
6560	783
6561	133
6562	192
6563	258
6564	346
6565	1106
6566	671
6567	708
6568	739
6569	738
6570	116
6571	193
6572	254
6573	335
6574	422
6575	509
6576	576
6577	609
6578	137
6579	264
6580	783
6581	137
6582	203
6583	282
6584	373
6585	1768
6586	2206
6587	1709
6588	1333
6589	1760
6590	1701
6591	1954
6592	495
6593	781
6594	845
6595	205
6596	270
6597	352
6598	416
6599	814
6600	191
6601	270
6602	351
6603	425
6604	486
6605	540
6606	600
6607	662
6608	703
6609	881
6610	897
6611	764
6612	502
6613	437
6614	502
6615	566
6616	1495
6617	1458
6618	1450
6619	1435
6620	1392
6621	1345
6622	1329
6623	1313
6624	1272
6625	955
6626	103
6627	174
6628	263
6629	336
6630	405
6631	475
6632	544
6633	947
6634	962
6635	958
6636	970
6637	968
6638	1491
6639	701
6640	692
6641	726
6642	741
6643	140
6644	222
6645	284
6646	488
6647	1675
6648	505
6649	537
6650	575
6651	615
6652	852
6653	864
6654	897
6655	917
6656	935
6657	939
6658	959
6659	983
6660	310
6661	381
6662	443
6663	422
6664	487
6665	530
6666	144
6667	195
6668	406
6669	294
6670	541
6671	598
6672	648
6673	704
6674	414
6675	466
6676	438
6677	229
6678	298
6679	870
6680	884
6681	919
6682	724
6683	400
6684	204
6685	105
6686	162
6687	1392
6688	536
6689	553
6690	748
6691	784
6692	909
6693	906
6694	421
6695	433
6696	1988
6697	1942
6698	1891
6699	988
6700	1313
6701	857
6702	1034
6703	1806
6704	1717
6705	570
6706	109
6707	187
6708	242
6709	535
6710	516
6711	914
6712	675
6713	993
6714	323
6715	1000
6716	384
6717	377
6718	371
6719	68
6720	135
6721	381
6722	715
6723	1686
6724	1628
6725	396
6726	445
6727	510
6728	549
6729	1751
6730	1750
6731	129
6732	202
6733	265
6734	142
6735	214
6736	283
6737	353
6738	140
6739	1288
6740	777
6741	814
6742	843
6743	893
6744	915
6745	222
6746	304
6747	389
6748	451
6749	519
6750	212
6751	606
6752	676
6753	717
6754	753
6755	794
6756	831
6757	863
6758	892
6759	603
6760	658
6761	706
6762	776
6763	811
6764	848
6765	898
6766	909
6767	945
6768	967
6769	974
6770	984
6771	982
6772	993
6773	989
6774	1016
6775	1017
6776	913
6777	2955
6778	2827
6779	2740
6780	2616
6781	2483
6782	754
6783	405
6784	444
6785	498
6786	489
6787	257
6788	399
6789	395
6790	355
6791	201
6792	267
6793	360
6794	434
6795	486
6796	541
6797	1190
6798	371
6799	433
6800	888
6801	922
6802	157
6803	224
6804	445
6805	661
6806	750
6807	1676
6808	1657
6809	1412
6810	1414
6811	1379
6812	811
6813	1500
6814	1493
6815	270
6816	316
6817	443
6818	911
6819	324
6820	394
6821	848
6822	742
6823	105
6824	187
6825	1189
6826	294
6827	391
6828	429
6829	443
6830	850
6831	886
6832	940
6833	779
6834	814
6835	616
6836	1047
6837	327
6838	386
6839	3487
6840	3297
6841	1779
6842	998
6843	642
6844	342
6845	424
6846	493
6847	651
6848	824
6849	1402
6850	869
6851	1479
6852	907
6853	945
6854	962
6855	1543
6856	1498
6857	1344
6858	1436
6859	1401
6860	1240
6861	550
6862	581
6863	634
6864	306
6865	1126
6866	461
6867	531
6868	627
6869	815
6870	1246
6871	911
6872	929
6873	936
6874	1701
6875	142
6876	756
6877	256
6878	312
6879	850
6880	531
6881	563
6882	624
6883	354
6884	405
6885	409
6886	457
6887	508
6888	545
6889	650
6890	672
6891	699
6892	741
6893	781
6894	812
6895	847
6896	258
6897	334
6898	396
6899	462
6900	602
6901	653
6902	697
6903	843
6904	1450
6905	1398
6906	166
6907	298
6908	371
6909	432
6910	579
6911	637
6912	686
6913	632
6914	664
6915	601
6916	654
6917	684
6918	717
6919	125
6920	198
6921	275
6922	346
6923	423
6924	488
6925	480
6926	527
6927	554
6928	698
6929	738
6930	750
6931	809
6932	125
6933	207
6934	272
6935	335
6936	394
6937	468
6938	761
6939	806
6940	840
6941	872
6942	915
6943	940
6944	938
6945	869
6946	434
6947	435
6948	959
6949	154
6950	1582
6951	644
6952	707
6953	725
6954	681
6955	305
6956	1598
6957	1546
6958	363
6959	308
6960	351
6961	385
6962	418
6963	433
6964	453
6965	469
6966	580
6967	637
6968	691
6969	264
6970	316
6971	371
6972	401
6973	429
6974	465
6975	503
6976	973
6977	515
6978	999
6979	501
6980	585
6981	594
6982	972
6983	979
6984	495
6985	677
6986	719
6987	757
6988	100
6989	171
6990	235
6991	110
6992	208
6993	136
6994	202
6995	113
6996	173
6997	668
6998	777
6999	389
7000	242
7001	438
7002	511
7003	542
7004	618
7005	687
7006	840
7007	852
7008	403
7009	454
7010	487
7011	533
7012	549
7013	571
7014	1056
7015	1061
7016	1066
7017	596
7018	954
7019	762
7020	886
7021	758
7022	486
7023	546
7024	575
7025	610
7026	653
7027	715
7028	764
7029	2138
7030	2084
7031	929
7032	519
7033	536
7034	1243
7035	602
7036	1148
7037	1425
7038	1390
7039	1701
7040	1393
7041	602
7042	677
7043	608
7044	534
7045	919
7046	394
7047	677
7048	335
7049	649
7050	369
7051	387
7052	401
7053	26
7054	126
7055	190
7056	275
7057	351
7058	1207
7059	1163
7060	1150
7061	555
7062	558
7063	799
7064	102
7065	35
7066	754
7067	50
7068	68
7069	78
7070	85
7071	87
7072	79
7073	62
7074	48
7075	78
7076	120
7077	199
7078	230
7079	309
7080	380
7081	440
7082	517
7083	587
7084	651
7085	733
7086	761
7087	142
7088	NaN
7089	NaN
7090	74
7091	160
7092	51
7093	168
7094	231
7095	303
7096	494
7097	110
7098	187
7099	257
7100	189
7101	265
7102	409
7103	474
7104	629
7105	1071
7106	797
7107	165
7108	786
7109	833
7110	285
7111	535
7112	663
7113	192
7114	340
7115	363
7116	360
7117	436
7118	492
7119	537
7120	605
7121	652
7122	696
7123	771
7124	793
7125	815
7126	858
7127	860
7128	903
7129	908
7130	926
7131	940
7132	941
7133	962
7134	991
7135	1366
7136	1650
7137	600
7138	635
7139	676
7140	720
7141	764
7142	795
7143	806
7144	512
7145	1657
7146	1647
7147	1670
7148	1669
7149	1678
7150	1679
7151	1149
7152	774
7153	806
7154	833
7155	841
7156	865
7157	2299
7158	2226
7159	827
7160	764
7161	1237
7162	548
7163	678
7164	755
7165	690
7166	748
7167	793
7168	831
7169	800
7170	681
7171	877
7172	531
7173	1000
7174	1239
7175	1038
7176	613
7177	1135
7178	408
7179	894
7180	111
7181	415
7182	75
7183	115
7184	125
7185	201
7186	302
7187	371
7188	435
7189	544
7190	1455
7191	737
7192	577
7193	624
7194	657
7195	1498
7196	960
7197	963
7198	980
7199	1406
7200	1353
7201	497
7202	532
7203	592
7204	221
7205	293
7206	373
7207	705
7208	379
7209	951
7210	61
7211	193
7212	1007
7213	1091
7214	233
7215	340
7216	421
7217	429
7218	475
7219	543
7220	582
7221	579
7222	766
7223	622
7224	179
7225	242
7226	944
7227	1171
7228	565
7229	1232
7230	655
7231	749
7232	280
7233	133
7234	604
7235	243
7236	767
7237	762
7238	178
7239	266
7240	888
7241	906
7242	904
7243	934
7244	407
7245	456
7246	1081
7247	1105
7248	1783
7249	2134
7250	621
7251	674
7252	722
7253	769
7254	994
7255	158
7256	228
7257	793
7258	292
7259	381
7260	443
7261	426
7262	89
7263	389
7264	452
7265	513
7266	407
7267	501
7268	821
7269	871
7270	1565
7271	755
7272	601
7273	82
7274	184
7275	735
7276	738
7277	185
7278	269
7279	124
7280	848
7281	862
7282	670
7283	127
7284	862
7285	552
7286	605
7287	1221
7288	2448
7289	691
7290	1310
7291	1837
7292	1438
7293	1281
7294	91
7295	153
7296	209
7297	282
7298	354
7299	419
7300	485
7301	533
7302	600
7303	753
7304	256
7305	316
7306	379
7307	441
7308	510
7309	547
7310	602
7311	647
7312	696
7313	142
7314	467
7315	532
7316	614
7317	669
7318	183
7319	279
7320	351
7321	478
7322	404
7323	368
7324	381
7325	78
7326	155
7327	324
7328	432
7329	451
7330	503
7331	539
7332	750
7333	733
7334	1806
7335	837
7336	129
7337	918
7338	1217
7339	327
7340	399
7341	721
7342	781
7343	817
7344	796
7345	132
7346	288
7347	348
7348	417
7349	683
7350	727
7351	902
7352	913
7353	559
7354	852
7355	413
7356	264
7357	339
7358	400
7359	411
7360	456
7361	86
7362	154
7363	497
7364	271
7365	356
7366	131
7367	147
7368	188
7369	253
7370	313
7371	183
7372	261
7373	336
7374	419
7375	480
7376	837
7377	848
7378	870
7379	892
7380	603
7381	647
7382	688
7383	726
7384	753
7385	791
7386	819
7387	829
7388	778
7389	705
7390	921
7391	944
7392	965
7393	985
7394	658
7395	699
7396	89
7397	170
7398	210
7399	244
7400	761
7401	782
7402	804
7403	361
7404	424
7405	594
7406	268
7407	341
7408	971
7409	997
7410	1034
7411	502
7412	281
7413	923
7414	142
7415	209
7416	275
7417	624
7418	677
7419	1496
7420	1443
7421	1988
7422	757
7423	778
7424	541
7425	593
7426	360
7427	425
7428	488
7429	543
7430	117
7431	195
7432	266
7433	333
7434	414
7435	471
7436	538
7437	602
7438	655
7439	727
7440	775
7441	831
7442	907
7443	906
7444	960
7445	972
7446	1349
7447	963
7448	432
7449	501
7450	558
7451	628
7452	702
7453	750
7454	814
7455	849
7456	912
7457	937
7458	947
7459	970
7460	1003
7461	1018
7462	364
7463	336
7464	238
7465	1133
7466	1173
7467	1015
7468	1118
7469	1570
7470	726
7471	277
7472	339
7473	403
7474	452
7475	513
7476	1058
7477	1019
7478	1043
7479	665
7480	699
7481	1072
7482	821
7483	1342
7484	1386
7485	583
7486	685
7487	733
7488	778
7489	663
7490	178
7491	241
7492	317
7493	396
7494	1101
7495	1191
7496	456
7497	508
7498	1541
7499	678
7500	1250
7501	1218
7502	396
7503	371
7504	469
7505	134
7506	941
7507	1485
7508	1459
7509	2422
7510	2294
7511	2000
7512	1895
7513	1811
7514	1459
7515	775
7516	1252
7517	1244
7518	742
7519	1150
7520	720
7521	301
7522	894
7523	1131
7524	1156
7525	1180
7526	1775
7527	1730
7528	876
7529	1189
7530	1182
7531	459
7532	84
7533	156
7534	213
7535	273
7536	341
7537	406
7538	462
7539	1027
7540	426
7541	267
7542	682
7543	725
7544	740
7545	334
7546	988
7547	1004
7548	985
7549	418
7550	544
7551	587
7552	637
7553	665
7554	276
7555	351
7556	925
7557	957
7558	977
7559	605
7560	1229
7561	1231
7562	1228
7563	712
7564	725
7565	1361
7566	778
7567	794
7568	822
7569	844
7570	865
7571	884
7572	815
7573	1055
7574	271
7575	335
7576	402
7577	477
7578	536
7579	719
7580	743
7581	112
7582	193
7583	511
7584	587
7585	639
7586	684
7587	1121
7588	1682
7589	82
7590	155
7591	238
7592	330
7593	391
7594	448
7595	502
7596	669
7597	712
7598	740
7599	1503
7600	1465
7601	1431
7602	654
7603	668
7604	614
7605	77
7606	151
7607	224
7608	1195
7609	1212
7610	1221
7611	344
7612	1024
7613	1031
7614	414
7615	474
7616	522
7617	577
7618	795
7619	797
7620	824
7621	848
7622	651
7623	116
7624	187
7625	250
7626	315
7627	390
7628	468
7629	761
7630	1121
7631	951
7632	801
7633	451
7634	495
7635	521
7636	565
7637	607
7638	640
7639	100
7640	176
7641	239
7642	2133
7643	959
7644	671
7645	109
7646	149
7647	128
7648	195
7649	270
7650	416
7651	451
7652	514
7653	547
7654	579
7655	613
7656	431
7657	482
7658	859
7659	551
7660	472
7661	404
7662	447
7663	500
7664	553
7665	779
7666	811
7667	855
7668	904
7669	292
7670	347
7671	380
7672	103
7673	178
7674	69
7675	324
7676	368
7677	434
7678	484
7679	631
7680	674
7681	523
7682	615
7683	655
7684	685
7685	271
7686	1047
7687	1072
7688	1371
7689	630
7690	1169
7691	390
7692	1343
7693	246
7694	291
7695	364
7696	426
7697	473
7698	528
7699	594
7700	639
7701	683
7702	735
7703	1545
7704	1504
7705	1430
7706	981
7707	1019
7708	1031
7709	970
7710	959
7711	423
7712	497
7713	554
7714	598
7715	660
7716	705
7717	745
7718	778
7719	824
7720	198
7721	265
7722	333
7723	450
7724	510
7725	774
7726	553
7727	606
7728	648
7729	675
7730	719
7731	745
7732	779
7733	787
7734	759
7735	718
7736	64
7737	251
7738	332
7739	409
7740	485
7741	553
7742	617
7743	660
7744	593
7745	659
7746	701
7747	719
7748	761
7749	770
7750	799
7751	830
7752	2752
7753	201
7754	273
7755	396
7756	471
7757	422
7758	480
7759	845
7760	1180
7761	717
7762	1251
7763	493
7764	1329
7765	1427
7766	547
7767	1071
7768	627
7769	1151
7770	1183
7771	1182
7772	601
7773	615
7774	611
7775	523
7776	125
7777	652
7778	701
7779	248
7780	796
7781	827
7782	359
7783	1114
7784	1154
7785	1174
7786	1184
7787	685
7788	895
7789	2036
7790	995
7791	1437
7792	1115
7793	1163
7794	1840
7795	1823
7796	1240
7797	1239
7798	61
7799	144
7800	607
7801	650
7802	750
7803	807
7804	926
7805	939
7806	942
7807	971
7808	1011
7809	1054
7810	1059
7811	1054
7812	700
7813	739
7814	782
7815	660
7816	692
7817	2061
7818	974
7819	1003
7820	1032
7821	1117
7822	1143
7823	1161
7824	825
7825	1738
7826	1746
7827	1396
7828	1536
7829	540
7830	589
7831	645
7832	696
7833	734
7834	696
7835	674
7836	199
7837	258
7838	350
7839	423
7840	413
7841	656
7842	1062
7843	1086
7844	1153
7845	1153
7846	1154
7847	810
7848	834
7849	1217
7850	1182
7851	1155
7852	900
7853	972
7854	1013
7855	1076
7856	849
7857	871
7858	884
7859	907
7860	831
7861	855
7862	862
7863	548
7864	557
7865	522
7866	211
7867	280
7868	352
7869	545
7870	492
7871	640
7872	700
7873	738
7874	731
7875	488
7876	419
7877	486
7878	516
7879	574
7880	382
7881	776
7882	868
7883	833
7884	333
7885	398
7886	1157
7887	353
7888	102
7889	93
7890	404
7891	849
7892	526
7893	3042
7894	1908
7895	571
7896	270
7897	368
7898	874
7899	493
7900	526
7901	593
7902	574
7903	887
7904	84
7905	163
7906	250
7907	377
7908	448
7909	500
7910	551
7911	607
7912	668
7913	702
7914	743
7915	777
7916	821
7917	842
7918	884
7919	886
7920	914
7921	939
7922	875
7923	67
7924	135
7925	196
7926	260
7927	335
7928	406
7929	468
7930	525
7931	580
7932	649
7933	671
7934	715
7935	751
7936	789
7937	825
7938	846
7939	856
7940	890
7941	888
7942	900
7943	922
7944	2142
7945	1126
7946	86
7947	220
7948	305
7949	607
7950	748
7951	1149
7952	1172
7953	2126
7954	244
7955	313
7956	373
7957	418
7958	1068
7959	486
7960	524
7961	556
7962	636
7963	583
7964	731
7965	604
7966	827
7967	922
7968	872
7969	949
7970	1028
7971	1013
7972	1048
7973	1032
7974	1045
7975	1020
7976	1049
7977	1182
7978	308
7979	796
7980	504
7981	537
7982	613
7983	1142
7984	791
7985	396
7986	932
7987	546
7988	1144
7989	644
7990	1069
7991	1120
7992	1243
7993	1288
7994	1371
7995	1433
7996	1437
7997	498
7998	527
7999	560
8000	582
