0	NaN
1	4950
2	7886
3	6406
4	5262
5	5667
6	4600
7	6339
8	7748
9	7899
10	7385
11	4061
12	7052
13	8442
14	6229
15	5141
16	4355
17	4025
18	4447
19	5116
20	3054
21	3604
22	2728
23	3098
24	4186
25	4475
26	5278
27	7309
28	1801
29	3897
30	4919
31	3746
32	4153
33	4160
34	5148
35	3449
36	3593
37	3807
38	4031
39	5507
40	5836
41	5089
42	6776
43	7767
44	3480
45	3424
46	3639
47	4231
48	3789
49	4265
50	3890
51	3760
52	4366
53	4380
54	4286
55	4199
56	4847
57	4701
58	5321
59	3574
60	4388
61	3790
62	5090
63	4947
64	5517
65	3764
66	3379
67	3342
68	3298
69	4120
70	2869
71	2523
72	3411
73	3779
74	3445
75	3284
76	3701
77	2569
78	3022
79	4729
80	3454
81	3671
82	4090
83	4583
84	4264
85	3710
86	3756
87	5834
88	2239
89	2947
90	2493
91	2732
92	2993
93	3829
94	4823
95	5082
96	4067
97	3297
98	3321
99	3428
100	2736
101	2749
102	3492
103	5017
104	4957
105	4414
106	3897
107	4477
108	3907
109	2191
110	2970
111	2602
112	2795
113	4254
114	4145
115	5213
116	4950
117	3761
118	3776
119	4378
120	3483
121	4214
122	3920
123	3880
124	4206
125	4426
126	5303
127	5469
128	4386
129	6129
130	4169
131	3266
132	2435
133	3314
134	3570
135	4110
136	3950
137	4432
138	4883
139	4142
140	2669
141	2353
142	2720
143	2533
144	4452
145	2849
146	3152
147	4071
148	3232
149	3022
150	5655
151	4238
152	4738
153	4719
154	4383
155	5885
156	4241
157	4796
158	3343
159	3582
160	4066
161	4075
162	3129
163	3395
164	3739
165	3895
166	4855
167	3811
168	4948
169	7621
170	4036
171	3379
172	3779
173	2368
174	4550
175	4114
176	5671
177	5405
178	4138
179	3972
180	4439
181	4253
182	3676
183	3619
184	3894
185	4171
186	3462
187	3995
188	1890
189	2685
190	3085
191	3038
192	3391
193	3232
194	4765
195	4554
196	4701
197	4874
198	4866
199	6066
200	5680
201	3925
202	3958
203	4100
204	3639
205	3342
206	3296
207	3058
208	3401
209	4992
210	4048
211	5079
212	3949
213	2302
214	2390
215	2400
216	3141
217	3204
218	3567
219	4207
220	3670
221	3717
222	4078
223	4625
224	3985
225	4296
226	4116
227	3842
228	2760
229	5049
230	2462
231	1857
232	3760
233	6824
234	3833
235	3807
236	4304
237	4771
238	3463
239	4368
240	3636
241	3090
242	2710
243	3971
244	2924
245	3724
246	3613
247	3567
248	4663
249	5270
250	5422
251	6208
252	7206
253	6574
254	6286
255	6401
256	4752
257	5791
258	5113
259	5037
260	6054
261	4951
262	5607
263	3323
264	2812
265	3646
266	3739
267	3978
268	3319
269	3020
270	2818
271	2915
272	3715
273	3861
274	3733
275	4814
276	5419
277	5456
278	4823
279	3972
280	3716
281	4774
282	4509
283	3499
284	3965
285	4308
286	3116
287	3367
288	3342
289	3515
290	6181
291	4844
292	4582
293	5298
294	4914
295	2932
296	2679
297	4574
298	3992
299	5905
300	5548
301	6636
302	6067
303	4577
304	4418
305	4482
306	5654
307	5120
308	3890
309	2954
310	3246
311	4595
312	4887
313	4567
314	3928
315	4955
316	4309
317	4887
318	4898
319	5099
320	3792
321	3877
322	3260
323	4477
324	3036
325	3178
326	3285
327	3173
328	4289
329	3881
330	3679
331	4157
332	5241
333	3911
334	3986
335	2951
336	3469
337	3368
338	3530
339	3647
340	3692
341	4159
342	3393
343	3029
344	3431
345	3275
346	3869
347	3167
348	4159
349	4081
350	5445
351	6709
352	7503
353	5035
354	5005
355	7898
356	3859
357	4507
358	4256
359	3577
360	4436
361	5039
362	5128
363	4606
364	3817
365	3111
366	3596
367	6342
368	8750
369	5747
370	4311
371	4746
372	2660
373	2618
374	2750
375	2921
376	3060
377	5017
378	2277
379	3863
380	2930
381	2862
382	4122
383	5071
384	3792
385	4199
386	5372
387	5343
388	4839
389	4226
390	3926
391	3883
392	3502
393	3455
394	3786
395	4351
396	4473
397	4259
398	4685
399	6630
400	7134
401	7225
402	4410
403	3651
404	3555
405	4028
406	4351
407	5011
408	4749
409	4244
410	4954
411	4650
412	3838
413	4031
414	4539
415	4567
416	4471
417	4207
418	4971
419	4864
420	4858
421	4318
422	3303
423	3445
424	5088
425	5234
426	3489
427	2677
428	2802
429	2939
430	4837
431	3601
432	4585
433	3390
434	3053
435	3303
436	5316
437	4842
438	5506
439	6402
440	4354
441	3457
442	3165
443	2897
444	2747
445	3178
446	4133
447	4944
448	5177
449	4445
450	4711
451	4866
452	3231
453	3461
454	3711
455	3504
456	3297
457	3396
458	3443
459	3181
460	2601
461	3014
462	3751
463	6016
464	6461
465	6772
466	4203
467	3652
468	4093
469	4164
470	4274
471	4308
472	3969
473	4504
474	4624
475	4484
476	5320
477	3706
478	3533
479	3469
480	3434
481	3710
482	3524
483	4029
484	3948
485	3767
486	3483
487	3788
488	3585
489	3988
490	4486
491	6737
492	3399
493	3826
494	5859
495	4750
496	4423
497	4936
498	2645
499	3248
500	4672
501	3956
502	3535
503	4070
504	4700
505	4199
506	3853
507	3488
508	2702
509	3927
510	2988
511	3261
512	3420
513	3867
514	4683
515	3703
516	3552
517	4115
518	4094
519	3009
520	2876
521	2821
522	2658
523	4111
524	3949
525	4872
526	3090
527	2909
528	2008
529	3160
530	4009
531	4675
532	4848
533	3658
534	3412
535	3831
536	3235
537	3950
538	3871
539	3965
540	3212
541	3255
542	3990
543	3592
544	2983
545	4271
546	4209
547	4362
548	5981
549	5208
550	3847
551	3180
552	3427
553	5391
554	8018
555	5709
556	4198
557	3681
558	4098
559	5415
560	5022
561	3780
562	2966
563	4662
564	4295
565	5185
566	3168
567	2266
568	3313
569	2608
570	2699
571	2388
572	2527
573	2898
574	3261
575	3504
576	3488
577	3268
578	3327
579	3457
580	2806
581	2268
582	2275
583	2095
584	1739
585	3142
586	3488
587	3477
588	4094
589	6620
590	6165
591	3885
592	2392
593	2845
594	3112
595	2458
596	2805
597	3029
598	2815
599	3771
600	3002
601	3650
602	3098
603	2299
604	2448
605	2392
606	2211
607	2645
608	2805
609	3053
610	5082
611	5217
612	3777
613	3602
614	4178
615	3974
616	4990
617	5806
618	5011
619	6064
620	5752
621	5272
622	5054
623	4663
624	4375
625	4264
626	2646
627	3364
628	3363
629	3839
630	3903
631	4248
632	4265
633	3025
634	3010
635	2866
636	3512
637	3542
638	3625
639	2962
640	4052
641	3604
642	3624
643	3259
644	2979
645	4286
646	4195
647	4598
648	3081
649	3645
650	3319
651	3136
652	5244
653	5355
654	3756
655	4768
656	5030
657	4490
658	4117
659	4439
660	4453
661	3460
662	3147
663	3075
664	3252
665	3597
666	3334
667	2526
668	3002
669	2487
670	3031
671	4048
672	4323
673	5280
674	6072
675	6180
676	5632
677	5193
678	4536
679	3951
680	3637
681	4180
682	4399
683	3696
684	3538
685	4086
686	3199
687	3923
688	3649
689	4382
690	3436
691	3653
692	3619
693	3793
694	2167
695	4134
696	5055
697	5758
698	9043
699	3560
700	3144
701	4168
702	4610
703	4048
704	6011
705	3804
706	3751
707	3222
708	4029
709	5265
710	2808
711	4433
712	3728
713	3816
714	4744
715	5790
716	6038
717	4863
718	5001
719	5250
720	3873
721	4280
722	3916
723	5230
724	6466
725	3780
726	4041
727	3901
728	3773
729	4576
730	3529
731	2873
732	3251
733	2883
734	2746
735	2813
736	2354
737	4209
738	3081
739	5336
740	5561
741	7544
742	6841
743	7925
744	7878
745	7063
746	6405
747	5828
748	2959
749	3379
750	2885
751	3356
752	3591
753	3356
754	3196
755	3001
756	3525
757	3673
758	4443
759	3439
760	3568
761	3782
762	4610
763	4479
764	3348
765	4035
766	3759
767	4885
768	4552
769	5938
770	7446
771	3500
772	4122
773	4005
774	4220
775	4794
776	5843
777	7023
778	6815
779	5891
780	7253
781	7333
782	6003
783	3766
784	4789
785	4868
786	3983
787	4062
788	5040
789	2764
790	2373
791	2433
792	2568
793	3438
794	3037
795	3278
796	3831
797	3976
798	3024
799	2649
800	3704
801	3453
802	2449
803	4016
804	4402
805	4153
806	5208
807	6084
808	6298
809	6022
810	6271
811	6867
812	7082
813	6905
814	8043
815	5124
816	4298
817	4677
818	5064
819	4368
820	4672
821	5723
822	5430
823	3977
824	3267
825	3308
826	3463
827	4763
828	4412
829	4566
830	4625
831	5166
832	4605
833	4137
834	4637
835	5253
836	5140
837	5419
838	4496
839	6445
840	6437
841	5097
842	4487
843	3580
844	3807
845	3724
846	6531
847	5449
848	10275
849	6447
850	4056
851	7413
852	6489
853	5027
854	5620
855	5478
856	6106
857	5362
858	4479
859	4386
860	4556
861	3660
862	5287
863	5408
864	5659
865	5339
866	3883
867	3061
868	3599
869	3919
870	4477
871	4668
872	3792
873	5004
874	4997
875	3079
876	3936
877	3671
878	3229
879	4184
880	4767
881	4858
882	3983
883	4549
884	4283
885	5476
886	4474
887	2414
888	2709
889	3103
890	4250
891	4156
892	3878
893	4879
894	4389
895	3802
896	3120
897	3277
898	4292
899	5277
900	3653
901	4216
902	4697
903	4757
904	5372
905	4988
906	3582
907	3406
908	4573
909	4920
910	3386
911	3465
912	3792
913	5548
914	3965
915	4720
916	4857
917	4142
918	4733
919	3279
920	2282
921	3424
922	3868
923	3930
924	4506
925	4140
926	4059
927	6156
928	6286
929	5253
930	4519
931	3515
932	2490
933	2473
934	2905
935	2687
936	3247
937	2988
938	6045
939	3444
940	4294
941	4989
942	6557
943	3866
944	3767
945	3711
946	3925
947	5028
948	4977
949	4211
950	5257
951	4255
952	3959
953	3737
954	3848
955	4024
956	5405
957	6075
958	3400
959	3278
960	5083
961	5485
962	5567
963	4773
964	5849
965	5870
966	6546
967	7157
968	4938
969	4781
970	5077
971	5085
972	3146
973	3579
974	3699
975	3178
976	4676
977	5324
978	5724
979	3475
980	4216
981	4177
982	4071
983	4659
984	4773
985	5303
986	3893
987	3810
988	1950
989	2270
990	2869
991	3052
992	2712
993	2928
994	3848
995	5311
996	5056
997	4894
998	6188
999	5444
1000	4599
1001	4769
1002	4677
1003	4910
1004	4058
1005	3537
1006	3534
1007	3073
1008	3686
1009	2072
1010	2060
1011	2526
1012	3441
1013	3275
1014	4502
1015	4937
1016	5185
1017	4811
1018	4710
1019	5220
1020	4274
1021	4264
1022	2218
1023	3758
1024	3694
1025	4942
1026	5444
1027	7748
1028	7536
1029	8093
1030	6167
1031	5287
1032	4953
1033	3821
1034	3703
1035	2839
1036	5339
1037	4916
1038	4376
1039	4278
1040	5682
1041	4750
1042	3346
1043	3147
1044	4225
1045	4318
1046	3574
1047	4552
1048	3536
1049	3999
1050	4035
1051	3544
1052	1919
1053	3486
1054	3515
1055	3208
1056	2487
1057	1832
1058	3308
1059	3697
1060	4031
1061	2507
1062	3865
1063	4319
1064	4262
1065	2236
1066	3176
1067	2825
1068	2822
1069	3208
1070	3151
1071	3271
1072	2570
1073	2122
1074	2317
1075	2351
1076	2174
1077	2482
1078	4104
1079	4000
1080	4202
1081	3139
1082	3349
1083	2808
1084	3011
1085	3276
1086	4556
1087	4638
1088	4962
1089	3954
1090	1735
1091	3551
1092	3180
1093	3383
1094	2945
1095	2497
1096	2948
1097	3172
1098	2789
1099	3253
1100	2141
1101	2509
1102	2433
1103	2643
1104	4019
1105	3919
1106	4260
1107	2343
1108	3938
1109	4220
1110	3391
1111	3209
1112	3473
1113	3462
1114	3665
1115	3113
1116	4074
1117	3573
1118	3425
1119	3688
1120	3970
1121	3214
1122	3380
1123	2442
1124	3472
1125	3136
1126	4826
1127	6271
1128	5629
1129	7096
1130	5259
1131	3570
1132	2783
1133	3103
1134	2607
1135	3391
1136	5093
1137	3320
1138	3890
1139	3263
1140	4245
1141	6793
1142	5034
1143	4958
1144	3914
1145	5316
1146	4559
1147	5331
1148	4739
1149	3940
1150	4001
1151	3300
1152	3153
1153	3367
1154	3285
1155	3122
1156	3911
1157	4941
1158	3951
1159	2706
1160	2862
1161	2987
1162	2297
1163	2122
1164	3999
1165	2654
1166	4938
1167	3651
1168	3854
1169	4504
1170	4734
1171	5290
1172	5675
1173	5160
1174	6893
1175	6966
1176	3721
1177	4230
1178	3269
1179	3379
1180	2654
1181	3040
1182	3848
1183	5513
1184	4725
1185	4538
1186	2365
1187	2077
1188	2580
1189	3180
1190	4773
1191	8699
1192	10012
1193	9721
1194	8919
1195	4844
1196	4972
1197	4799
1198	4512
1199	4707
1200	2318
1201	3336
1202	2961
1203	3301
1204	2287
1205	2620
1206	3333
1207	3326
1208	2802
1209	3420
1210	2566
1211	2472
1212	4572
1213	4202
1214	2217
1215	2514
1216	3015
1217	4655
1218	2926
1219	3160
1220	3279
1221	2178
1222	2652
1223	2606
1224	1934
1225	2334
1226	2884
1227	3311
1228	2806
1229	3406
1230	3165
1231	3006
1232	3473
1233	3459
1234	3402
1235	3131
1236	3748
1237	3719
1238	2775
1239	4992
1240	3003
1241	2969
1242	3857
1243	3491
1244	3117
1245	2377
1246	2714
1247	3354
1248	4429
1249	4910
1250	4130
1251	4701
1252	4087
1253	4055
1254	3711
1255	3557
1256	3458
1257	3194
1258	2058
1259	2871
1260	3470
1261	3158
1262	3186
1263	2497
1264	4616
1265	5117
1266	3533
1267	3264
1268	4048
1269	3905
1270	4920
1271	3747
1272	3312
1273	2521
1274	1966
1275	2125
1276	2554
1277	3525
1278	3726
1279	5155
1280	4112
1281	3023
1282	3734
1283	3303
1284	3862
1285	4799
1286	2810
1287	4257
1288	5322
1289	3049
1290	4489
1291	4174
1292	3921
1293	5633
1294	5083
1295	5034
1296	3982
1297	3890
1298	4877
1299	3916
1300	4828
1301	5262
1302	5757
1303	14693
1304	12764
1305	4036
1306	1249
1307	1903
1308	2081
1309	5173
1310	5531
1311	5021
1312	2950
1313	3119
1314	3853
1315	2555
1316	4499
1317	4581
1318	3402
1319	2349
1320	3078
1321	3329
1322	3062
1323	2743
1324	2999
1325	3470
1326	3576
1327	6274
1328	3893
1329	2808
1330	3538
1331	5296
1332	4696
1333	4433
1334	5151
1335	4777
1336	3045
1337	3926
1338	4756
1339	4264
1340	2641
1341	1779
1342	1978
1343	2675
1344	3073
1345	2802
1346	2034
1347	3099
1348	3335
1349	3489
1350	2107
1351	2998
1352	2835
1353	2610
1354	3768
1355	2447
1356	4665
1357	4133
1358	3658
1359	3928
1360	2622
1361	2905
1362	3065
1363	3251
1364	3164
1365	3417
1366	3153
1367	3258
1368	4830
1369	4567
1370	3976
1371	4007
1372	4419
1373	4474
1374	5174
1375	5906
1376	4792
1377	5074
1378	2840
1379	3096
1380	3036
1381	3305
1382	3532
1383	3130
1384	3255
1385	3908
1386	4259
1387	4528
1388	4514
1389	3477
1390	3474
1391	3773
1392	5320
1393	3134
1394	2374
1395	3432
1396	3019
1397	5162
1398	3747
1399	2113
1400	3375
1401	2895
1402	2787
1403	2986
1404	3222
1405	4270
1406	3971
1407	4102
1408	4238
1409	3842
1410	3935
1411	3769
1412	2017
1413	3196
1414	1966
1415	2011
1416	3148
1417	3696
1418	3219
1419	5280
1420	5342
1421	4944
1422	5795
1423	4430
1424	4268
1425	3959
1426	4177
1427	5004
1428	4990
1429	4905
1430	4998
1431	6179
1432	3964
1433	3706
1434	3685
1435	4003
1436	6343
1437	3824
1438	4129
1439	3797
1440	3469
1441	2541
1442	2892
1443	3422
1444	3761
1445	3544
1446	5112
1447	4758
1448	3787
1449	4092
1450	4296
1451	3726
1452	4035
1453	4173
1454	4010
1455	4406
1456	3483
1457	5067
1458	4014
1459	4861
1460	3232
1461	3726
1462	2837
1463	3349
1464	3196
1465	4166
1466	3078
1467	2728
1468	3028
1469	3654
1470	2484
1471	3578
1472	1977
1473	2480
1474	2179
1475	3295
1476	4636
1477	3924
1478	4634
1479	4312
1480	4435
1481	4829
1482	3946
1483	3378
1484	3618
1485	2738
1486	4645
1487	4211
1488	4286
1489	3960
1490	2324
1491	2572
1492	2629
1493	2886
1494	3689
1495	4738
1496	3769
1497	3655
1498	3917
1499	3377
1500	4306
1501	4494
1502	3295
1503	3643
1504	2638
1505	2715
1506	4424
1507	4789
1508	4714
1509	5478
1510	5380
1511	4955
1512	4972
1513	4963
1514	3891
1515	3691
1516	4717
1517	3844
1518	3458
1519	3416
1520	3139
1521	2706
1522	3521
1523	3971
1524	3780
1525	3697
1526	5844
1527	5443
1528	5403
1529	6057
1530	6980
1531	6391
1532	5965
1533	6587
1534	5948
1535	5159
1536	5664
1537	4717
1538	4781
1539	4074
1540	4002
1541	3798
1542	4662
1543	3715
1544	3678
1545	3210
1546	3452
1547	3250
1548	2383
1549	2650
1550	3345
1551	2601
1552	3068
1553	2412
1554	2231
1555	2128
1556	2450
1557	2861
1558	3896
1559	3327
1560	5020
1561	5005
1562	4860
1563	2964
1564	3117
1565	4611
1566	3462
1567	3849
1568	3844
1569	3170
1570	3102
1571	3363
1572	5098
1573	3059
1574	1824
1575	2100
1576	2763
1577	3052
1578	2512
1579	2955
1580	3359
1581	2873
1582	3017
1583	3226
1584	3175
1585	3542
1586	3268
1587	3749
1588	4987
1589	3663
1590	3323
1591	5219
1592	3351
1593	2687
1594	2325
1595	2536
1596	4093
1597	3515
1598	3447
1599	3258
1600	3505
1601	3429
1602	2751
1603	4612
1604	4022
1605	4246
1606	3267
1607	2943
1608	2994
1609	4355
1610	4335
1611	2467
1612	3154
1613	4753
1614	3889
1615	4574
1616	4528
1617	5088
1618	5005
1619	2758
1620	3118
1621	2747
1622	2507
1623	2261
1624	2600
1625	3029
1626	2864
1627	3622
1628	3704
1629	3688
1630	3492
1631	3828
1632	3308
1633	3564
1634	4494
1635	5477
1636	4330
1637	6478
1638	2690
1639	3106
1640	2354
1641	2366
1642	5111
1643	3879
1644	3424
1645	2761
1646	1976
1647	3268
1648	3140
1649	2984
1650	2983
1651	3497
1652	3608
1653	5284
1654	4737
1655	3489
1656	3169
1657	3562
1658	3052
1659	2978
1660	4002
1661	3530
1662	5387
1663	5563
1664	4950
1665	3358
1666	3105
1667	1974
1668	3219
1669	2134
1670	2370
1671	2742
1672	3436
1673	2956
1674	4009
1675	3032
1676	2528
1677	2780
1678	3895
1679	4921
1680	5235
1681	4747
1682	4286
1683	5024
1684	3953
1685	2823
1686	2962
1687	3035
1688	4837
1689	3588
1690	3573
1691	2392
1692	3931
1693	2929
1694	3198
1695	4706
1696	3355
1697	4479
1698	4305
1699	3837
1700	4716
1701	3289
1702	4191
1703	5827
1704	5077
1705	4343
1706	4731
1707	4726
1708	4083
1709	4482
1710	3545
1711	3160
1712	3380
1713	3186
1714	3250
1715	3475
1716	3503
1717	9166
1718	9828
1719	9365
1720	2339
1721	2364
1722	3883
1723	3150
1724	3280
1725	3272
1726	2266
1727	3276
1728	3063
1729	3287
1730	3270
1731	3417
1732	3334
1733	3731
1734	3834
1735	3423
1736	3136
1737	3491
1738	3886
1739	3792
1740	2727
1741	3775
1742	5172
1743	4952
1744	6845
1745	5295
1746	5453
1747	4448
1748	4552
1749	4559
1750	5106
1751	5381
1752	7260
1753	4154
1754	2983
1755	2489
1756	4004
1757	4436
1758	3329
1759	3162
1760	3911
1761	3626
1762	3329
1763	1481
1764	2659
1765	2799
1766	1991
1767	2861
1768	3020
1769	3615
1770	3855
1771	4420
1772	3343
1773	6191
1774	3691
1775	3208
1776	2595
1777	3213
1778	3521
1779	3144
1780	3785
1781	4895
1782	5137
1783	4159
1784	4205
1785	3211
1786	3399
1787	2327
1788	3135
1789	4119
1790	3190
1791	3586
1792	3219
1793	3343
1794	3453
1795	3676
1796	3785
1797	4116
1798	3009
1799	2963
1800	3480
1801	3997
1802	4589
1803	3490
1804	3485
1805	3666
1806	3255
1807	4077
1808	4255
1809	5467
1810	4786
1811	4882
1812	4015
1813	4147
1814	3165
1815	2722
1816	2793
1817	4104
1818	3072
1819	3291
1820	3326
1821	4086
1822	4155
1823	4436
1824	3915
1825	5050
1826	4708
1827	4404
1828	5736
1829	3471
1830	2524
1831	2989
1832	3465
1833	3654
1834	3657
1835	3076
1836	2737
1837	3052
1838	2634
1839	2909
1840	2713
1841	2633
1842	3133
1843	2662
1844	2908
1845	4591
1846	3908
1847	3676
1848	3018
1849	3509
1850	3480
1851	3596
1852	2810
1853	2988
1854	3133
1855	4211
1856	4373
1857	4400
1858	3972
1859	3882
1860	3578
1861	3593
1862	3221
1863	3148
1864	2490
1865	1718
1866	1912
1867	2162
1868	2127
1869	3176
1870	3201
1871	3477
1872	4196
1873	5471
1874	4934
1875	8008
1876	6490
1877	6603
1878	2973
1879	4498
1880	4795
1881	4725
1882	4304
1883	2635
1884	2314
1885	2622
1886	3234
1887	2517
1888	3023
1889	4203
1890	5198
1891	4448
1892	3853
1893	7080
1894	5506
1895	2757
1896	1286
1897	1449
1898	2238
1899	2608
1900	2562
1901	2434
1902	2292
1903	2698
1904	1973
1905	2207
1906	2442
1907	4036
1908	3656
1909	4761
1910	4058
1911	2483
1912	2709
1913	3457
1914	3891
1915	3802
1916	3743
1917	2856
1918	3569
1919	4127
1920	4225
1921	3410
1922	3554
1923	2781
1924	2831
1925	4267
1926	3211
1927	2665
1928	2364
1929	2771
1930	2950
1931	2390
1932	2840
1933	3696
1934	3217
1935	3551
1936	3186
1937	3435
1938	2872
1939	3419
1940	3682
1941	4751
1942	3004
1943	3910
1944	4546
1945	3416
1946	2932
1947	3161
1948	3211
1949	4483
1950	6643
1951	6477
1952	3157
1953	4600
1954	2740
1955	3054
1956	2865
1957	2907
1958	3832
1959	3234
1960	4462
1961	3495
1962	3796
1963	2566
1964	2463
1965	2822
1966	2973
1967	2789
1968	6235
1969	6491
1970	2237
1971	3328
1972	3074
1973	3260
1974	3118
1975	3235
1976	2581
1977	3061
1978	2251
1979	3025
1980	3343
1981	3956
1982	2635
1983	3509
1984	3328
1985	2675
1986	3429
1987	2951
1988	3403
1989	3430
1990	2604
1991	2751
1992	5111
1993	2926
1994	3309
1995	4281
1996	4351
1997	3533
1998	3692
1999	5771
2000	4628
