0	NaN
1	1243
2	3089
3	3107
4	2528
5	3021
6	3099
7	3689
8	5025
9	4672
10	3346
11	2662
12	3416
13	5035
14	1951
15	2305
16	1824
17	1939
18	2238
19	2387
20	1235
21	1882
22	1505
23	1752
24	1487
25	1630
26	1951
27	1785
28	663
29	862
30	1404
31	1356
32	930
33	1192
34	1480
35	2012
36	2032
37	2158
38	2174
39	3550
40	3303
41	2764
42	4688
43	4993
44	2730
45	2411
46	1428
47	1932
48	1960
49	2202
50	2278
51	2169
52	2771
53	2299
54	1645
55	1839
56	1910
57	1755
58	1969
59	1707
60	1728
61	1511
62	2584
63	1906
64	2613
65	854
66	1017
67	1221
68	1423
69	1615
70	1534
71	1339
72	2055
73	2174
74	1602
75	1277
76	2204
77	1146
78	1513
79	1909
80	1091
81	1270
82	1645
83	2077
84	1736
85	1750
86	1818
87	4702
88	926
89	1279
90	1297
91	2457
92	2573
93	3256
94	3361
95	3050
96	1875
97	1768
98	1647
99	1599
100	1151
101	1073
102	1630
103	2430
104	2880
105	2223
106	1850
107	2226
108	1673
109	903
110	1586
111	1229
112	1508
113	2909
114	2191
115	3141
116	2299
117	1900
118	1795
119	2317
120	1820
121	2405
122	1985
123	1600
124	2363
125	2433
126	3943
127	3965
128	3148
129	2742
130	1340
131	1160
132	1273
133	1667
134	1752
135	2380
136	2052
137	2162
138	2472
139	2608
140	1558
141	1721
142	1841
143	1540
144	2569
145	1264
146	1409
147	2054
148	1612
149	1774
150	4442
151	2634
152	2942
153	2183
154	1786
155	2726
156	2083
157	1132
158	1811
159	1531
160	1671
161	1768
162	2158
163	2280
164	2515
165	2679
166	3065
167	1959
168	2712
169	3968
170	2956
171	1616
172	1729
173	1696
174	1690
175	1532
176	1462
177	1646
178	2262
179	2081
180	2231
181	2421
182	1934
183	1684
184	1806
185	2389
186	2458
187	3249
188	1168
189	1638
190	1750
191	1535
192	1720
193	1862
194	3116
195	3051
196	3821
197	3816
198	3628
199	4291
200	4211
201	2319
202	2251
203	2272
204	2314
205	2120
206	1972
207	2098
208	2187
209	2437
210	2396
211	2759
212	2312
213	1133
214	1324
215	1139
216	1361
217	1922
218	2010
219	2452
220	2161
221	2182
222	2778
223	3151
224	2375
225	2434
226	2517
227	1901
228	1501
229	3488
230	1491
231	1166
232	2486
233	5497
234	1842
235	2135
236	2668
237	2753
238	1838
239	2111
240	1185
241	1400
242	1474
243	1647
244	1406
245	1100
246	1284
247	1906
248	2487
249	3747
250	3790
251	3784
252	4951
253	5243
254	5413
255	5468
256	3613
257	4460
258	3573
259	3314
260	3303
261	3293
262	1491
263	1605
264	1045
265	2502
266	2452
267	2578
268	2255
269	1774
270	1397
271	1261
272	1284
273	1328
274	1981
275	2732
276	3382
277	3305
278	3583
279	2921
280	2456
281	3347
282	1864
283	1186
284	1543
285	2088
286	2099
287	2156
288	1892
289	1889
290	4386
291	2932
292	2542
293	3224
294	2697
295	1812
296	1404
297	3152
298	2324
299	3779
300	3942
301	4828
302	4520
303	3200
304	3464
305	2998
306	3389
307	3976
308	2619
309	1807
310	1931
311	3125
312	2617
313	2135
314	1409
315	2362
316	2627
317	3073
318	3010
319	3057
320	2272
321	2385
322	1623
323	2693
324	1724
325	1712
326	1597
327	1958
328	3367
329	2901
330	2587
331	2726
332	2807
333	2285
334	2188
335	1717
336	2019
337	1681
338	1523
339	1494
340	1058
341	2443
342	1643
343	1691
344	1718
345	1638
346	1064
347	1258
348	1763
349	2150
350	3155
351	3392
352	3517
353	2217
354	2341
355	3604
356	2617
357	2649
358	1930
359	1817
360	1789
361	2582
362	2293
363	1758
364	1208
365	1457
366	1615
367	3183
368	4496
369	4069
370	2988
371	3287
372	530
373	728
374	855
375	1035
376	2229
377	3371
378	1132
379	1329
380	1505
381	1303
382	1970
383	1481
384	1798
385	2120
386	3170
387	3161
388	2331
389	2315
390	2155
391	2036
392	1905
393	1801
394	2126
395	2123
396	1254
397	1073
398	1518
399	1428
400	1702
401	1807
402	1979
403	2116
404	2215
405	2518
406	2611
407	3023
408	2493
409	2199
410	2886
411	2960
412	1985
413	2067
414	2581
415	2557
416	2399
417	2096
418	2226
419	2622
420	2614
421	2259
422	2001
423	2112
424	3300
425	3452
426	1666
427	1172
428	1282
429	1532
430	1968
431	1960
432	1493
433	1528
434	1677
435	1836
436	3327
437	2731
438	3922
439	5043
440	2825
441	2392
442	2457
443	1886
444	1667
445	1905
446	2670
447	3439
448	2933
449	2740
450	3024
451	3599
452	1800
453	1804
454	2000
455	2077
456	1681
457	1618
458	1509
459	1172
460	1226
461	1516
462	1809
463	3710
464	3499
465	3773
466	2611
467	1947
468	2237
469	2165
470	1877
471	2211
472	1815
473	2148
474	2154
475	1899
476	4170
477	2467
478	1295
479	953
480	1379
481	1555
482	1819
483	2157
484	1733
485	1724
486	1846
487	1940
488	1589
489	1828
490	2307
491	3962
492	1920
493	2329
494	2793
495	2564
496	2034
497	3171
498	2142
499	2022
500	2067
501	2345
502	1944
503	2127
504	2722
505	2406
506	1954
507	1953
508	1484
509	2633
510	1997
511	2099
512	2099
513	1918
514	2597
515	1463
516	956
517	1575
518	1416
519	1587
520	1694
521	1518
522	1646
523	1776
524	2016
525	2197
526	1437
527	1636
528	1228
529	1522
530	2076
531	2263
532	2804
533	1969
534	1577
535	1930
536	1525
537	2000
538	1682
539	2259
540	1590
541	1515
542	2063
543	2517
544	1750
545	1875
546	1431
547	1723
548	2285
549	2017
550	1418
551	1068
552	1341
553	3208
554	5177
555	2849
556	1300
557	1434
558	1669
559	3902
560	3559
561	2842
562	1854
563	3375
564	3113
565	3091
566	1812
567	764
568	951
569	857
570	1341
571	1305
572	1149
573	1499
574	1699
575	1842
576	2015
577	1646
578	2597
579	2664
580	1334
581	1035
582	872
583	1059
584	961
585	873
586	691
587	1106
588	1778
589	4136
590	3666
591	1696
592	1378
593	1248
594	1309
595	1332
596	1472
597	1478
598	1105
599	1144
600	1361
601	1405
602	1227
603	1270
604	1630
605	1363
606	961
607	1075
608	1078
609	1204
610	1435
611	1622
612	1561
613	1798
614	2205
615	1865
616	2032
617	3523
618	2613
619	3601
620	3249
621	2971
622	2655
623	2182
624	1926
625	1961
626	1053
627	1652
628	2272
629	2238
630	2016
631	2237
632	2089
633	1819
634	1631
635	1571
636	2061
637	1942
638	1339
639	1299
640	2294
641	1909
642	1817
643	1984
644	1517
645	2663
646	2314
647	1961
648	1523
649	1950
650	1416
651	1153
652	1960
653	2763
654	1526
655	1828
656	1889
657	1323
658	1539
659	1988
660	2466
661	1702
662	2006
663	1814
664	1795
665	1982
666	1941
667	1400
668	1629
669	1395
670	1579
671	1778
672	1952
673	2875
674	4437
675	4447
676	3985
677	3575
678	3103
679	1913
680	2030
681	2162
682	2475
683	2012
684	2472
685	3010
686	1707
687	936
688	1446
689	1763
690	1862
691	1956
692	1725
693	1800
694	1031
695	2861
696	2115
697	2968
698	6020
699	2187
700	1309
701	2456
702	2604
703	1362
704	3300
705	1966
706	2269
707	1600
708	2347
709	3622
710	1331
711	2453
712	2553
713	2178
714	3680
715	4336
716	5075
717	3768
718	3728
719	3695
720	2183
721	2306
722	2410
723	2681
724	3123
725	2723
726	2443
727	2437
728	2161
729	2262
730	1298
731	1895
732	2043
733	1778
734	1546
735	1696
736	660
737	2804
738	1986
739	3180
740	3778
741	5636
742	5494
743	6073
744	5826
745	5964
746	5666
747	4857
748	1792
749	1997
750	1682
751	1640
752	1770
753	1331
754	1284
755	994
756	1379
757	2017
758	2571
759	1759
760	1713
761	1901
762	2555
763	2935
764	1630
765	2198
766	2281
767	3439
768	2945
769	3321
770	5321
771	1770
772	2257
773	2025
774	2099
775	2577
776	3112
777	2401
778	2310
779	1929
780	3328
781	3127
782	3121
783	1230
784	1369
785	1515
786	1511
787	939
788	2392
789	1934
790	1479
791	1647
792	1669
793	2333
794	1718
795	1889
796	2274
797	1752
798	1496
799	1335
800	1816
801	1424
802	1095
803	2415
804	3108
805	2182
806	3057
807	2907
808	3741
809	4195
810	4150
811	4903
812	5368
813	4799
814	4807
815	3515
816	2619
817	2778
818	2598
819	2802
820	2999
821	2684
822	2613
823	1636
824	1696
825	1287
826	1754
827	2913
828	2445
829	2508
830	2485
831	2800
832	2708
833	2773
834	2884
835	2944
836	2999
837	3898
838	2847
839	1621
840	1764
841	2675
842	2284
843	1648
844	2716
845	2470
846	5184
847	4273
848	8850
849	4328
850	2834
851	5447
852	5002
853	3426
854	3931
855	3433
856	3367
857	2484
858	2093
859	1939
860	2143
861	2684
862	3634
863	3555
864	3067
865	2069
866	2256
867	1733
868	2050
869	2171
870	2175
871	2656
872	2315
873	3580
874	2455
875	1970
876	2074
877	2176
878	1570
879	1876
880	2601
881	2660
882	1652
883	2427
884	2027
885	3179
886	1445
887	931
888	1100
889	1274
890	2395
891	2477
892	2084
893	2943
894	2361
895	2448
896	2538
897	2560
898	3337
899	3855
900	1949
901	2359
902	3128
903	2928
904	2839
905	2544
906	2968
907	2552
908	3508
909	3492
910	1728
911	1940
912	2092
913	3835
914	2650
915	2801
916	2613
917	2310
918	2437
919	2090
920	1164
921	1373
922	2368
923	2217
924	2656
925	2699
926	2458
927	2987
928	2990
929	1962
930	2070
931	2370
932	1896
933	1607
934	1615
935	1428
936	1600
937	1511
938	4371
939	1817
940	2456
941	3034
942	4407
943	1887
944	1544
945	2202
946	3024
947	3973
948	2694
949	2626
950	2824
951	2137
952	2233
953	1871
954	1455
955	1947
956	2382
957	2808
958	2903
959	2729
960	4388
961	4707
962	4715
963	3636
964	4822
965	4719
966	5069
967	5688
968	3352
969	3366
970	3060
971	3010
972	1140
973	2275
974	1746
975	1146
976	2108
977	3163
978	3027
979	1840
980	1960
981	1972
982	2422
983	2977
984	3448
985	4009
986	2407
987	1718
988	1311
989	1421
990	1771
991	1902
992	1337
993	1745
994	2505
995	2795
996	3545
997	2215
998	3383
999	2397
1000	3803
1001	3774
1002	3483
1003	3548
1004	2067
1005	1837
1006	2394
1007	1806
1008	2713
1009	928
1010	782
1011	1005
1012	1975
1013	2110
1014	2254
1015	2752
1016	2900
1017	3561
1018	3047
1019	2421
1020	3298
1021	3332
1022	1259
1023	2682
1024	2700
1025	3862
1026	3826
1027	6811
1028	6488
1029	5782
1030	3586
1031	3703
1032	3903
1033	2544
1034	1780
1035	1624
1036	3624
1037	2890
1038	2871
1039	2398
1040	3922
1041	3559
1042	2003
1043	1927
1044	3227
1045	3316
1046	3025
1047	3529
1048	2805
1049	2854
1050	3128
1051	2873
1052	1183
1053	3217
1054	3145
1055	3122
1056	2034
1057	1238
1058	1993
1059	1566
1060	1904
1061	1728
1062	3160
1063	2824
1064	3327
1065	1258
1066	1463
1067	1769
1068	1731
1069	2485
1070	2535
1071	2595
1072	1878
1073	1844
1074	1996
1075	1539
1076	1688
1077	1843
1078	2533
1079	2593
1080	2712
1081	2191
1082	2263
1083	1625
1084	1740
1085	1883
1086	3124
1087	3041
1088	3448
1089	3255
1090	1472
1091	3121
1092	2790
1093	3035
1094	2465
1095	1875
1096	2106
1097	2145
1098	1648
1099	2029
1100	1464
1101	1677
1102	1407
1103	1537
1104	2722
1105	2761
1106	3288
1107	1912
1108	2823
1109	3000
1110	2645
1111	2152
1112	2221
1113	2148
1114	2111
1115	2200
1116	2276
1117	1725
1118	1835
1119	1962
1120	2177
1121	1542
1122	1684
1123	753
1124	1728
1125	1902
1126	3501
1127	4556
1128	4228
1129	5677
1130	4218
1131	1834
1132	1611
1133	1845
1134	1092
1135	1384
1136	2747
1137	1613
1138	2112
1139	1440
1140	1682
1141	4353
1142	3850
1143	3719
1144	2937
1145	3145
1146	1541
1147	2373
1148	2106
1149	1784
1150	1760
1151	1636
1152	1820
1153	1956
1154	1810
1155	1585
1156	2303
1157	2123
1158	1533
1159	1674
1160	1824
1161	1399
1162	1330
1163	952
1164	2743
1165	1408
1166	3514
1167	2222
1168	2270
1169	2912
1170	2947
1171	3122
1172	4099
1173	2850
1174	3785
1175	5472
1176	2551
1177	2574
1178	2330
1179	2361
1180	2279
1181	2104
1182	2590
1183	4220
1184	3606
1185	3151
1186	1561
1187	1082
1188	1486
1189	1944
1190	2619
1191	7231
1192	8687
1193	8755
1194	7682
1195	2717
1196	2658
1197	2488
1198	2179
1199	1964
1200	597
1201	2236
1202	1965
1203	2050
1204	1778
1205	1787
1206	2379
1207	1993
1208	1740
1209	1911
1210	1910
1211	2179
1212	3278
1213	2752
1214	1543
1215	1686
1216	2038
1217	3088
1218	1335
1219	1583
1220	2188
1221	1208
1222	1398
1223	1420
1224	1569
1225	1825
1226	1603
1227	1752
1228	1788
1229	1656
1230	1992
1231	2165
1232	3009
1233	3068
1234	2470
1235	2499
1236	2516
1237	2425
1238	2010
1239	4071
1240	1417
1241	1331
1242	2189
1243	1721
1244	1875
1245	1814
1246	1450
1247	1998
1248	2309
1249	2377
1250	3038
1251	3496
1252	2779
1253	2617
1254	1985
1255	2619
1256	2429
1257	2276
1258	1564
1259	2211
1260	2412
1261	2065
1262	2370
1263	1327
1264	3350
1265	3754
1266	2959
1267	2526
1268	2909
1269	2654
1270	2945
1271	2883
1272	2514
1273	2161
1274	1422
1275	966
1276	1323
1277	2780
1278	2067
1279	3937
1280	2166
1281	1042
1282	1922
1283	2021
1284	2453
1285	3670
1286	1584
1287	2394
1288	2194
1289	1954
1290	2834
1291	1954
1292	2598
1293	4738
1294	3990
1295	4162
1296	3635
1297	3176
1298	4026
1299	3205
1300	3548
1301	3893
1302	4287
1303	13049
1304	11842
1305	3400
1306	492
1307	1017
1308	1066
1309	3166
1310	3179
1311	2609
1312	1171
1313	1726
1314	2286
1315	1946
1316	2826
1317	2790
1318	2444
1319	1127
1320	2468
1321	2532
1322	2281
1323	1928
1324	2121
1325	2217
1326	2237
1327	4780
1328	2293
1329	1443
1330	1551
1331	3291
1332	3319
1333	3281
1334	2870
1335	3735
1336	2483
1337	2548
1338	3044
1339	3354
1340	2152
1341	890
1342	965
1343	1387
1344	1765
1345	2088
1346	1121
1347	2181
1348	2295
1349	2259
1350	1250
1351	1908
1352	1534
1353	1761
1354	1892
1355	988
1356	3337
1357	2750
1358	2784
1359	2858
1360	1507
1361	2116
1362	2173
1363	2286
1364	2363
1365	2481
1366	2444
1367	2482
1368	3961
1369	3603
1370	3553
1371	3658
1372	3909
1373	3754
1374	4304
1375	4909
1376	3439
1377	3651
1378	1334
1379	1582
1380	1774
1381	1908
1382	2060
1383	1593
1384	1845
1385	2413
1386	2382
1387	2499
1388	2223
1389	2228
1390	2375
1391	2444
1392	3845
1393	1757
1394	1248
1395	2067
1396	2822
1397	4812
1398	3281
1399	1541
1400	2203
1401	1664
1402	1462
1403	2048
1404	2172
1405	1741
1406	1802
1407	1937
1408	2083
1409	1662
1410	2425
1411	2742
1412	1151
1413	1644
1414	1605
1415	1503
1416	2509
1417	2635
1418	2029
1419	2507
1420	2624
1421	1696
1422	3787
1423	2410
1424	2509
1425	3024
1426	3474
1427	4242
1428	4171
1429	4055
1430	4692
1431	5854
1432	3588
1433	3305
1434	3239
1435	4296
1436	6327
1437	3651
1438	3408
1439	2209
1440	2194
1441	1505
1442	1667
1443	2126
1444	2349
1445	2155
1446	3199
1447	3192
1448	2746
1449	2952
1450	3070
1451	2645
1452	3178
1453	3204
1454	2846
1455	3134
1456	1972
1457	3573
1458	2412
1459	3091
1460	1567
1461	2017
1462	1992
1463	2514
1464	3077
1465	3030
1466	1818
1467	1474
1468	1620
1469	1788
1470	1363
1471	2871
1472	1149
1473	1711
1474	1176
1475	2808
1476	3535
1477	2771
1478	3372
1479	3355
1480	3368
1481	3398
1482	2654
1483	1520
1484	1650
1485	1514
1486	3510
1487	3150
1488	3117
1489	2447
1490	1289
1491	1444
1492	1409
1493	1578
1494	1721
1495	2668
1496	2382
1497	2625
1498	1838
1499	2083
1500	2439
1501	2579
1502	2189
1503	2539
1504	1400
1505	2147
1506	2434
1507	2294
1508	2261
1509	2043
1510	2875
1511	2447
1512	2623
1513	2663
1514	1639
1515	2087
1516	2609
1517	1717
1518	1810
1519	1341
1520	1476
1521	1439
1522	2083
1523	2515
1524	2551
1525	2398
1526	3058
1527	2714
1528	3550
1529	3815
1530	4723
1531	4838
1532	4773
1533	5813
1534	4423
1535	3546
1536	4995
1537	3919
1538	3832
1539	2586
1540	3282
1541	3276
1542	3220
1543	2224
1544	2307
1545	2299
1546	1994
1547	1891
1548	1384
1549	2431
1550	3166
1551	1811
1552	2185
1553	1398
1554	1527
1555	1506
1556	1246
1557	1504
1558	2453
1559	2203
1560	2644
1561	2622
1562	2259
1563	1945
1564	2029
1565	2862
1566	2176
1567	2487
1568	2617
1569	1833
1570	1900
1571	1839
1572	3599
1573	1283
1574	1120
1575	1272
1576	1626
1577	1806
1578	1956
1579	2145
1580	2468
1581	2633
1582	2515
1583	2349
1584	1869
1585	2021
1586	1818
1587	1838
1588	2372
1589	2597
1590	1993
1591	3825
1592	2397
1593	1434
1594	1774
1595	1916
1596	2579
1597	2075
1598	1923
1599	1472
1600	1683
1601	1829
1602	987
1603	2794
1604	2239
1605	2994
1606	1987
1607	2344
1608	1403
1609	2187
1610	2257
1611	1968
1612	1891
1613	2617
1614	2355
1615	2920
1616	2832
1617	3341
1618	3049
1619	1587
1620	1883
1621	1452
1622	1494
1623	1902
1624	1583
1625	1889
1626	1664
1627	2329
1628	2333
1629	2548
1630	1984
1631	2745
1632	2182
1633	2289
1634	3147
1635	4069
1636	2865
1637	5092
1638	1640
1639	2591
1640	1880
1641	1743
1642	2535
1643	2728
1644	2504
1645	1754
1646	987
1647	2282
1648	2071
1649	1825
1650	1679
1651	2149
1652	2204
1653	4384
1654	3743
1655	2406
1656	2251
1657	2887
1658	1911
1659	2056
1660	2779
1661	2343
1662	4136
1663	3642
1664	2986
1665	1215
1666	1390
1667	690
1668	2011
1669	1318
1670	1434
1671	1923
1672	2840
1673	2176
1674	3287
1675	1978
1676	1400
1677	1555
1678	2595
1679	3156
1680	3401
1681	3327
1682	2998
1683	3665
1684	2506
1685	1934
1686	1391
1687	1828
1688	3188
1689	2600
1690	1976
1691	1542
1692	2073
1693	2119
1694	2278
1695	3690
1696	2239
1697	3268
1698	3016
1699	2620
1700	3433
1701	1500
1702	2321
1703	3132
1704	3101
1705	2767
1706	3355
1707	3249
1708	2544
1709	2968
1710	2477
1711	2550
1712	2615
1713	2276
1714	2219
1715	2316
1716	2412
1717	7997
1718	8582
1719	8238
1720	1723
1721	1604
1722	3001
1723	2274
1724	2297
1725	2370
1726	1520
1727	1948
1728	1947
1729	2106
1730	2016
1731	2087
1732	2176
1733	2144
1734	2258
1735	1848
1736	1944
1737	2096
1738	2453
1739	2846
1740	2043
1741	2944
1742	4157
1743	3897
1744	5792
1745	4125
1746	4198
1747	3368
1748	3379
1749	3308
1750	3806
1751	3813
1752	3397
1753	2981
1754	1562
1755	1063
1756	2339
1757	2828
1758	1649
1759	1132
1760	1577
1761	1754
1762	996
1763	882
1764	1151
1765	1121
1766	1132
1767	1400
1768	1940
1769	1975
1770	2102
1771	2596
1772	2095
1773	4850
1774	2325
1775	1864
1776	2017
1777	2096
1778	2291
1779	2302
1780	2332
1781	3360
1782	4030
1783	2058
1784	2069
1785	1075
1786	1251
1787	1421
1788	2066
1789	1834
1790	2060
1791	1769
1792	1874
1793	1872
1794	1239
1795	1424
1796	1562
1797	2313
1798	2324
1799	2233
1800	2286
1801	3235
1802	3659
1803	2433
1804	1944
1805	2056
1806	1945
1807	2575
1808	2728
1809	3915
1810	3492
1811	3536
1812	3024
1813	3060
1814	2038
1815	1603
1816	1582
1817	1756
1818	1874
1819	1997
1820	1849
1821	2879
1822	2447
1823	2643
1824	2514
1825	2539
1826	2272
1827	2148
1828	3719
1829	1996
1830	1108
1831	1363
1832	1909
1833	2048
1834	2171
1835	2297
1836	2368
1837	2554
1838	1981
1839	2109
1840	1813
1841	1478
1842	1441
1843	883
1844	1090
1845	2625
1846	1994
1847	1988
1848	1260
1849	1467
1850	1327
1851	1454
1852	1339
1853	1881
1854	1924
1855	2818
1856	3140
1857	3073
1858	2584
1859	2421
1860	2140
1861	2181
1862	1790
1863	2017
1864	1674
1865	874
1866	1336
1867	1489
1868	1331
1869	2127
1870	2153
1871	2428
1872	3283
1873	4218
1874	3815
1875	6416
1876	5183
1877	4994
1878	1812
1879	3253
1880	3962
1881	3510
1882	2867
1883	1323
1884	1480
1885	1654
1886	1806
1887	1935
1888	2544
1889	3688
1890	4321
1891	2921
1892	2758
1893	3427
1894	2842
1895	1564
1896	559
1897	669
1898	871
1899	1915
1900	1757
1901	1494
1902	1310
1903	1347
1904	1368
1905	1473
1906	1579
1907	3008
1908	2516
1909	3588
1910	3369
1911	1665
1912	1749
1913	2380
1914	2718
1915	2513
1916	2336
1917	1368
1918	1990
1919	2505
1920	2892
1921	2321
1922	2364
1923	2421
1924	2451
1925	3724
1926	2546
1927	1876
1928	1457
1929	1754
1930	1833
1931	1162
1932	1513
1933	2301
1934	1754
1935	1678
1936	1512
1937	1694
1938	1212
1939	1595
1940	1826
1941	2152
1942	2019
1943	2822
1944	2159
1945	1966
1946	2111
1947	2482
1948	2425
1949	3325
1950	5282
1951	4543
1952	1307
1953	1624
1954	1754
1955	1937
1956	1669
1957	1487
1958	2295
1959	1781
1960	2966
1961	2731
1962	2832
1963	1387
1964	1558
1965	1734
1966	1815
1967	1464
1968	4897
1969	5066
1970	1027
1971	1758
1972	1423
1973	1668
1974	1794
1975	1888
1976	1129
1977	1355
1978	1404
1979	1638
1980	2087
1981	2648
1982	1221
1983	1678
1984	1803
1985	1584
1986	1772
1987	1576
1988	1393
1989	1939
1990	1430
1991	1427
1992	3590
1993	1292
1994	1511
1995	2370
1996	2375
1997	2433
1998	2514
1999	4519
2000	3708
2001	3707
2002	4797
2003	3299
2004	2734
2005	2646
2006	1501
2007	2650
2008	2723
2009	3227
2010	4043
2011	1399
2012	3640
2013	3407
2014	4283
2015	2843
2016	2539
2017	2097
2018	2222
2019	2743
2020	1819
2021	1722
2022	1223
2023	1346
2024	2699
2025	2845
2026	3327
2027	5524
2028	1138
2029	3035
2030	3515
2031	2390
2032	3223
2033	2968
2034	3668
2035	1437
2036	1561
2037	1693
2038	1924
2039	2045
2040	2533
2041	2325
2042	2088
2043	2774
2044	764
2045	1022
2046	2219
2047	2305
2048	1829
2049	2063
2050	1612
2051	1591
2052	1595
2053	2081
2054	2641
2055	2360
2056	2937
2057	2946
2058	3352
2059	1867
2060	2660
2061	2279
2062	2506
2063	3041
2064	2904
2065	2910
2066	2362
2067	2121
2068	1875
2069	2518
2070	1356
2071	1184
2072	1356
2073	1605
2074	1843
2075	2007
2076	1497
2077	1423
2078	1509
2079	2820
2080	2363
2081	2401
2082	2445
2083	2506
2084	2638
2085	1960
2086	1938
2087	1132
2088	1313
2089	1668
2090	1196
2091	1066
2092	1246
2093	1439
2094	2585
2095	2032
2096	2193
2097	1529
2098	1675
2099	1829
2100	1586
2101	1677
2102	1863
2103	2588
2104	2077
2105	2191
2106	2047
2107	2251
2108	2234
2109	1288
2110	1384
2111	1373
2112	1287
2113	1345
2114	1954
2115	2072
2116	2651
2117	1861
2118	1981
2119	2061
2120	1663
2121	1809
2122	1935
2123	2280
2124	1843
2125	1993
2126	1360
2127	1504
2128	1238
2129	3387
2130	2829
2131	2106
2132	1162
2133	1647
2134	1818
2135	1730
2136	1898
2137	2270
2138	2411
2139	1534
2140	1111
2141	632
2142	879
2143	993
2144	1903
2145	1618
2146	1791
2147	2017
2148	1620
2149	1248
2150	1290
2151	1604
2152	1796
2153	2536
2154	2597
2155	3159
2156	2158
2157	3839
2158	1532
2159	2051
2160	2395
2161	2307
2162	971
2163	1115
2164	1224
2165	1216
2166	1790
2167	1852
2168	2245
2169	3653
2170	1080
2171	1819
2172	2106
2173	672
2174	2916
2175	2582
2176	4209
2177	3760
2178	1878
2179	1893
2180	2209
2181	1834
2182	1742
2183	1935
2184	2088
2185	1783
2186	1005
2187	748
2188	722
2189	1047
2190	1335
2191	1503
2192	1671
2193	1370
2194	1649
2195	1503
2196	992
2197	1170
2198	1350
2199	1887
2200	1581
2201	1717
2202	1779
2203	1876
2204	1325
2205	1222
2206	1324
2207	961
2208	1215
2209	2555
2210	1652
2211	2320
2212	1637
2213	1169
2214	1066
2215	1261
2216	1780
2217	1282
2218	1557
2219	1755
2220	1509
2221	1535
2222	1300
2223	1474
2224	1611
2225	1863
2226	1600
2227	1941
2228	1259
2229	1561
2230	971
2231	691
2232	1274
2233	1327
2234	1991
2235	1672
2236	1636
2237	2018
2238	1625
2239	2257
2240	2451
2241	1690
2242	1236
2243	2324
2244	1670
2245	2785
2246	2521
2247	1661
2248	2176
2249	1523
2250	1632
2251	2424
2252	2255
2253	1331
2254	873
2255	933
2256	1139
2257	1331
2258	1540
2259	1723
2260	2751
2261	1658
2262	4147
2263	1753
2264	1808
2265	1191
2266	1287
2267	1400
2268	1064
2269	1246
2270	1421
2271	1654
2272	2431
2273	2533
2274	1752
2275	2082
2276	2037
2277	2151
2278	1240
2279	1051
2280	1260
2281	1427
2282	2645
2283	2313
2284	2422
2285	2220
2286	1017
2287	1211
2288	1450
2289	1626
2290	1795
2291	1912
2292	2040
2293	2074
2294	2217
2295	1120
2296	1275
2297	1422
2298	1668
2299	2126
2300	1606
2301	1808
2302	1547
2303	1377
2304	954
2305	1485
2306	2266
2307	1334
2308	1271
2309	1147
2310	1315
2311	1470
2312	2270
2313	2433
2314	2520
2315	2594
2316	1683
2317	1816
2318	1889
2319	2044
2320	1521
2321	1492
2322	1637
2323	1784
2324	1312
2325	1466
2326	1688
2327	1229
2328	936
2329	980
2330	1092
2331	1431
2332	2434
2333	1626
2334	1798
2335	1234
2336	1450
2337	1687
2338	2007
2339	2153
2340	2634
2341	1716
2342	1750
2343	1338
2344	1713
2345	1637
2346	2805
2347	1909
2348	2396
2349	1931
2350	2291
2351	3318
2352	3987
2353	2818
2354	2665
2355	4294
2356	1242
2357	1858
2358	2326
2359	1760
2360	2647
2361	2457
2362	2835
2363	2848
2364	2609
2365	1654
2366	1981
2367	3159
2368	4254
2369	1678
2370	1323
2371	1473
2372	2130
2373	1890
2374	1895
2375	1886
2376	1075
2377	1874
2378	1145
2379	2534
2380	1425
2381	1559
2382	2152
2383	3590
2384	2119
2385	2079
2386	2202
2387	2182
2388	2508
2389	1911
2390	1771
2391	1847
2392	1610
2393	1654
2394	1660
2395	2228
2396	3219
2397	3186
2398	3167
2399	5216
2400	5446
2401	5446
2402	2445
2403	1549
2404	1354
2405	1524
2406	1754
2407	2002
2408	2256
2409	2045
2410	2068
2411	1690
2412	1853
2413	1964
2414	1958
2415	2010
2416	2072
2417	2111
2418	2745
2419	2242
2420	2244
2421	2059
2422	1302
2423	1333
2424	1788
2425	1782
2426	1823
2427	1505
2428	1520
2429	1407
2430	2869
2431	1641
2432	3092
2433	1862
2434	1376
2435	1467
2436	1993
2437	2111
2438	1584
2439	1375
2440	1529
2441	1065
2442	708
2443	1011
2444	1080
2445	1273
2446	1463
2447	1505
2448	2244
2449	1705
2450	1770
2451	1354
2452	1432
2453	1659
2454	1712
2455	1427
2456	1616
2457	1778
2458	1934
2459	2009
2460	1375
2461	1498
2462	1942
2463	2306
2464	2962
2465	2999
2466	1592
2467	1705
2468	1856
2469	1999
2470	2397
2471	2097
2472	2154
2473	2356
2474	2470
2475	2585
2476	1150
2477	1239
2478	2238
2479	2516
2480	2055
2481	2155
2482	1705
2483	1872
2484	2215
2485	2043
2486	1637
2487	1848
2488	1996
2489	2160
2490	2179
2491	2775
2492	1479
2493	1497
2494	3148
2495	2296
2496	2393
2497	1769
2498	563
2499	1230
2500	2609
2501	1611
2502	1591
2503	1943
2504	1978
2505	1793
2506	1899
2507	1535
2508	1218
2509	1294
2510	991
2511	1162
2512	1321
2513	1949
2514	2086
2515	2240
2516	2596
2517	2540
2518	2678
2519	1422
2520	1182
2521	1303
2522	1012
2523	2335
2524	1933
2525	2675
2526	1653
2527	1273
2528	780
2529	1638
2530	1933
2531	2412
2532	2044
2533	1689
2534	1835
2535	1901
2536	1710
2537	1950
2538	2189
2539	1706
2540	1622
2541	1740
2542	1927
2543	1079
2544	1233
2545	2396
2546	2778
2547	2639
2548	3700
2549	3195
2550	2433
2551	2116
2552	2090
2553	2187
2554	2845
2555	2864
2556	2904
2557	2254
2558	2433
2559	1517
2560	1463
2561	938
2562	1112
2563	1287
2564	1182
2565	2094
2566	1356
2567	1502
2568	2362
2569	1751
2570	1358
2571	1083
2572	1378
2573	1399
2574	1562
2575	1662
2576	1473
2577	1622
2578	730
2579	793
2580	1472
2581	1233
2582	1403
2583	1036
2584	778
2585	2269
2586	2797
2587	2371
2588	2316
2589	2484
2590	2499
2591	2189
2592	1014
2593	1597
2594	1803
2595	1126
2596	1333
2597	1551
2598	1710
2599	2628
2600	1641
2601	2245
2602	1871
2603	1030
2604	818
2605	1029
2606	1250
2607	1570
2608	1727
2609	1849
2610	3647
2611	3595
2612	2216
2613	1804
2614	1973
2615	2109
2616	2958
2617	2283
2618	2398
2619	2463
2620	2503
2621	2301
2622	2399
2623	2481
2624	2449
2625	2303
2626	1593
2627	1729
2628	1567
2629	1733
2630	2007
2631	2011
2632	2176
2633	1206
2634	1379
2635	1295
2636	1451
2637	1600
2638	2286
2639	1663
2640	1758
2641	1695
2642	1807
2643	1275
2644	1462
2645	1623
2646	1881
2647	2637
2648	1558
2649	1696
2650	1903
2651	1983
2652	3284
2653	2592
2654	2230
2655	2940
2656	3141
2657	3167
2658	2578
2659	2451
2660	1987
2661	2307
2662	1141
2663	1261
2664	1457
2665	1615
2666	1393
2667	1126
2668	1373
2669	1092
2670	1452
2671	2270
2672	2371
2673	2405
2674	1635
2675	1733
2676	1647
2677	1618
2678	1433
2679	2038
2680	1607
2681	2020
2682	1927
2683	1688
2684	1071
2685	1083
2686	1501
2687	3001
2688	2222
2689	2644
2690	1574
2691	1697
2692	1894
2693	1993
2694	1136
2695	1273
2696	2940
2697	2790
2698	3023
2699	1573
2700	2035
2701	1712
2702	2006
2703	2885
2704	2897
2705	1838
2706	1482
2707	1622
2708	1682
2709	1643
2710	1477
2711	1980
2712	1175
2713	1638
2714	1064
2715	1454
2716	963
2717	1095
2718	1273
2719	1555
2720	1690
2721	1974
2722	1506
2723	2549
2724	3343
2725	1057
2726	1598
2727	1464
2728	1612
2729	2314
2730	2421
2731	978
2732	1208
2733	1105
2734	1200
2735	1117
2736	1694
2737	1405
2738	1095
2739	2156
2740	1962
2741	2082
2742	1516
2743	2017
2744	2213
2745	1099
2746	739
2747	971
2748	1167
2749	1382
2750	1206
2751	1726
2752	1845
2753	2055
2754	1960
2755	2055
2756	2194
2757	1704
2758	1920
2759	1728
2760	1903
2761	1929
2762	2055
2763	1544
2764	1718
2765	1837
2766	1518
2767	1486
2768	1703
2769	2617
2770	2125
2771	1730
2772	1865
2773	1980
2774	2121
2775	2217
2776	2731
2777	4824
2778	4707
2779	4164
2780	4127
2781	4408
2782	2882
2783	2536
2784	3420
2785	3353
2786	2472
2787	3123
2788	2648
2789	830
2790	894
2791	786
2792	899
2793	1105
2794	1319
2795	1389
2796	1557
2797	2224
2798	1528
2799	1314
2800	1888
2801	2029
2802	1354
2803	1601
2804	1300
2805	1976
2806	2155
2807	3179
2808	2559
2809	1828
2810	2122
2811	1965
2812	1714
2813	2106
2814	3236
2815	1609
2816	1679
2817	1899
2818	2466
2819	1566
2820	1673
2821	3043
2822	2966
2823	2341
2824	1666
2825	2202
2826	1964
2827	2100
2828	2213
2829	2303
2830	2387
2831	2454
2832	1969
2833	1428
2834	1811
2835	2358
2836	2176
2837	1550
2838	1673
2839	4842
2840	4691
2841	2440
2842	2251
2843	2002
2844	1194
2845	1391
2846	1530
2847	1415
2848	1712
2849	2824
2850	1929
2851	2663
2852	2203
2853	2323
2854	2417
2855	2477
2856	3033
2857	2878
2858	2386
2859	2447
2860	2413
2861	976
2862	1653
2863	1853
2864	2592
2865	3270
2866	1627
2867	1328
2868	1549
2869	1748
2870	2302
2871	2012
2872	1477
2873	1634
2874	2542
2875	1109
2876	1862
2877	1495
2878	1659
2879	2308
2880	2166
2881	2198
2882	2331
2883	2122
2884	2256
2885	2297
2886	3029
2887	1483
2888	1609
2889	1829
2890	1855
2891	1679
2892	1794
2893	1936
2894	2028
2895	1354
2896	582
2897	717
2898	955
2899	1422
2900	1704
2901	1857
2902	1569
2903	1829
2904	2533
2905	2444
2906	614
2907	854
2908	1065
2909	1428
2910	1658
2911	1525
2912	1700
2913	1713
2914	1315
2915	1919
2916	2244
2917	1832
2918	2296
2919	1189
2920	1118
2921	2051
2922	1500
2923	1713
2924	1850
2925	1441
2926	1601
2927	3169
2928	3296
2929	3291
2930	2449
2931	1145
2932	598
2933	870
2934	1294
2935	1263
2936	1651
2937	1481
2938	1823
2939	1776
2940	1987
2941	2104
2942	2299
2943	2128
2944	2372
2945	1537
2946	927
2947	1083
2948	2314
2949	1678
2950	2486
2951	2177
2952	1796
2953	1938
2954	2459
2955	2138
2956	3023
2957	3316
2958	560
2959	612
2960	764
2961	850
2962	926
2963	1212
2964	1109
2965	1241
2966	1603
2967	1771
2968	1735
2969	1419
2970	2022
2971	2081
2972	2011
2973	1508
2974	1956
2975	2035
2976	2571
2977	2164
2978	2700
2979	1786
2980	2404
2981	2351
2982	1794
2983	1684
2984	1327
2985	1297
2986	1489
2987	2094
2988	639
2989	849
2990	1098
2991	1150
2992	1375
2993	1183
2994	1343
2995	2516
2996	1516
2997	2685
2998	2812
2999	3058
3000	1183
3001	1382
3002	1581
3003	1749
3004	2187
3005	1893
3006	1259
3007	1379
3008	1001
3009	1171
3010	1303
3011	1545
3012	1489
3013	1188
3014	2274
3015	2210
3016	2311
3017	1266
3018	1679
3019	2813
3020	989
3021	942
3022	964
3023	1088
3024	1009
3025	1101
3026	1646
3027	1302
3028	1411
3029	2803
3030	2783
3031	1656
3032	1273
3033	1335
3034	2072
3035	1451
3036	2057
3037	2194
3038	1623
3039	2006
3040	1892
3041	1228
3042	1364
3043	1246
3044	1217
3045	1417
3046	946
3047	1071
3048	776
3049	1193
3050	952
3051	716
3052	781
3053	471
3054	573
3055	291
3056	456
3057	597
3058	1517
3059	2333
3060	2329
3061	888
3062	937
3063	1789
3064	1115
3065	1009
3066	1757
3067	1056
3068	1091
3069	723
3070	616
3071	676
3072	692
3073	278
3074	324
3075	816
3076	492
3077	647
3078	1581
3079	1418
3080	1504
3081	964
3082	1105
3083	1212
3084	1311
3085	1449
3086	1506
3087	1652
3088	1514
3089	699
3090	263
3091	431
3092	391
3093	352
3094	487
3095	632
3096	881
3097	1027
3098	1141
3099	1224
3100	677
3101	832
3102	1026
3103	1106
3104	1297
3105	1158
3106	972
3107	431
3108	1115
3109	1220
3110	746
3111	1057
3112	1252
3113	1314
3114	1554
3115	913
3116	1798
3117	1848
3118	1590
3119	1726
3120	1793
3121	1672
3122	1696
3123	1689
3124	1744
3125	1234
3126	1325
3127	1715
3128	1401
3129	1419
3130	1041
3131	1736
3132	1172
3133	1273
3134	1515
3135	2007
3136	2346
3137	1707
3138	1778
3139	1823
3140	2563
3141	2440
3142	1184
3143	1239
3144	977
3145	2171
3146	3018
3147	2958
3148	2633
3149	2156
3150	2241
3151	1664
3152	1333
3153	1411
3154	1475
3155	1537
3156	1608
3157	2819
3158	2418
3159	1032
3160	1038
3161	1588
3162	967
3163	1170
3164	1314
3165	1246
3166	1424
3167	1430
3168	1585
3169	1593
3170	1787
3171	2168
3172	1577
3173	2310
3174	3108
3175	1494
3176	1170
3177	1656
3178	939
3179	1075
3180	376
3181	938
3182	1260
3183	1295
3184	1121
3185	1389
3186	805
3187	997
3188	1096
3189	1238
3190	2156
3191	1470
3192	1327
3193	966
3194	1237
3195	2127
3196	2314
3197	2311
3198	2333
3199	2743
3200	1721
3201	1100
3202	996
3203	1251
3204	509
3205	833
3206	954
3207	1333
3208	1062
3209	1509
3210	656
3211	293
3212	1294
3213	1450
3214	674
3215	828
3216	977
3217	1567
3218	1591
3219	1577
3220	1091
3221	1008
3222	1312
3223	1244
3224	365
3225	509
3226	1281
3227	1559
3228	1018
3229	1750
3230	1173
3231	841
3232	464
3233	391
3234	932
3235	632
3236	1232
3237	1294
3238	765
3239	921
3240	1586
3241	1638
3242	1668
3243	1770
3244	1242
3245	563
3246	1264
3247	1356
3248	2120
3249	2533
3250	1092
3251	1205
3252	1308
3253	1438
3254	1726
3255	938
3256	1029
3257	918
3258	494
3259	660
3260	1058
3261	1093
3262	816
3263	1170
3264	1266
3265	1363
3266	574
3267	752
3268	1139
3269	1251
3270	1975
3271	864
3272	798
3273	360
3274	544
3275	1159
3276	1231
3277	745
3278	1659
3279	1218
3280	1946
3281	1981
3282	1812
3283	1282
3284	1409
3285	1129
3286	1226
3287	1863
3288	3128
3289	1095
3290	1655
3291	2264
3292	1917
3293	1489
3294	1093
3295	872
3296	347
3297	714
3298	851
3299	711
3300	1280
3301	1369
3302	1470
3303	1644
3304	922
3305	636
3306	757
3307	886
3308	1015
3309	2019
3310	2364
3311	2412
3312	1779
3313	1393
3314	1567
3315	609
3316	1673
3317	1791
3318	958
3319	1222
3320	610
3321	797
3322	781
3323	815
3324	878
3325	1253
3326	1339
3327	1494
3328	1600
3329	1365
3330	1987
3331	2005
3332	1377
3333	1152
3334	2283
3335	1042
3336	562
3337	1402
3338	1744
3339	910
3340	1023
3341	889
3342	1013
3343	1288
3344	1308
3345	714
3346	913
3347	918
3348	1040
3349	1230
3350	857
3351	1090
3352	1301
3353	849
3354	1876
3355	1459
3356	1328
3357	1383
3358	874
3359	1070
3360	1115
3361	789
3362	892
3363	965
3364	801
3365	936
3366	724
3367	776
3368	869
3369	964
3370	423
3371	363
3372	524
3373	734
3374	884
3375	1011
3376	1367
3377	1437
3378	1520
3379	1528
3380	1276
3381	1411
3382	1486
3383	1554
3384	1436
3385	1505
3386	1884
3387	2033
3388	2295
3389	1249
3390	1099
3391	1329
3392	1475
3393	1377
3394	1126
3395	1379
3396	211
3397	364
3398	480
3399	572
3400	1172
3401	1231
3402	1325
3403	938
3404	1050
3405	2529
3406	2169
3407	2165
3408	2155
3409	2180
3410	1510
3411	1027
3412	866
3413	1552
3414	361
3415	508
3416	639
3417	1061
3418	1192
3419	2801
3420	2753
3421	3290
3422	2054
3423	2070
3424	1821
3425	1035
3426	840
3427	942
3428	1054
3429	1142
3430	744
3431	852
3432	960
3433	1060
3434	1180
3435	1291
3436	781
3437	891
3438	1378
3439	1647
3440	1333
3441	1036
3442	1225
3443	1296
3444	1412
3445	1389
3446	1926
3447	1583
3448	1064
3449	1171
3450	1265
3451	1136
3452	971
3453	1097
3454	1222
3455	1393
3456	1569
3457	1576
3458	1673
3459	1911
3460	1775
3461	1737
3462	1119
3463	1141
3464	421
3465	1371
3466	1479
3467	1396
3468	1563
3469	2064
3470	1286
3471	892
3472	993
3473	1099
3474	1148
3475	617
3476	1218
3477	1257
3478	1351
3479	1029
3480	1158
3481	1592
3482	1388
3483	1947
3484	2049
3485	1282
3486	1135
3487	1062
3488	1170
3489	1513
3490	1037
3491	1130
3492	1224
3493	1312
3494	2032
3495	2127
3496	1394
3497	1038
3498	2110
3499	1309
3500	1885
3501	1933
3502	1121
3503	1119
3504	1253
3505	583
3506	2005
3507	2521
3508	2483
3509	3449
3510	2515
3511	2508
3512	2349
3513	2300
3514	2252
3515	1604
3516	2118
3517	2127
3518	1648
3519	2077
3520	1665
3521	1267
3522	1472
3523	1495
3524	1273
3525	1374
3526	2899
3527	2854
3528	2005
3529	2282
3530	2299
3531	1591
3532	1230
3533	837
3534	1583
3535	1628
3536	681
3537	807
3538	956
3539	1527
3540	736
3541	553
3542	1589
3543	1659
3544	1552
3545	1155
3546	1812
3547	1836
3548	1322
3549	844
3550	642
3551	942
3552	1060
3553	1073
3554	709
3555	626
3556	1284
3557	1421
3558	1443
3559	1126
3560	2379
3561	2388
3562	2609
3563	1019
3564	1088
3565	1787
3566	1286
3567	1362
3568	1257
3569	1337
3570	1202
3571	1524
3572	1502
3573	1777
3574	704
3575	828
3576	1230
3577	1339
3578	649
3579	903
3580	984
3581	426
3582	596
3583	963
3584	1388
3585	1592
3586	1648
3587	1956
3588	2658
3589	1068
3590	1332
3591	1402
3592	960
3593	1255
3594	553
3595	622
3596	1754
3597	1554
3598	1638
3599	1826
3600	1862
3601	1640
3602	1765
3603	1819
3604	1784
3605	1252
3606	1280
3607	599
3608	1625
3609	2197
3610	2104
3611	499
3612	1263
3613	2136
3614	1534
3615	1654
3616	1696
3617	1747
3618	1956
3619	1171
3620	1235
3621	1295
3622	1013
3623	359
3624	1017
3625	1140
3626	1200
3627	1293
3628	1371
3629	1140
3630	1510
3631	1083
3632	1127
3633	1275
3634	1347
3635	1408
3636	1465
3637	1422
3638	1050
3639	515
3640	474
3641	623
3642	2652
3643	1151
3644	921
3645	1007
3646	989
3647	986
3648	1069
3649	1159
3650	1305
3651	1349
3652	1404
3653	900
3654	994
3655	1083
3656	918
3657	689
3658	1141
3659	922
3660	1223
3661	1187
3662	1251
3663	1921
3664	1964
3665	2143
3666	1715
3667	1284
3668	1208
3669	816
3670	936
3671	819
3672	596
3673	780
3674	722
3675	1054
3676	1128
3677	1225
3678	1300
3679	1765
3680	1834
3681	1424
3682	1288
3683	1359
3684	1447
3685	893
3686	1571
3687	1207
3688	1649
3689	988
3690	1597
3691	850
3692	1858
3693	810
3694	920
3695	1016
3696	1116
3697	1211
3698	1289
3699	1217
3700	1283
3701	1789
3702	1870
3703	2697
3704	1979
3705	1580
3706	1378
3707	1479
3708	1540
3709	1514
3710	1068
3711	610
3712	765
3713	910
3714	1031
3715	1159
3716	1091
3717	1169
3718	1246
3719	1127
3720	616
3721	760
3722	882
3723	876
3724	983
3725	902
3726	746
3727	1328
3728	1116
3729	1181
3730	1254
3731	1330
3732	1158
3733	1587
3734	1576
3735	1575
3736	1192
3737	1397
3738	1435
3739	948
3740	685
3741	831
3742	1015
3743	1055
3744	1053
3745	1170
3746	1255
3747	1080
3748	1173
3749	1251
3750	1300
3751	1568
3752	3863
3753	1173
3754	1421
3755	1426
3756	1665
3757	1608
3758	1680
3759	2030
3760	2334
3761	1872
3762	2333
3763	599
3764	1508
3765	1678
3766	859
3767	1461
3768	1080
3769	1640
3770	1753
3771	1824
3772	1248
3773	1341
3774	1366
3775	1344
3776	578
3777	1117
3778	1230
3779	842
3780	1453
3781	1535
3782	1108
3783	2101
3784	2136
3785	2136
3786	2148
3787	906
3788	1069
3789	2285
3790	1130
3791	1821
3792	1349
3793	1475
3794	2214
3795	2252
3796	2223
3797	1803
3798	685
3799	730
3800	1201
3801	767
3802	935
3803	1059
3804	1542
3805	1611
3806	1310
3807	1502
3808	1527
3809	1590
3810	1352
3811	1404
3812	1049
3813	1145
3814	1185
3815	1119
3816	1211
3817	2348
3818	1198
3819	1294
3820	1477
3821	1516
3822	1708
3823	1793
3824	1401
3825	2511
3826	2436
3827	2256
3828	2289
3829	1475
3830	1416
3831	1626
3832	1556
3833	1606
3834	1486
3835	779
3836	369
3837	498
3838	653
3839	800
3840	900
3841	1155
3842	1692
3843	1779
3844	1818
3845	1966
3846	1914
3847	1688
3848	1758
3849	2042
3850	2153
3851	2142
3852	1471
3853	1107
3854	1211
3855	1395
3856	1235
3857	1329
3858	1390
3859	1463
3860	1442
3861	1420
3862	1444
3863	1131
3864	816
3865	844
3866	591
3867	688
3868	811
3869	1054
3870	1048
3871	1049
3872	913
3873	1253
3874	1119
3875	1613
3876	1345
3877	1647
3878	1199
3879	1283
3880	833
3881	1215
3882	1437
3883	1312
3884	834
3885	968
3886	1428
3887	582
3888	479
3889	515
3890	877
3891	1527
3892	1095
3893	3653
3894	2664
3895	1193
3896	727
3897	780
3898	1367
3899	693
3900	805
3901	940
3902	982
3903	1351
3904	605
3905	734
3906	863
3907	1028
3908	1140
3909	1173
3910	689
3911	818
3912	960
3913	1077
3914	1173
3915	1289
3916	1407
3917	1488
3918	1579
3919	1622
3920	1333
3921	1089
3922	1190
3923	360
3924	380
3925	543
3926	665
3927	789
3928	907
3929	1017
3930	1117
3931	1228
3932	1327
3933	1395
3934	1463
3935	1873
3936	1674
3937	1741
3938	1660
3939	1824
3940	1856
3941	2599
3942	985
3943	1088
3944	2387
3945	1450
3946	821
3947	679
3948	786
3949	1158
3950	1361
3951	1934
3952	1850
3953	2976
3954	986
3955	1117
3956	1196
3957	1420
3958	1537
3959	1453
3960	1496
3961	1052
3962	964
3963	1183
3964	1030
3965	1088
3966	1158
3967	1325
3968	1338
3969	1425
3970	1210
3971	1570
3972	1651
3973	1592
3974	1324
3975	1347
3976	1452
3977	1706
3978	847
3979	1387
3980	1256
3981	1308
3982	1414
3983	1831
3984	1525
3985	1158
3986	1743
3987	1375
3988	2010
3989	1491
3990	1174
3991	1324
3992	1521
3993	1634
3994	1798
3995	1911
3996	1976
3997	1100
3998	1178
3999	1252
4000	920
