rutas	stops	cstsada	mapR2N	mapN2R	gstMFSbv	gstMNodos	gstMRamas
5000	11010	165970	20000	40000	4080	4520	6512	
10000	11010	284745	40000	80000	7955	8539	16090	
15000	11010	397106	60000	120000	12436	11068	32861	
20000	11010	499753	80000	160000	15713	15913	44192	
25000	11010	600977	100000	200000	21515	18145	50723	
30000	11010	693736	120000	240000	24780	20290	58214	
35000	11010	783333	140000	280000	37333	25523	72312	
40000	11010	868027	160000	320000	39942	27836	77195	
45000	11010	950160	180000	360000	33991	30068	81605	
50007	11010	1036654	200028	400056	51553	41573	85422	
