0	NaN
1	365
2	173
3	587
4	176
5	2078
6	213
7	988
8	180
9	708
10	436
11	877
12	440
13	394
14	607
15	463
16	433
17	495
18	421
19	617
20	629
21	905
22	769
23	875
24	201
25	801
26	603
27	599
28	849
29	825
30	604
31	98
32	1348
33	133
34	172
35	381
36	308
37	849
38	253
39	254
40	288
41	153
42	187
43	110
44	475
45	468
46	223
47	264
48	499
49	510
50	514
51	524
52	529
53	285
54	59
55	140
56	347
57	682
58	402
59	487
60	110
61	462
62	280
63	527
64	268
65	535
66	274
67	185
68	244
69	328
70	540
71	269
72	1023
73	947
74	427
75	324
76	272
77	47
78	237
79	465
80	211
81	595
82	68
83	103
84	145
85	317
86	210
87	380
88	239
89	363
90	275
91	347
92	267
93	174
94	270
95	268
96	304
97	295
98	391
99	403
100	612
101	102
102	138
103	516
104	247
105	322
106	310
107	379
108	339
109	347
110	326
111	350
112	257
113	481
114	286
115	476
116	207
117	198
118	232
119	265
120	175
121	471
122	486
123	491
124	506
125	276
126	300
127	110
128	201
129	215
130	737
131	493
132	392
133	558
134	901
135	562
136	930
137	201
138	538
139	268
140	1407
141	511
142	1174
143	511
144	1229
145	263
146	537
147	311
148	260
149	201
150	271
151	570
152	574
153	288
154	321
155	381
156	745
157	356
158	655
159	269
160	334
161	287
162	312
163	307
164	272
165	514
166	527
167	531
168	520
169	519
170	349
171	206
172	250
173	276
174	98
175	161
176	153
177	558
178	742
179	1043
180	255
181	271
182	864
183	316
184	914
185	282
186	455
187	298
188	653
189	286
190	648
191	442
192	719
193	668
194	1127
195	713
196	631
197	625
198	763
199	585
200	532
201	233
202	503
203	347
204	743
205	485
206	756
207	397
208	505
209	214
210	1366
211	401
212	259
213	99
214	321
215	144
216	296
217	191
218	274
219	218
220	246
221	318
222	133
223	599
224	429
225	747
226	125
227	151
228	66
229	91
230	350
231	132
232	338
233	622
234	161
235	181
236	325
237	750
238	285
239	565
240	484
241	692
242	334
243	373
244	395
245	282
246	359
247	375
248	504
249	304
250	299
251	714
252	337
253	360
254	379
255	396
256	160
257	119
258	80
259	271
260	723
261	49
262	648
263	506
264	236
265	57
266	219
267	268
268	804
269	298
270	305
271	437
272	360
273	603
274	589
275	828
276	367
277	624
278	383
279	390
280	695
281	396
282	342
283	335
284	418
285	598
286	275
287	320
288	284
289	318
290	437
291	388
292	108
293	73
294	607
295	85
296	351
297	247
298	585
299	377
300	676
301	314
302	1195
303	338
304	888
305	359
306	914
307	192
308	634
309	411
310	445
311	841
312	561
313	872
314	325
315	466
316	730
317	708
318	689
319	356
320	839
321	528
322	572
323	559
324	546
325	486
326	343
327	478
328	472
329	447
330	472
331	259
332	257
333	200
334	627
335	168
336	259
337	205
338	343
339	499
340	190
341	1608
342	170
343	753
344	197
345	787
346	223
347	293
348	250
349	756
350	235
351	258
352	403
353	281
354	395
355	382
356	327
357	372
358	347
359	584
360	362
361	369
362	376
363	379
364	690
365	527
366	689
367	749
368	440
369	792
370	755
371	845
372	619
373	192
374	169
375	1025
376	796
377	995
378	802
379	934
380	253
381	439
382	381
383	330
384	387
385	399
386	378
387	158
388	393
389	213
390	71
391	267
392	593
393	231
394	253
395	399
396	318
397	296
398	114
399	330
400	331
401	355
402	197
403	414
404	113
405	365
406	407
407	791
408	787
409	916
410	472
411	595
412	416
413	414
414	226
415	882
416	220
417	977
418	231
419	997
420	261
421	1073
422	826
423	2102
424	432
425	173
426	60
427	496
428	266
429	697
430	266
431	497
432	707
433	143
434	159
435	191
436	215
437	454
438	387
439	425
440	660
441	189
442	274
443	245
444	399
445	275
446	483
447	347
448	157
449	253
450	283
451	444
452	388
453	436
454	373
455	468
456	358
457	489
458	298
459	115
460	521
461	427
462	328
463	123
464	159
465	232
466	506
467	508
468	213
469	432
470	316
471	421
472	457
473	275
474	403
475	372
476	417
477	336
478	338
479	424
480	342
481	386
482	243
483	315
484	471
485	427
486	255
487	508
488	257
489	454
490	204
491	458
492	164
493	452
494	580
495	126
496	576
497	87
498	567
499	432
500	571
501	261
502	249
503	1076
504	226
505	234
506	253
507	197
508	139
509	330
510	172
511	312
512	203
513	298
514	277
515	238
516	275
517	251
518	930
519	561
520	1233
521	592
522	788
523	227
524	623
525	1135
526	601
527	623
528	607
529	400
530	432
531	667
532	547
533	291
534	113
535	404
536	170
537	507
538	138
539	272
540	258
541	1925
542	1873
543	265
544	494
545	822
546	546
547	560
548	318
549	601
550	280
551	402
552	664
553	359
554	435
555	695
556	473
557	724
558	345
559	701
560	120
561	420
562	498
563	251
564	325
565	270
566	294
567	327
568	402
569	352
570	321
571	473
572	281
573	76
574	865
575	286
576	438
577	429
578	253
579	1036
580	357
581	213
582	241
583	660
584	261
585	657
586	615
587	898
588	115
589	764
590	340
591	147
592	321
593	189
594	305
595	216
596	244
597	535
598	263
599	91
600	516
601	299
602	502
603	330
604	320
605	308
606	202
607	142
608	242
609	519
610	466
611	1031
612	597
613	75
614	558
615	98
616	412
617	115
618	315
619	1786
620	151
621	282
622	629
623	605
624	637
625	694
626	640
627	699
628	628
629	320
630	820
631	420
632	341
633	397
634	353
635	378
636	213
637	164
638	232
639	133
640	256
641	353
642	96
643	284
644	100
645	667
646	130
647	650
648	570
649	584
650	235
651	267
652	852
653	981
654	558
655	590
656	571
657	587
658	574
659	579
660	578
661	583
662	557
663	560
664	439
665	439
666	437
667	429
668	440
669	414
670	140
671	165
672	176
673	165
674	189
675	276
676	459
677	278
678	416
679	681
680	322
681	433
682	130
683	211
684	417
685	402
686	381
687	252
688	416
689	218
690	527
691	143
692	120
693	193
694	96
695	210
696	678
697	223
698	276
699	699
700	294
701	687
702	691
703	334
704	733
705	397
706	709
707	720
708	142
709	449
710	171
711	701
712	425
713	205
714	250
715	686
716	283
717	696
718	306
719	1354
720	390
721	369
722	384
723	356
724	339
725	306
726	310
727	332
728	274
729	699
730	388
731	246
732	394
733	212
734	409
735	169
736	415
737	129
738	570
739	82
740	1127
741	371
742	49
743	205
744	475
745	264
746	476
747	292
748	485
749	368
750	179
751	247
752	365
753	206
754	339
755	240
756	316
757	586
758	278
759	256
760	268
761	126
762	733
763	247
764	237
765	355
766	407
767	155
768	497
769	440
770	559
771	247
772	62
773	446
774	99
775	433
776	130
777	177
778	428
779	173
780	438
781	188
782	282
783	199
784	174
785	324
786	352
787	101
788	365
789	58
790	517
791	444
792	668
793	435
794	667
795	434
796	151
797	697
798	174
799	576
800	185
801	623
802	215
803	65
804	287
805	623
806	210
807	238
808	313
809	320
810	366
811	365
812	363
813	389
814	315
815	336
816	578
817	289
818	593
819	349
820	351
821	167
822	580
823	436
824	391
825	138
826	822
827	437
828	793
829	458
830	364
831	393
832	307
833	424
834	307
835	289
836	318
837	381
838	276
839	668
840	324
841	665
842	298
843	664
844	592
845	537
846	403
847	349
848	793
849	191
850	309
851	331
852	149
853	302
854	56
855	177
856	533
857	585
858	374
859	595
860	335
861	189
862	232
863	326
864	326
865	373
866	390
867	62
868	382
869	268
870	305
871	269
872	244
873	295
874	146
875	249
876	311
877	385
878	329
879	417
880	222
881	172
882	201
883	275
884	124
885	278
886	247
887	527
888	481
889	527
890	99
891	223
892	136
893	198
894	114
895	168
896	159
897	176
898	196
899	356
900	407
901	342
902	412
903	315
904	290
905	232
906	205
907	252
908	270
909	497
910	169
911	243
912	258
913	120
914	323
915	744
916	311
917	239
918	579
919	76
920	118
921	584
922	153
923	589
924	196
925	271
926	359
927	588
928	984
929	527
930	286
931	737
932	297
933	760
934	272
935	343
936	249
937	270
938	512
939	372
940	205
941	228
942	240
943	193
944	275
945	151
946	587
947	518
948	533
949	164
950	463
951	617
952	746
953	620
954	889
955	1315
956	421
957	427
958	65
959	180
960	229
961	260
962	858
963	57
964	187
965	150
966	467
967	684
968	304
969	59
970	701
971	675
972	513
973	640
974	218
975	939
976	839
977	396
978	860
979	517
980	395
981	138
982	403
983	497
984	485
985	230
986	90
987	262
988	206
989	279
990	180
991	293
992	358
993	363
994	656
995	229
996	643
997	393
998	159
999	202
1000	169
1001	240
1002	455
1003	297
1004	100
1005	276
1006	205
1007	482
1008	234
1009	255
1010	491
1011	286
1012	489
1013	303
1014	494
1015	323
1016	515
1017	552
1018	846
1019	829
1020	596
1021	492
1022	413
1023	117
1024	535
1025	424
1026	507
1027	434
1028	490
1029	440
1030	472
1031	261
1032	876
1033	134
1034	95
1035	57
1036	293
1037	411
1038	971
1039	273
1040	1042
1041	308
1042	1088
1043	153
1044	83
1045	357
1046	110
1047	350
1048	332
1049	1406
1050	840
1051	224
1052	918
1053	1202
1054	377
1055	199
1056	372
1057	228
1058	350
1059	263
1060	335
1061	191
1062	336
1063	551
1064	358
1065	313
1066	269
1067	398
1068	245
1069	418
1070	220
1071	390
1072	173
1073	191
1074	579
1075	393
1076	585
1077	331
1078	828
1079	371
1080	611
1081	499
1082	481
1083	196
1084	258
1085	477
1086	163
1087	250
1088	202
1089	228
1090	189
1091	196
1092	389
1093	192
1094	224
1095	155
1096	243
1097	118
1098	69
1099	629
1100	29
1101	401
1102	588
1103	726
1104	77
1105	44
1106	171
1107	330
1108	258
1109	228
1110	258
1111	310
1112	162
1113	98
1114	237
1115	100
1116	637
1117	273
1118	611
1119	239
1120	400
1121	311
1122	224
1123	128
1124	167
1125	198
1126	222
1127	292
1128	251
1129	258
1130	277
1131	217
1132	460
1133	300
1134	186
1135	335
1136	162
1137	359
1138	125
1139	390
1140	87
1141	439
1142	509
1143	307
1144	445
1145	494
1146	335
1147	883
1148	776
1149	807
1150	936
1151	900
1152	233
1153	380
1154	455
1155	326
1156	362
1157	280
1158	327
1159	125
1160	312
1161	102
1162	143
1163	313
1164	917
1165	624
1166	296
1167	210
1168	206
1169	240
1170	156
1171	262
1172	121
1173	283
1174	220
1175	1261
1176	490
1177	250
1178	478
1179	65
1180	162
1181	391
1182	114
1183	151
1184	365
1185	462
1186	197
1187	327
1188	231
1189	297
1190	308
1191	267
1192	324
1193	239
1194	341
1195	173
1196	238
1197	458
1198	362
1199	144
1200	375
1201	99
1202	676
1203	677
1204	675
1205	156
1206	186
1207	516
1208	533
1209	573
1210	438
1211	593
1212	472
1213	468
1214	286
1215	463
1216	163
1217	444
1218	213
1219	641
1220	465
1221	256
1222	462
1223	124
1224	139
1225	68
1226	238
1227	109
1228	515
1229	149
1230	743
1231	525
1232	192
1233	523
1234	230
1235	515
1236	58
1237	535
1238	296
1239	499
1240	335
1241	633
1242	473
1243	361
1244	460
1245	380
1246	461
1247	150
1248	662
1249	186
1250	732
1251	686
1252	219
1253	707
1254	127
1255	717
1256	145
1257	351
1258	172
1259	329
1260	206
1261	458
1262	324
1263	368
1264	802
1265	279
1266	278
1267	307
1268	246
1269	194
1270	215
1271	361
1272	535
1273	140
1274	375
1275	263
1276	385
1277	244
1278	412
1279	224
1280	403
1281	290
1282	264
1283	245
1284	210
1285	283
1286	250
1287	257
1288	202
1289	271
1290	223
1291	323
1292	188
1293	1044
1294	336
1295	120
1296	339
1297	90
1298	369
1299	258
1300	122
1301	806
1302	283
1303	239
1304	83
1305	126
1306	124
1307	406
1308	428
1309	144
1310	396
1311	59
1312	727
1313	340
1314	315
1315	358
1316	284
1317	623
1318	628
1319	619
1320	247
1321	310
1322	269
1323	280
1324	397
1325	417
1326	172
1327	404
1328	56
1329	312
1330	91
1331	336
1332	394
1333	360
1334	769
1335	366
1336	756
1337	360
1338	323
1339	690
1340	336
1341	331
1342	621
1343	372
1344	691
1345	180
1346	205
1347	618
1348	463
1349	287
1350	573
1351	419
1352	308
1353	276
1354	279
1355	570
1356	568
1357	412
1358	563
1359	68
1360	499
1361	254
1362	104
1363	236
1364	145
1365	215
1366	311
1367	368
1368	358
1369	235
1370	433
1371	154
1372	554
1373	558
1374	561
1375	374
1376	291
1377	366
1378	252
1379	386
1380	221
1381	371
1382	136
1383	253
1384	92
1385	278
1386	305
1387	411
1388	901
1389	379
1390	1262
1391	148
1392	331
1393	154
1394	331
1395	188
1396	314
1397	244
1398	207
1399	268
1400	164
1401	332
1402	611
1403	296
1404	137
1405	320
1406	70
1407	117
1408	197
1409	159
1410	205
1411	178
1412	1306
1413	151
1414	233
1415	151
1416	144
1417	184
1418	454
1419	145
1420	309
1421	93
1422	341
1423	596
1424	457
1425	513
1426	106
1427	134
1428	401
1429	162
1430	390
1431	492
1432	532
1433	970
1434	322
1435	304
1436	214
1437	241
1438	424
1439	228
1440	252
1441	621
1442	427
1443	287
1444	415
1445	306
1446	406
1447	271
1448	630
1449	675
1450	625
1451	672
1452	1054
1453	526
1454	390
1455	509
1456	946
1457	424
1458	388
1459	1103
1460	707
1461	547
1462	426
1463	586
1464	538
1465	407
1466	543
1467	399
1468	114
1469	152
1470	194
1471	205
1472	52
1473	92
1474	1045
1475	476
1476	463
1477	452
1478	107
1479	94
1480	187
1481	387
1482	476
1483	1134
1484	168
1485	190
1486	194
1487	357
1488	477
1489	93
1490	128
1491	267
1492	102
1493	234
1494	208
1495	222
1496	241
1497	158
1498	205
1499	608
1500	198
1501	232
1502	267
1503	295
1504	299
1505	315
1506	64
1507	257
1508	103
1509	136
1510	174
1511	216
1512	197
1513	475
1514	237
1515	784
1516	130
1517	300
1518	912
1519	186
1520	247
1521	368
1522	693
1523	300
1524	472
1525	337
1526	516
1527	273
1528	179
1529	292
1530	297
1531	144
1532	429
1533	408
1534	542
1535	207
1536	523
1537	285
1538	537
1539	253
1540	540
1541	325
1542	272
1543	415
1544	259
1545	185
1546	352
1547	272
1548	337
1549	475
1550	499
1551	476
1552	268
1553	276
1554	314
1555	369
1556	224
1557	91
1558	325
1559	132
1560	303
1561	146
1562	279
1563	484
1564	211
1565	367
1566	481
1567	474
1568	487
1569	370
1570	697
1571	348
1572	189
1573	451
1574	327
1575	473
1576	364
1577	257
1578	127
1579	274
1580	89
1581	289
1582	56
1583	216
1584	172
1585	310
1586	216
1587	214
1588	655
1589	360
1590	216
1591	222
1592	312
1593	288
1594	261
1595	408
1596	321
1597	217
1598	188
1599	335
1600	318
1601	211
1602	236
1603	267
1604	176
1605	325
1606	285
1607	922
1608	420
1609	671
1610	573
1611	545
1612	546
1613	322
1614	386
1615	481
1616	367
1617	59
1618	82
1619	303
1620	593
1621	128
1622	163
1623	382
1624	216
1625	569
1626	272
1627	242
1628	556
1629	274
1630	547
1631	540
1632	241
1633	267
1634	287
1635	158
1636	93
1637	320
1638	65
1639	334
1640	128
1641	181
1642	278
1643	192
1644	234
1645	280
1646	143
1647	186
1648	214
1649	244
1650	270
1651	294
1652	500
1653	310
1654	333
1655	528
1656	689
1657	544
1658	542
1659	688
1660	547
1661	677
1662	366
1663	439
1664	377
1665	410
1666	364
1667	390
1668	397
1669	368
1670	384
1671	339
1672	487
1673	368
1674	235
1675	379
1676	196
1677	392
1678	154
1679	418
1680	116
1681	420
1682	76
1683	111
1684	432
1685	169
1686	221
1687	560
1688	87
1689	126
1690	361
1691	251
1692	361
1693	304
1694	251
1695	177
1696	150
1697	187
1698	226
1699	215
1700	202
1701	252
1702	170
1703	146
1704	279
1705	126
1706	101
1707	162
1708	401
1709	199
1710	373
1711	232
1712	354
1713	327
1714	248
1715	329
1716	311
1717	271
1718	340
1719	253
1720	288
1721	290
1722	346
1723	243
1724	237
1725	407
1726	1308
1727	153
1728	187
1729	199
1730	190
1731	521
1732	406
1733	509
1734	368
1735	54
1736	211
1737	391
1738	358
1739	422
1740	336
1741	134
1742	171
1743	211
1744	236
1745	253
1746	297
1747	367
1748	239
1749	350
1750	268
1751	497
1752	319
1753	291
1754	281
1755	308
1756	255
1757	327
1758	222
1759	357
1760	184
1761	301
1762	87
1763	335
1764	46
1765	322
1766	141
1767	171
1768	90
1769	277
1770	196
1771	147
1772	172
1773	198
1774	222
1775	93
1776	55
1777	55
1778	130
1779	147
1780	228
1781	84
1782	171
1783	274
1784	348
1785	312
1786	371
1787	439
1788	190
1789	154
1790	171
1791	557
1792	379
1793	296
1794	218
1795	240
1796	251
1797	196
1798	276
1799	359
1800	277
1801	257
1802	303
1803	216
1804	334
1805	81
1806	338
1807	123
1808	265
1809	680
1810	185
1811	193
1812	296
1813	218
1814	266
1815	692
1816	589
1817	646
1818	577
1819	543
1820	420
1821	547
1822	405
1823	390
1824	472
1825	494
1826	474
1827	473
1828	358
1829	378
1830	817
1831	246
1832	433
1833	273
1834	299
1835	297
1836	298
1837	332
1838	318
1839	348
1840	390
1841	185
1842	376
1843	430
1844	120
1845	180
1846	209
1847	293
1848	333
1849	293
1850	390
1851	303
1852	607
1853	206
1854	196
1855	124
1856	140
1857	305
1858	370
1859	379
1860	239
1861	113
1862	151
1863	232
1864	316
1865	73
1866	98
1867	314
1868	145
1869	457
1870	176
1871	450
1872	209
1873	429
1874	247
1875	432
1876	279
1877	422
1878	337
1879	348
1880	373
1881	518
1882	348
1883	322
1884	368
1885	58
1886	175
1887	580
1888	208
1889	239
1890	474
1891	468
1892	441
1893	710
1894	303
1895	368
1896	191
1897	174
1898	744
1899	458
1900	398
1901	446
1902	474
1903	238
1904	178
1905	445
1906	207
1907	427
1908	235
1909	413
1910	252
1911	282
1912	362
1913	445
1914	460
1915	348
1916	308
1917	617
1918	347
1919	236
1920	505
1921	315
1922	337
1923	409
1924	356
1925	371
1926	390
1927	276
1928	630
1929	153
1930	791
1931	178
1932	805
1933	200
1934	384
1935	724
1936	996
1937	633
1938	1024
1939	1013
1940	455
1941	243
1942	400
1943	145
1944	169
1945	201
1946	603
1947	598
1948	307
1949	382
1950	593
1951	540
1952	390
1953	601
1954	191
1955	225
1956	260
1957	875
1958	506
1959	554
1960	726
1961	370
1962	274
1963	383
1964	392
1965	257
1966	408
1967	235
1968	261
1969	205
1970	214
1971	237
1972	116
1973	556
1974	242
1975	244
1976	54
1977	306
1978	299
1979	220
1980	332
1981	418
1982	312
1983	573
1984	185
1985	356
1986	152
1987	381
1988	114
1989	390
1990	42
1991	388
1992	85
1993	357
1994	135
1995	334
1996	195
1997	287
1998	75
1999	367
2000	283
2001	378
2002	254
2003	575
2004	264
2005	258
2006	301
2007	235
2008	79
2009	342
2010	382
2011	211
2012	920
2013	215
2014	325
2015	423
2016	171
2017	393
2018	230
2019	228
2020	369
2021	207
2022	322
2023	183
2024	291
2025	332
2026	341
2027	187
2028	217
2029	376
2030	554
2031	163
2032	538
2033	272
2034	92
2035	137
2036	170
2037	197
2038	200
2039	372
2040	385
2041	407
2042	64
2043	332
2044	101
2045	306
2046	139
2047	285
2048	282
2049	130
2050	590
2051	312
2052	573
2053	342
2054	560
2055	218
2056	388
2057	401
2058	703
2059	76
2060	242
2061	279
2062	121
2063	156
2064	95
2065	188
2066	49
2067	201
2068	135
2069	172
2070	201
2071	98
2072	236
2073	551
2074	354
2075	337
2076	168
2077	97
2078	203
2079	1209
2080	1120
2081	228
2082	232
2083	245
2084	273
2085	208
2086	278
2087	95
2088	100
2089	268
2090	153
2091	530
2092	376
2093	541
2094	362
2095	345
2096	545
2097	360
2098	234
2099	247
2100	202
2101	461
2102	305
2103	147
2104	524
2105	772
2106	63
2107	406
2108	92
2109	445
2110	134
2111	341
2112	336
2113	454
2114	316
2115	593
2116	888
2117	631
2118	597
2119	649
2120	281
2121	175
2122	109
2123	140
2124	155
2125	300
2126	295
2127	250
2128	249
2129	98
2130	335
2131	120
2132	294
2133	142
2134	199
2135	221
2136	235
2137	252
2138	188
2139	280
2140	310
2141	162
2142	274
2143	163
2144	205
2145	148
2146	167
2147	651
2148	632
2149	875
2150	631
2151	917
2152	946
2153	456
2154	669
2155	476
2156	679
2157	353
2158	574
2159	290
2160	182
2161	268
2162	366
2163	190
2164	201
2165	235
2166	270
2167	244
2168	265
2169	420
2170	463
2171	351
2172	246
2173	459
2174	402
2175	301
2176	448
2177	326
2178	331
2179	146
2180	201
2181	769
2182	188
2183	78
2184	208
2185	240
2186	210
2187	230
2188	130
2189	276
2190	54
2191	234
2192	164
2193	301
2194	510
2195	325
2196	335
2197	219
2198	227
2199	246
2200	198
2201	430
2202	452
2203	646
2204	54
2205	121
2206	155
2207	401
2208	485
2209	497
2210	424
2211	514
2212	95
2213	227
2214	493
2215	215
2216	189
2217	131
2218	215
2219	85
2220	190
2221	167
2222	225
2223	121
2224	250
2225	1282
2226	92
2227	471
2228	194
2229	139
2230	128
2231	127
2232	163
2233	203
2234	213
2235	521
2236	251
2237	513
2238	879
2239	858
2240	332
2241	91
2242	359
2243	132
2244	539
2245	439
2246	55
2247	93
2248	189
2249	407
2250	225
2251	156
2252	245
2253	1645
2254	288
2255	205
2256	260
2257	245
2258	246
2259	268
2260	225
2261	357
2262	213
2263	86
2264	338
2265	233
2266	53
2267	399
2268	403
2269	411
2270	145
2271	577
2272	127
2273	265
2274	175
2275	591
2276	1181
2277	204
2278	270
2279	227
2280	192
2281	500
2282	336
2283	294
2284	308
2285	327
2286	130
2287	1260
2288	312
2289	95
2290	319
2291	56
2292	93
2293	130
2294	339
2295	189
2296	268
2297	250
2298	335
2299	219
2300	275
2301	196
2302	294
2303	156
2304	321
2305	118
2306	340
2307	76
2308	357
2309	160
2310	316
2311	294
2312	215
2313	487
2314	147
2315	158
2316	235
2317	128
2318	282
2319	1401
2320	305
2321	170
2322	201
2323	154
2324	284
2325	189
2326	259
2327	85
2328	81
2329	115
2330	430
2331	350
2332	237
2333	160
2334	148
2335	93
2336	244
2337	1065
2338	355
2339	284
2340	301
2341	260
2342	205
2343	88
2344	381
2345	281
2346	475
2347	48
2348	338
2349	75
2350	273
2351	115
2352	292
2353	741
2354	395
2355	255
2356	219
2357	251
2358	278
2359	297
2360	63
2361	91
2362	134
2363	273
2364	304
2365	487
2366	220
2367	271
2368	99
2369	278
2370	305
2371	682
2372	751
2373	300
2374	470
2375	458
2376	473
2377	498
2378	229
2379	391
2380	336
2381	52
2382	192
2383	65
2384	109
2385	99
2386	89
2387	117
2388	748
2389	70
2390	51
2391	199
2392	229
2393	850
2394	179
2395	811
2396	145
2397	361
2398	354
2399	180
2400	340
2401	201
2402	321
2403	279
2404	240
2405	197
2406	384
2407	449
2408	513
2409	485
2410	284
2411	324
2412	522
2413	818
2414	788
2415	200
2416	487
2417	148
2418	206
2419	448
2420	241
2421	416
2422	261
2423	397
2424	292
2425	375
2426	369
2427	314
2428	346
2429	336
2430	333
2431	347
2432	322
2433	408
2434	283
2435	142
2436	430
2437	220
2438	187
2439	419
2440	254
2441	387
2442	289
2443	346
2444	311
2445	323
2446	350
2447	99
2448	296
2449	398
2450	131
2451	453
2452	267
2453	445
2454	162
2455	433
2456	233
2457	233
2458	423
2459	262
2460	422
2461	200
2462	670
2463	486
2464	533
2465	47
2466	209
2467	605
2468	310
2469	72
2470	229
2471	324
2472	217
2473	175
2474	139
2475	396
2476	345
2477	375
2478	266
2479	392
2480	475
2481	329
2482	296
2483	264
2484	290
2485	477
2486	481
2487	53
2488	531
2489	95
2490	555
2491	442
2492	445
2493	524
2494	766
2495	367
2496	195
2497	415
2498	307
2499	307
2500	266
2501	227
2502	516
2503	87
2504	182
2505	89
2506	229
2507	45
2508	318
2509	291
2510	261
2511	149
2512	293
2513	104
2514	244
2515	515
2516	326
2517	554
2518	323
2519	312
2520	446
2521	54
2522	197
2523	172
2524	136
2525	97
2526	508
2527	61
2528	353
2529	197
2530	434
2531	102
2532	71
2533	354
2534	369
2535	355
2536	267
2537	193
2538	269
2539	287
2540	160
2541	366
2542	579
2543	409
2544	590
2545	423
2546	589
2547	655
2548	687
2549	279
2550	42
2551	432
2552	255
2553	305
2554	328
2555	210
2556	678
2557	332
2558	229
2559	292
2560	887
2561	179
2562	208
2563	214
2564	166
2565	245
2566	679
2567	139
2568	271
2569	178
2570	238
2571	60
2572	343
2573	295
2574	151
2575	184
2576	384
2577	582
2578	340
2579	305
2580	209
2581	263
2582	247
2583	529
2584	408
2585	259
2586	173
2587	361
2588	143
2589	532
2590	343
2591	545
2592	141
2593	522
2594	248
2595	420
2596	117
2597	128
2598	932
2599	73
2600	54
2601	507
2602	426
2603	487
2604	438
2605	351
2606	165
2607	220
2608	535
2609	298
2610	233
2611	109
2612	389
2613	128
2614	282
2615	494
2616	247
2617	459
2618	465
2619	171
2620	476
2621	132
2622	422
2623	352
2624	389
2625	320
2626	231
2627	609
2628	173
2629	287
2630	426
2631	391
2632	365
2633	115
2634	463
2635	91
2636	522
2637	67
2638	72
2639	49
2640	209
2641	120
2642	142
2643	129
2644	98
2645	325
2646	68
2647	388
2648	623
2649	53
2650	551
2651	297
2652	282
2653	332
2654	712
2655	115
2656	237
2657	272
2658	372
2659	292
2660	227
2661	281
2662	804
2663	194
2664	653
2665	460
2666	70
2667	472
2668	455
2669	314
2670	496
2671	49
2672	302
2673	512
2674	89
2675	266
2676	116
2677	337
2678	142
2679	444
2680	172
2681	114
2682	175
2683	658
2684	269
2685	339
2686	502
2687	222
2688	255
2689	315
2690	202
2691	308
2692	164
2693	282
2694	137
2695	458
2696	747
2697	1456
2698	158
2699	191
2700	297
2701	101
2702	349
2703	630
2704	1480
2705	467
2706	484
2707	88
2708	158
2709	129
2710	129
2711	380
2712	223
2713	217
2714	154
2715	611
2716	379
2717	404
2718	93
2719	371
2720	360
2721	139
2722	930
2723	435
2724	320
2725	81
2726	334
2727	47
2728	360
2729	333
2730	484
2731	57
2732	154
2733	304
2734	284
2735	382
2736	432
2737	253
2738	444
2739	455
2740	116
2741	404
2742	1034
2743	324
2744	477
2745	581
2746	95
2747	109
2748	47
2749	175
2750	497
2751	452
2752	366
2753	216
2754	366
2755	271
2756	343
2757	532
2758	157
2759	222
2760	251
2761	458
2762	429
2763	102
2764	527
2765	232
2766	74
2767	102
2768	199
2769	150
2770	150
2771	184
2772	455
2773	112
2774	221
2775	237
2776	71
2777	275
2778	330
2779	240
2780	542
2781	448
2782	451
2783	414
2784	156
2785	31
2786	583
2787	503
2788	371
2789	47
2790	183
2791	449
2792	208
2793	219
2794	598
2795	261
2796	269
2797	301
2798	308
2799	330
2800	115
2801	440
2802	237
2803	267
2804	299
2805	307
2806	50
2807	213
2808	448
2809	383
2810	449
2811	422
2812	456
2813	884
2814	1846
2815	843
2816	334
2817	319
2818	436
2819	40
2820	627
2821	607
2822	432
2823	697
2824	69
2825	240
2826	262
2827	403
2828	276
2829	465
2830	375
2831	322
2832	262
2833	348
2834	236
2835	357
2836	228
2837	343
2838	354
2839	419
2840	468
2841	482
2842	43
2843	139
2844	161
2845	195
2846	465
2847	248
2848	247
2849	347
2850	269
2851	332
2852	352
2853	313
2854	369
2855	399
2856	288
2857	559
2858	137
2859	273
2860	201
2861	295
2862	220
2863	277
2864	171
2865	256
2866	248
2867	280
2868	229
2869	303
2870	213
2871	229
2872	53
2873	348
2874	87
2875	435
2876	223
2877	316
2878	119
2879	303
2880	156
2881	266
2882	188
2883	244
2884	212
2885	206
2886	376
2887	238
2888	49
2889	166
2890	89
2891	131
2892	122
2893	93
2894	48
2895	482
2896	741
2897	292
2898	518
2899	1009
2900	219
2901	362
2902	151
2903	72
2904	538
2905	217
2906	56
2907	103
2908	136
2909	380
2910	245
2911	38
2912	85
2913	151
2914	185
2915	221
2916	256
2917	457
2918	462
2919	278
2920	305
2921	321
2922	115
2923	296
2924	173
2925	262
2926	285
2927	101
2928	122
2929	61
2930	449
2931	359
2932	503
2933	173
2934	56
2935	93
2936	125
2937	157
2938	208
2939	330
2940	717
2941	274
2942	256
2943	156
2944	581
2945	168
2946	243
2947	285
2948	1033
2949	379
2950	390
2951	372
2952	303
2953	1476
2954	325
2955	223
2956	312
2957	247
2958	210
2959	58
2960	815
2961	482
2962	373
2963	140
2964	228
2965	101
2966	195
2967	297
2968	425
2969	223
2970	249
2971	264
2972	294
2973	322
2974	468
2975	50
2976	720
2977	86
2978	123
2979	155
2980	195
2981	221
2982	266
2983	307
2984	320
2985	76
2986	112
2987	555
2988	151
2989	193
2990	218
2991	248
2992	279
2993	307
2994	504
2995	533
2996	266
2997	230
2998	299
2999	516
3000	190
3001	265
3002	190
3003	673
3004	330
3005	183
3006	353
3007	115
3008	317
3009	46
3010	385
3011	346
3012	154
3013	272
3014	261
3015	231
3016	137
3017	90
3018	906
3019	546
3020	261
3021	513
3022	211
3023	309
3024	198
3025	333
3026	172
3027	358
3028	134
3029	497
3030	308
3031	219
3032	390
3033	258
3034	186
3035	291
3036	851
3037	540
3038	293
3039	404
3040	208
3041	84
3042	247
3043	922
3044	410
3045	282
3046	279
3047	59
3048	498
3049	87
3050	121
3051	217
3052	315
3053	501
3054	310
3055	353
3056	52
3057	259
3058	249
3059	260
3060	95
3061	380
3062	501
3063	182
3064	102
3065	219
3066	271
3067	278
3068	509
3069	522
3070	243
3071	304
3072	543
3073	156
3074	580
3075	130
3076	398
3077	143
3078	416
3079	61
3080	83
3081	114
3082	405
3083	152
3084	80
3085	672
3086	402
3087	436
3088	422
3089	281
3090	50
3091	308
3092	306
3093	68
3094	681
3095	320
3096	109
3097	277
3098	523
3099	53
3100	50
3101	137
3102	89
3103	112
3104	368
3105	77
3106	116
3107	532
3108	443
3109	463
3110	56
3111	450
3112	554
3113	79
3114	159
3115	321
3116	546
3117	220
3118	384
3119	414
3120	286
3121	323
3122	377
3123	405
3124	57
3125	279
3126	658
3127	65
3128	121
3129	908
3130	431
3131	306
3132	328
3133	211
3134	318
3135	400
3136	296
3137	272
3138	257
3139	158
3140	79
3141	125
3142	132
3143	116
3144	94
3145	132
3146	554
3147	56
3148	351
3149	868
3150	567
3151	148
3152	335
3153	67
3154	415
3155	360
3156	679
3157	841
3158	117
3159	326
3160	82
3161	346
3162	51
3163	93
3164	353
3165	134
3166	151
3167	377
3168	223
3169	355
3170	326
3171	196
3172	481
3173	740
3174	278
3175	354
3176	361
3177	621
3178	244
3179	100
3180	227
3181	55
3182	77
3183	513
3184	490
3185	535
3186	278
3187	68
3188	711
3189	55
3190	17
3191	571
3192	400
3193	465
3194	301
3195	322
3196	583
3197	295
3198	243
3199	625
3200	337
3201	354
3202	353
3203	245
3204	219
3205	320
3206	211
3207	475
3208	226
3209	111
3210	295
3211	121
3212	296
3213	309
3214	183
3215	367
3216	341
3217	145
3218	355
3219	109
3220	526
3221	317
3222	442
3223	108
3224	398
3225	227
3226	323
3227	332
3228	215
3229	275
3230	166
3231	294
3232	127
3233	301
3234	394
3235	87
3236	379
3237	46
3238	82
3239	247
3240	267
3241	266
3242	235
3243	728
3244	291
3245	674
3246	774
3247	371
3248	166
3249	654
3250	205
3251	231
3252	256
3253	642
3254	767
3255	348
3256	237
3257	179
3258	16
3259	294
3260	234
3261	988
3262	301
3263	208
3264	106
3265	349
3266	232
3267	362
3268	459
3269	580
3270	272
3271	236
3272	306
3273	125
3274	185
3275	183
3276	306
3277	555
3278	213
3279	645
3280	303
3281	646
3282	966
3283	332
3284	363
3285	338
3286	446
3287	1047
3288	253
3289	624
3290	386
3291	156
3292	244
3293	946
3294	350
3295	517
3296	260
3297	213
3298	159
3299	327
3300	454
3301	267
3302	174
3303	247
3304	289
3305	279
3306	305
3307	123
3308	337
3309	84
3310	56
3311	771
3312	743
3313	502
3314	342
3315	324
3316	52
3317	477
3318	247
3319	58
3320	583
3321	198
3322	522
3323	558
3324	219
3325	372
3326	245
3327	558
3328	471
3329	210
3330	234
3331	652
3332	176
3333	263
3334	141
3335	524
3336	178
3337	215
3338	249
3339	113
3340	223
3341	140
3342	274
3343	268
3344	93
3345	86
3346	484
3347	308
3348	349
3349	550
3350	500
3351	366
3352	540
3353	387
3354	528
3355	398
3356	118
3357	157
3358	311
3359	306
3360	69
3361	342
3362	311
3363	509
3364	368
3365	338
3366	723
3367	1430
3368	489
3369	456
3370	516
3371	248
3372	190
3373	156
3374	199
3375	176
3376	817
3377	602
3378	421
3379	51
3380	271
3381	261
3382	308
3383	239
3384	1009
3385	329
3386	215
3387	349
3388	189
3389	678
3390	580
3391	198
3392	176
3393	336
3394	286
3395	211
3396	274
3397	221
3398	290
3399	483
3400	529
3401	615
3402	637
3403	250
3404	301
3405	600
3406	401
3407	218
3408	556
3409	40
3410	305
3411	87
3412	472
3413	180
3414	281
3415	232
3416	128
3417	230
3418	575
3419	646
3420	754
3421	237
3422	272
3423	316
3424	238
3425	90
3426	282
3427	299
3428	892
3429	336
3430	932
3431	520
3432	317
3433	326
3434	740
3435	65
3436	379
3437	346
3438	286
3439	283
3440	217
3441	304
3442	255
3443	854
3444	800
3445	821
3446	841
3447	268
3448	82
3449	271
3450	41
3451	224
3452	419
3453	327
3454	69
3455	452
3456	226
3457	524
3458	299
3459	390
3460	496
3461	545
3462	528
3463	579
3464	590
3465	190
3466	258
3467	297
3468	312
3469	156
3470	737
3471	102
3472	427
3473	578
3474	321
3475	331
3476	667
3477	370
3478	655
3479	217
3480	186
3481	523
3482	540
3483	425
3484	448
3485	370
3486	355
3487	263
3488	299
3489	361
3490	160
3491	511
3492	133
3493	442
3494	233
3495	225
3496	329
3497	252
3498	316
3499	280
3500	299
3501	730
3502	238
3503	232
3504	304
3505	296
3506	232
3507	439
3508	460
3509	234
3510	337
3511	318
3512	342
3513	181
3514	166
3515	313
3516	496
3517	710
3518	768
3519	182
3520	467
3521	301
3522	199
3523	938
3524	293
3525	302
3526	424
3527	427
3528	369
3529	98
3530	515
3531	462
3532	419
3533	289
3534	425
3535	528
3536	528
3537	441
3538	518
3539	325
3540	1130
3541	741
3542	324
3543	557
3544	567
3545	242
3546	567
3547	67
3548	330
3549	281
3550	45
3551	281
3552	670
3553	499
3554	477
3555	492
3556	67
3557	267
3558	270
3559	280
3560	345
3561	304
3562	585
3563	580
3564	210
3565	1005
3566	270
3567	446
3568	493
3569	578
3570	329
3571	91
3572	354
3573	49
3574	262
3575	215
3576	728
3577	358
3578	466
3579	335
3580	276
3581	346
3582	501
3583	173
3584	848
3585	313
3586	264
3587	334
3588	236
3589	311
3590	370
3591	287
3592	425
3593	342
3594	321
3595	211
3596	487
3597	466
3598	101
3599	540
3600	511
3601	297
3602	305
3603	718
3604	212
3605	312
3606	177
3607	342
3608	135
3609	799
3610	162
3611	807
3612	220
3613	1265
3614	103
3615	88
3616	125
3617	514
3618	329
3619	249
3620	72
3621	137
3622	454
3623	381
3624	581
3625	156
3626	186
3627	181
3628	42
3629	247
3630	568
3631	564
3632	119
3633	927
3634	173
3635	272
3636	318
3637	68
3638	177
3639	71
3640	188
3641	155
3642	215
3643	83
3644	154
3645	115
3646	373
3647	226
3648	317
3649	265
3650	296
3651	250
3652	280
3653	113
3654	300
3655	171
3656	564
3657	469
3658	142
3659	271
3660	236
3661	317
3662	258
3663	374
3664	240
3665	530
3666	469
3667	471
3668	388
3669	273
3670	174
3671	331
3672	441
3673	450
3674	544
3675	481
3676	145
3677	302
3678	94
3679	449
3680	328
3681	63
3682	326
3683	51
3684	391
3685	106
3686	388
3687	133
3688	379
3689	256
3690	399
3691	378
3692	555
3693	492
3694	334
3695	546
3696	383
3697	479
3698	542
3699	358
3700	262
3701	257
3702	704
3703	295
3704	141
3705	297
3706	399
3707	389
3708	341
3709	431
3710	205
3711	222
3712	347
3713	332
3714	372
3715	464
3716	157
3717	269
3718	634
3719	275
3720	306
3721	89
3722	313
3723	491
3724	98
3725	236
3726	426
3727	87
3728	453
3729	65
3730	106
3731	380
3732	162
3733	257
3734	361
3735	75
3736	275
3737	148
3738	200
3739	461
3740	309
3741	252
3742	194
3743	482
3744	736
3745	226
3746	443
3747	248
3748	1201
3749	507
3750	667
3751	266
3752	247
3753	271
3754	299
3755	104
3756	394
3757	338
3758	403
3759	491
3760	389
3761	485
3762	431
3763	441
3764	54
3765	52
3766	411
3767	531
3768	430
3769	221
3770	490
3771	265
3772	221
3773	574
3774	959
3775	432
3776	281
3777	134
3778	516
3779	176
3780	1675
3781	158
3782	92
3783	411
3784	306
3785	420
3786	172
3787	642
3788	446
3789	227
3790	887
3791	253
3792	376
3793	244
3794	401
3795	420
3796	283
3797	212
3798	519
3799	389
3800	396
3801	87
3802	46
3803	412
3804	327
3805	156
3806	347
3807	117
3808	174
3809	220
3810	230
3811	724
3812	57
3813	238
3814	317
3815	284
3816	104
3817	374
3818	54
3819	97
3820	87
3821	222
3822	93
3823	127
3824	78
3825	64
3826	549
3827	65
3828	145
3829	110
3830	142
3831	128
3832	183
3833	47
3834	219
3835	105
3836	176
3837	139
3838	139
3839	97
3840	75
3841	201
3842	81
3843	72
3844	227
3845	121
3846	44
3847	454
3848	468
3849	527
3850	669
3851	320
3852	117
3853	155
3854	1142
3855	531
3856	313
3857	227
3858	684
3859	39
3860	119
3861	134
3862	316
3863	135
3864	437
3865	349
3866	160
3867	381
3868	349
3869	321
3870	396
3871	329
3872	148
3873	326
3874	204
3875	689
3876	528
3877	201
3878	377
3879	518
3880	291
3881	673
3882	353
3883	227
3884	172
3885	98
3886	228
3887	407
3888	58
3889	300
3890	36
3891	286
3892	77
3893	117
3894	152
3895	66
3896	170
3897	97
3898	140
3899	604
3900	314
3901	179
3902	668
3903	255
3904	239
3905	1023
3906	458
3907	290
3908	195
3909	471
3910	657
3911	436
3912	237
3913	405
3914	574
3915	1185
3916	463
3917	1278
3918	203
3919	574
3920	136
3921	166
3922	354
3923	94
3924	62
3925	621
3926	325
3927	284
3928	612
3929	749
3930	570
3931	740
3932	727
3933	469
3934	528
3935	133
3936	586
3937	355
3938	639
3939	631
3940	283
3941	333
3942	392
3943	461
3944	124
3945	350
3946	160
3947	336
3948	204
3949	328
3950	243
3951	313
3952	279
3953	470
3954	312
3955	305
3956	548
3957	364
3958	554
3959	329
3960	283
3961	445
3962	264
3963	196
3964	221
3965	278
3966	431
3967	239
3968	572
3969	137
3970	125
3971	352
3972	398
3973	171
3974	693
3975	947
3976	97
3977	877
3978	107
3979	143
3980	172
3981	308
3982	223
3983	203
3984	395
3985	482
3986	435
3987	922
3988	263
3989	322
3990	333
3991	181
3992	371
3993	101
3994	222
3995	117
3996	264
3997	280
3998	163
3999	277
4000	666
4001	76
4002	510
4003	413
4004	1029
4005	468
4006	387
4007	503
4008	308
4009	502
4010	214
4011	141
4012	1000
4013	353
4014	192
4015	603
4016	110
4017	57
4018	67
4019	68
4020	303
4021	145
4022	464
4023	355
4024	376
4025	459
4026	73
4027	58
4028	215
4029	363
4030	238
4031	605
4032	202
4033	436
4034	95
4035	373
4036	400
4037	213
4038	46
4039	84
4040	319
4041	163
4042	144
4043	236
4044	221
4045	168
4046	201
4047	186
4048	435
4049	640
4050	58
4051	257
4052	189
4053	302
4054	117
4055	222
4056	267
4057	351
4058	604
4059	272
4060	248
4061	736
4062	665
4063	220
4064	476
4065	160
4066	285
4067	100
4068	220
4069	464
4070	254
4071	204
4072	217
4073	263
4074	204
4075	591
4076	389
4077	154
4078	60
4079	476
4080	603
4081	530
4082	298
4083	216
4084	352
4085	1338
4086	1160
4087	456
4088	323
4089	77
4090	121
4091	153
4092	190
4093	226
4094	352
4095	307
4096	305
4097	45
4098	83
4099	290
4100	94
4101	463
4102	281
4103	451
4104	346
4105	243
4106	72
4107	527
4108	196
4109	373
4110	53
4111	92
4112	340
4113	153
4114	324
4115	46
4116	278
4117	208
4118	178
4119	322
4120	276
4121	366
4122	126
4123	180
4124	162
4125	407
4126	341
4127	307
4128	338
4129	352
4130	507
4131	394
4132	391
4133	56
4134	94
4135	128
4136	170
4137	199
4138	273
4139	1117
4140	474
4141	276
4142	1195
4143	1136
4144	1049
4145	332
4146	235
4147	79
4148	142
4149	80
4150	272
4151	117
4152	260
4153	189
4154	186
4155	405
4156	239
4157	493
4158	521
4159	405
4160	529
4161	58
4162	172
4163	102
4164	68
4165	205
4166	72
4167	284
4168	165
4169	484
4170	167
4171	164
4172	197
4173	70
4174	304
4175	430
4176	205
4177	335
4178	411
4179	325
4180	293
4181	311
4182	375
4183	267
4184	268
4185	381
4186	197
4187	194
4188	203
4189	427
4190	490
4191	255
4192	72
4193	89
4194	236
4195	169
4196	215
4197	247
4198	302
4199	278
4200	57
4201	96
4202	543
4203	431
4204	134
4205	205
4206	239
4207	271
4208	310
4209	328
4210	343
4211	54
4212	88
4213	220
4214	129
4215	168
4216	217
4217	246
4218	279
4219	308
4220	333
4221	239
4222	437
4223	319
4224	59
4225	775
4226	234
4227	153
4228	198
4229	191
4230	392
4231	148
4232	236
4233	341
4234	231
4235	540
4236	305
4237	430
4238	392
4239	276
4240	274
4241	342
4242	677
4243	282
4244	183
4245	303
4246	294
4247	242
4248	390
4249	202
4250	108
4251	208
4252	207
4253	562
4254	343
4255	562
4256	319
4257	305
4258	540
4259	60
4260	316
4261	376
4262	65
4263	148
4264	235
4265	233
4266	304
4267	348
4268	441
4269	422
4270	238
4271	295
4272	580
4273	98
4274	191
4275	665
4276	128
4277	548
4278	588
4279	265
4280	587
4281	198
4282	1085
4283	529
4284	292
4285	58
4286	575
4287	324
4288	375
4289	1227
4290	186
4291	103
4292	95
4293	447
4294	245
4295	407
4296	1326
4297	446
4298	1311
4299	482
4300	1504
4301	59
4302	563
4303	1611
4304	276
4305	1784
4306	1050
4307	124
4308	129
4309	384
4310	163
4311	365
4312	203
4313	340
4314	308
4315	328
4316	396
4317	364
4318	656
4319	617
4320	656
4321	603
4322	661
4323	582
4324	171
4325	479
4326	199
4327	434
4328	993
4329	243
4330	576
4331	209
4332	513
4333	297
4334	521
4335	235
4336	219
4337	124
4338	765
4339	580
4340	297
4341	71
4342	106
4343	466
4344	260
4345	88
4346	222
4347	488
4348	456
4349	566
4350	408
4351	164
4352	496
4353	234
4354	390
4355	259
4356	175
4357	281
4358	144
4359	546
4360	428
4361	377
4362	560
4363	422
4364	569
4365	425
4366	289
4367	296
4368	291
4369	427
4370	249
4371	288
4372	308
4373	527
4374	333
4375	516
4376	354
4377	526
4378	367
4379	404
4380	981
4381	1165
4382	547
4383	1136
4384	550
4385	1193
4386	1725
4387	816
4388	617
4389	336
4390	327
4391	543
4392	1795
4393	561
4394	654
4395	231
4396	637
4397	371
4398	513
4399	385
4400	263
4401	434
4402	329
4403	302
4404	688
4405	415
4406	359
4407	180
4408	261
4409	147
4410	301
4411	104
4412	314
4413	66
4414	476
4415	81
4416	304
4417	330
4418	284
4419	208
4420	60
4421	298
4422	381
4423	250
4424	546
4425	276
4426	164
4427	110
4428	249
4429	296
4430	220
4431	287
4432	194
4433	1000
4434	317
4435	176
4436	347
4437	373
4438	588
4439	804
4440	577
4441	811
4442	564
4443	35
4444	172
4445	367
4446	485
4447	224
4448	140
4449	807
4450	324
4451	367
4452	330
4453	232
4454	1619
4455	208
4456	981
4457	627
4458	180
4459	296
4460	216
4461	269
4462	342
4463	272
4464	367
4465	238
4466	392
4467	415
4468	688
4469	364
4470	437
4471	293
4472	306
4473	385
4474	397
4475	429
4476	274
4477	972
4478	60
4479	99
4480	460
4481	424
4482	484
4483	642
4484	502
4485	355
4486	1134
4487	666
4488	145
4489	346
4490	244
4491	315
4492	304
4493	324
4494	351
4495	366
4496	395
4497	258
4498	314
4499	287
4500	318
4501	323
4502	136
4503	91
4504	130
4505	297
4506	182
4507	252
4508	635
4509	281
4510	1169
4511	251
4512	268
4513	541
4514	453
4515	561
4516	879
4517	114
4518	282
4519	1067
4520	160
4521	263
4522	436
4523	534
4524	455
4525	792
4526	469
4527	813
4528	205
4529	259
4530	398
4531	229
4532	228
4533	260
4534	210
4535	495
4536	422
4537	518
4538	534
4539	793
4540	468
4541	871
4542	554
4543	481
4544	299
4545	450
4546	301
4547	327
4548	783
4549	485
4550	305
4551	795
4552	328
4553	790
4554	566
4555	512
4556	504
4557	478
4558	469
4559	273
4560	435
4561	144
4562	317
4563	428
4564	244
4565	275
4566	334
4567	58
4568	325
4569	103
4570	144
4571	60
4572	187
4573	399
4574	1490
4575	416
4576	1085
4577	438
4578	1113
4579	462
4580	1151
4581	477
4582	92
4583	1171
4584	324
4585	347
4586	867
4587	361
4588	456
4589	282
4590	431
4591	308
4592	423
4593	449
4594	312
4595	336
4596	337
4597	363
4598	222
4599	352
4600	250
4601	334
4602	271
4603	324
4604	227
4605	298
4606	313
4607	348
4608	348
4609	351
4610	51
4611	82
4612	280
4613	307
4614	856
4615	440
4616	55
4617	215
4618	791
4619	208
4620	836
4621	112
4622	424
4623	479
4624	147
4625	409
4626	174
4627	403
4628	206
4629	406
4630	222
4631	316
4632	264
4633	374
4634	795
4635	296
4636	561
4637	320
4638	545
4639	348
4640	552
4641	380
4642	442
4643	721
4644	454
4645	737
4646	425
4647	677
4648	467
4649	743
4650	745
4651	477
4652	208
4653	169
4654	373
4655	184
4656	546
4657	424
4658	78
4659	434
4660	761
4661	721
4662	459
4663	783
4664	467
4665	748
4666	805
4667	520
4668	551
4669	264
4670	449
4671	422
4672	296
4673	432
4674	322
4675	378
4676	343
4677	364
4678	355
4679	288
4680	129
4681	362
4682	254
4683	374
4684	226
4685	384
4686	195
4687	660
4688	414
4689	662
4690	398
4691	408
4692	441
4693	170
4694	409
4695	183
4696	359
4697	1667
4698	718
4699	310
4700	44
4701	267
4702	164
4703	338
4704	1066
4705	241
4706	164
4707	132
4708	160
4709	188
4710	232
4711	259
4712	292
4713	316
4714	339
4715	389
4716	761
4717	547
4718	210
4719	237
4720	264
4721	289
4722	300
4723	329
4724	357
4725	385
4726	1057
4727	977
4728	64
4729	129
4730	198
4731	224
4732	293
4733	340
4734	360
4735	372
4736	383
4737	428
4738	361
4739	285
4740	301
4741	326
4742	384
4743	855
4744	171
4745	178
4746	174
4747	322
4748	354
4749	379
4750	383
4751	167
4752	246
4753	285
4754	335
4755	362
4756	371
4757	693
4758	628
4759	1653
4760	1303
4761	400
4762	226
4763	130
4764	360
4765	380
4766	830
4767	255
4768	276
4769	482
4770	286
4771	311
4772	326
4773	316
4774	337
4775	372
4776	387
4777	384
4778	428
4779	363
4780	595
4781	364
4782	942
4783	534
4784	535
4785	318
4786	332
4787	755
4788	448
4789	437
4790	343
4791	257
4792	109
4793	680
4794	832
4795	606
4796	431
4797	171
4798	105
4799	205
4800	245
4801	208
4802	289
4803	74
4804	139
4805	1679
4806	1664
4807	623
4808	1066
4809	1024
4810	293
4811	51
4812	195
4813	816
4814	441
4815	479
4816	550
4817	537
4818	1162
4819	1163
4820	1134
4821	1087
4822	1025
4823	603
4824	553
4825	485
4826	536
4827	1309
4828	683
4829	835
4830	540
4831	849
4832	574
4833	444
4834	409
4835	452
4836	278
4837	510
4838	516
4839	467
4840	1562
4841	116
4842	152
4843	189
4844	240
4845	275
4846	301
4847	413
4848	425
4849	433
4850	451
4851	691
4852	486
4853	377
4854	60
4855	306
4856	532
4857	566
4858	339
4859	308
4860	518
4861	1045
4862	1068
4863	1022
4864	1011
4865	948
4866	77
4867	785
4868	760
4869	755
4870	756
4871	733
4872	713
4873	708
4874	3473
4875	772
4876	320
4877	356
4878	742
4879	997
4880	609
4881	911
4882	454
4883	298
4884	773
4885	617
4886	331
4887	666
4888	237
4889	193
4890	233
4891	276
4892	151
4893	471
4894	767
4895	513
4896	340
4897	391
4898	345
4899	22
4900	424
4901	439
4902	462
4903	482
4904	489
4905	496
4906	482
4907	485
4908	492
4909	475
4910	49
4911	86
4912	126
4913	166
4914	195
4915	238
4916	265
4917	295
4918	326
4919	349
4920	386
4921	465
4922	614
4923	241
4924	72
4925	166
4926	182
4927	405
4928	398
4929	437
4930	442
4931	434
4932	132
4933	311
4934	223
4935	471
4936	481
4937	786
4938	645
4939	892
4940	887
4941	904
4942	827
4943	1219
4944	390
4945	450
4946	852
4947	107
4948	127
4949	59
4950	90
4951	1344
4952	657
4953	128
4954	454
4955	266
4956	482
4957	1312
4958	198
4959	606
4960	599
4961	429
4962	465
4963	466
4964	465
4965	446
4966	278
4967	433
4968	273
4969	370
4970	1513
4971	228
4972	420
4973	214
4974	248
4975	209
4976	157
4977	558
4978	325
4979	1224
4980	653
4981	417
4982	210
4983	310
4984	339
4985	296
4986	328
4987	172
4988	398
4989	1304
4990	1402
4991	407
4992	191
4993	687
4994	765
4995	203
4996	153
4997	189
4998	200
4999	229
5000	247
5001	292
5002	303
5003	543
5004	553
5005	575
5006	371
5007	398
5008	102
5009	356
5010	49
5011	534
5012	502
5013	251
5014	511
5015	502
5016	822
5017	965
5018	1102
5019	1066
5020	187
5021	1064
5022	1034
5023	853
5024	449
5025	363
5026	442
5027	430
5028	213
5029	84
5030	119
5031	155
5032	380
5033	347
5034	250
5035	288
5036	325
5037	355
5038	534
5039	225
5040	407
5041	814
5042	868
5043	572
5044	589
5045	414
5046	185
5047	261
5048	289
5049	420
5050	622
5051	409
5052	207
5053	142
5054	286
5055	240
5056	325
5057	353
5058	589
5059	446
5060	607
5061	430
5062	583
5063	428
5064	590
5065	827
5066	949
5067	340
5068	1387
5069	1149
5070	1249
5071	606
5072	1139
5073	977
5074	1184
5075	130
5076	436
5077	451
5078	69
5079	498
5080	529
5081	105
5082	524
5083	877
5084	735
5085	750
5086	113
5087	334
5088	349
5089	61
5090	91
5091	149
5092	73
5093	76
5094	215
5095	52
5096	86
5097	158
5098	227
5099	57
5100	69
5101	114
5102	154
5103	186
5104	203
5105	234
5106	265
5107	299
5108	333
5109	358
5110	377
5111	351
5112	333
5113	392
5114	389
5115	775
5116	705
5117	599
5118	636
5119	1021
5120	1011
5121	1064
5122	1552
5123	1244
5124	1034
5125	838
5126	592
5127	2266
5128	1280
5129	451
5130	1203
5131	1151
5132	432
5133	314
5134	615
5135	417
5136	449
5137	1319
5138	216
5139	239
5140	696
5141	420
5142	446
5143	551
5144	414
5145	1008
5146	418
5147	474
5148	501
5149	791
5150	120
5151	195
5152	1149
5153	219
5154	580
5155	361
5156	340
5157	607
5158	584
5159	657
5160	171
5161	113
5162	846
5163	308
5164	305
5165	128
5166	302
5167	221
5168	300
5169	278
5170	978
5171	397
5172	367
5173	334
5174	299
5175	277
5176	246
5177	86
5178	316
5179	342
5180	366
5181	384
5182	402
5183	438
5184	188
5185	634
5186	282
5187	1291
5188	109
5189	559
5190	855
5191	790
5192	242
5193	147
5194	315
5195	2151
5196	2148
5197	2393
5198	414
5199	374
5200	290
5201	257
5202	414
5203	511
5204	1189
5205	328
5206	375
5207	711
5208	654
5209	160
5210	364
5211	612
5212	425
5213	599
5214	465
5215	483
5216	453
5217	78
5218	440
5219	112
5220	734
5221	148
5222	307
5223	354
5224	285
5225	340
5226	253
5227	340
5228	308
5229	402
5230	215
5231	109
5232	76
5233	141
5234	172
5235	64
5236	306
5237	327
5238	351
5239	360
5240	381
5241	237
5242	270
5243	291
5244	834
5245	641
5246	370
5247	71
5248	565
5249	574
5250	569
5251	291
5252	304
5253	701
5254	247
5255	719
5256	796
5257	94
5258	512
5259	517
5260	1271
5261	444
5262	786
5263	437
5264	481
5265	105
5266	742
5267	719
5268	231
5269	600
5270	394
5271	186
5272	344
5273	358
5274	1070
5275	1021
5276	596
5277	369
5278	406
5279	393
5280	107
5281	141
5282	605
5283	632
5284	626
5285	637
5286	437
5287	450
5288	482
5289	494
5290	210
5291	178
5292	408
5293	210
5294	271
5295	287
5296	318
5297	286
5298	181
5299	435
5300	458
5301	718
5302	989
5303	781
5304	229
5305	61
5306	99
5307	533
5308	797
5309	257
5310	417
5311	432
5312	732
5313	126
5314	156
5315	198
5316	242
5317	237
5318	171
5319	67
5320	111
5321	296
5322	1582
5323	193
5324	397
5325	548
5326	168
5327	359
5328	383
5329	239
5330	258
5331	250
5332	284
5333	801
5334	246
5335	803
5336	450
5337	542
5338	548
5339	66
5340	777
5341	780
5342	774
5343	520
5344	206
5345	247
5346	564
5347	312
5348	339
5349	599
5350	245
5351	287
5352	411
5353	411
5354	402
5355	630
5356	138
5357	483
5358	468
5359	428
5360	503
5361	512
5362	849
5363	840
5364	600
5365	561
5366	559
5367	752
5368	816
5369	800
5370	769
5371	740
5372	355
5373	805
5374	200
5375	195
5376	714
5377	1055
5378	52
5379	94
5380	128
5381	170
5382	321
5383	47
5384	127
5385	158
5386	235
5387	264
5388	307
5389	88
5390	138
5391	171
5392	228
5393	261
5394	90
5395	314
5396	161
5397	712
5398	425
5399	663
5400	559
5401	885
5402	511
5403	208
5404	487
5405	51
5406	112
5407	298
5408	324
5409	349
5410	124
5411	427
5412	292
5413	106
5414	103
5415	607
5416	580
5417	413
5418	319
5419	665
5420	337
5421	62
5422	1187
5423	432
5424	393
5425	98
5426	158
5427	404
5428	310
5429	175
5430	485
5431	663
5432	972
5433	952
5434	874
5435	870
5436	871
5437	953
5438	936
5439	323
5440	1053
5441	873
5442	1182
5443	1108
5444	1041
5445	923
5446	178
5447	213
5448	887
5449	459
5450	1118
5451	898
5452	102
5453	263
5454	508
5455	323
5456	153
5457	219
5458	198
5459	474
5460	477
5461	470
5462	839
5463	278
5464	1754
5465	1663
5466	472
5467	146
5468	605
5469	613
5470	720
5471	971
5472	920
5473	1116
5474	917
5475	118
5476	245
5477	2775
5478	92
5479	267
5480	449
5481	241
5482	250
5483	264
5484	886
5485	369
5486	567
5487	138
5488	312
5489	766
5490	278
5491	830
5492	464
5493	632
5494	634
5495	486
5496	181
5497	320
5498	405
5499	317
5500	232
5501	217
5502	584
5503	476
5504	166
5505	333
5506	48
5507	1261
5508	330
5509	1295
5510	298
5511	65
5512	477
5513	205
5514	473
5515	233
5516	270
5517	412
5518	273
5519	464
5520	439
5521	504
5522	682
5523	238
5524	828
5525	816
5526	384
5527	373
5528	818
5529	324
5530	324
5531	50
5532	84
5533	294
5534	270
5535	122
5536	383
5537	518
5538	281
5539	185
5540	169
5541	384
5542	132
5543	395
5544	673
5545	602
5546	573
5547	625
5548	502
5549	373
5550	660
5551	519
5552	218
5553	652
5554	562
5555	308
5556	435
5557	42
5558	274
5559	398
5560	409
5561	388
5562	399
5563	397
5564	337
5565	218
5566	52
5567	346
5568	752
5569	567
5570	442
5571	1142
5572	117
5573	411
5574	143
5575	388
5576	360
5577	184
5578	407
5579	394
5580	744
5581	215
5582	338
5583	319
5584	236
5585	727
5586	418
5587	353
5588	471
5589	475
5590	625
5591	332
5592	353
5593	1409
5594	133
5595	441
5596	383
5597	770
5598	1514
5599	438
5600	357
5601	642
5602	537
5603	486
5604	543
5605	496
5606	374
5607	509
5608	350
5609	629
5610	340
5611	518
5612	558
5613	319
5614	1159
5615	318
5616	171
5617	524
5618	1130
5619	339
5620	649
5621	565
5622	157
5623	364
5624	482
5625	594
5626	1500
5627	597
5628	810
5629	547
5630	637
5631	345
5632	960
5633	149
5634	830
5635	740
5636	166
5637	337
5638	299
5639	1410
5640	286
5641	377
5642	363
5643	816
5644	846
5645	143
5646	374
5647	923
5648	587
5649	353
5650	465
5651	736
5652	369
5653	332
5654	563
5655	620
5656	212
5657	169
5658	222
5659	235
5660	274
5661	298
5662	199
5663	959
5664	595
5665	1012
5666	600
5667	1160
5668	1212
5669	878
5670	722
5671	438
5672	594
5673	708
5674	597
5675	716
5676	615
5677	727
5678	728
5679	591
5680	379
5681	593
5682	166
5683	320
5684	470
5685	461
5686	485
5687	478
5688	487
5689	482
5690	560
5691	377
5692	328
5693	241
5694	773
5695	708
5696	248
5697	432
5698	395
5699	98
5700	212
5701	188
5702	343
5703	48
5704	369
5705	248
5706	347
5707	314
5708	434
5709	533
5710	381
5711	379
5712	279
5713	408
5714	155
5715	305
5716	138
5717	229
5718	260
5719	214
5720	526
5721	703
5722	409
5723	639
5724	245
5725	473
5726	267
5727	297
5728	373
5729	362
5730	405
5731	219
5732	317
5733	97
5734	343
5735	398
5736	816
5737	424
5738	810
5739	355
5740	495
5741	838
5742	56
5743	571
5744	701
5745	193
5746	482
5747	258
5748	249
5749	265
5750	470
5751	420
5752	471
5753	419
5754	478
5755	413
5756	509
5757	535
5758	515
5759	492
5760	526
5761	471
5762	535
5763	448
5764	386
5765	560
5766	324
5767	1012
5768	121
5769	369
5770	382
5771	353
5772	160
5773	333
5774	382
5775	276
5776	123
5777	337
5778	113
5779	98
5780	511
5781	121
5782	382
5783	171
5784	364
5785	371
5786	871
5787	1665
5788	490
5789	415
5790	465
5791	483
5792	500
5793	386
5794	399
5795	374
5796	161
5797	208
5798	472
5799	245
5800	211
5801	482
5802	182
5803	487
5804	485
5805	145
5806	499
5807	508
5808	103
5809	427
5810	896
5811	391
5812	307
5813	858
5814	674
5815	143
5816	212
5817	624
5818	41
5819	85
5820	333
5821	304
5822	358
5823	1001
5824	773
5825	1000
5826	772
5827	65
5828	393
5829	426
5830	600
5831	350
5832	411
5833	476
5834	424
5835	464
5836	460
5837	685
5838	381
5839	368
5840	366
5841	365
5842	196
5843	348
5844	386
5845	407
5846	1816
5847	168
5848	616
5849	98
5850	604
5851	446
5852	646
5853	772
5854	1178
5855	62
5856	431
5857	901
5858	342
5859	467
5860	316
5861	367
5862	490
5863	348
5864	245
5865	537
5866	291
5867	1241
5868	382
5869	656
5870	986
5871	312
5872	226
5873	338
5874	135
5875	136
5876	358
5877	319
5878	665
5879	882
5880	433
5881	490
5882	165
5883	327
5884	57
5885	133
5886	265
5887	413
5888	58
5889	135
5890	1208
5891	171
5892	145
5893	457
5894	165
5895	228
5896	212
5897	181
5898	234
5899	232
5900	38
5901	68
5902	164
5903	588
5904	200
5905	471
5906	271
5907	2845
5908	1515
5909	431
5910	351
5911	419
5912	633
5913	202
5914	749
5915	656
5916	645
5917	713
5918	312
5919	572
5920	596
5921	535
5922	163
5923	573
5924	255
5925	407
5926	358
5927	1970
5928	114
5929	1554
5930	537
5931	994
5932	914
5933	186
5934	489
5935	276
5936	246
5937	211
5938	356
5939	298
5940	385
5941	325
5942	84
5943	382
5944	266
5945	300
5946	129
5947	227
5948	260
5949	3556
5950	581
5951	65
5952	74
5953	106
5954	195
5955	43
5956	129
5957	231
5958	266
5959	318
5960	511
5961	216
5962	334
5963	357
5964	165
5965	684
5966	369
5967	132
5968	338
5969	300
5970	142
5971	194
5972	288
5973	529
5974	359
5975	389
5976	318
5977	460
5978	414
5979	311
5980	390
5981	274
5982	499
5983	158
5984	499
5985	188
5986	491
5987	501
5988	58
5989	335
5990	528
5991	246
5992	560
5993	238
5994	97
5995	133
5996	204
5997	530
5998	577
5999	361
6000	398
6001	530
6002	584
6003	500
6004	28
6005	190
6006	279
6007	58
6008	339
6009	101
6010	666
6011	1075
6012	153
6013	235
6014	326
6015	352
6016	377
6017	145
6018	841
6019	266
6020	313
6021	665
6022	357
6023	322
6024	598
6025	267
6026	614
6027	214
6028	343
6029	303
6030	366
6031	611
6032	353
6033	368
6034	651
6035	646
6036	217
6037	282
6038	201
6039	522
6040	334
6041	339
6042	405
6043	310
6044	231
6045	428
6046	227
6047	410
6048	333
6049	346
6050	248
6051	220
6052	309
6053	95
6054	186
6055	245
6056	333
6057	789
6058	505
6059	288
6060	410
6061	1173
6062	299
6063	309
6064	291
6065	277
6066	279
6067	577
6068	728
6069	340
6070	1088
6071	353
6072	169
6073	382
6074	145
6075	362
6076	209
6077	316
6078	240
6079	293
6080	342
6081	480
6082	176
6083	227
6084	491
6085	291
6086	199
6087	962
6088	242
6089	226
6090	348
6091	241
6092	334
6093	535
6094	361
6095	302
6096	279
6097	447
6098	415
6099	248
6100	1890
6101	384
6102	231
6103	1190
6104	195
6105	679
6106	173
6107	690
6108	101
6109	677
6110	214
6111	185
6112	255
6113	602
6114	452
6115	455
6116	653
6117	253
6118	406
6119	283
6120	619
6121	477
6122	568
6123	141
6124	174
6125	280
6126	336
6127	458
6128	131
6129	760
6130	1336
6131	700
6132	928
6133	114
6134	162
6135	233
6136	1134
6137	779
6138	789
6139	519
6140	405
6141	553
6142	553
6143	304
6144	266
6145	226
6146	173
6147	177
6148	498
6149	344
6150	727
6151	750
6152	396
6153	422
6154	105
6155	132
6156	177
6157	200
6158	231
6159	497
6160	253
6161	134
6162	331
6163	162
6164	188
6165	216
6166	255
6167	749
6168	370
6169	242
6170	673
6171	277
6172	680
6173	854
6174	371
6175	397
6176	397
6177	375
6178	405
6179	379
6180	606
6181	671
6182	614
6183	676
6184	1284
6185	1188
6186	522
6187	231
6188	352
6189	596
6190	218
6191	109
6192	246
6193	316
6194	523
6195	342
6196	501
6197	213
6198	483
6199	246
6200	640
6201	315
6202	139
6203	276
6204	437
6205	301
6206	417
6207	335
6208	400
6209	427
6210	591
6211	184
6212	258
6213	227
6214	457
6215	583
6216	476
6217	595
6218	497
6219	603
6220	236
6221	517
6222	545
6223	582
6224	498
6225	591
6226	571
6227	570
6228	585
6229	564
6230	595
6231	543
6232	519
6233	608
6234	622
6235	502
6236	627
6237	478
6238	1020
6239	255
6240	624
6241	452
6242	622
6243	426
6244	810
6245	414
6246	414
6247	640
6248	383
6249	651
6250	779
6251	318
6252	431
6253	342
6254	411
6255	321
6256	322
6257	298
6258	413
6259	205
6260	331
6261	252
6262	324
6263	274
6264	344
6265	315
6266	328
6267	655
6268	274
6269	636
6270	240
6271	640
6272	204
6273	652
6274	630
6275	546
6276	115
6277	116
6278	328
6279	167
6280	303
6281	138
6282	181
6283	460
6284	284
6285	710
6286	687
6287	792
6288	858
6289	782
6290	501
6291	234
6292	216
6293	838
6294	70
6295	235
6296	700
6297	262
6298	725
6299	282
6300	969
6301	171
6302	658
6303	466
6304	1266
6305	475
6306	1095
6307	284
6308	1005
6309	733
6310	788
6311	512
6312	144
6313	798
6314	723
6315	473
6316	225
6317	1187
6318	866
6319	487
6320	1070
6321	365
6322	1014
6323	228
6324	349
6325	1044
6326	575
6327	1475
6328	89
6329	60
6330	179
6331	116
6332	88
6333	386
6334	1296
6335	427
6336	359
6337	262
6338	403
6339	454
6340	168
6341	125
6342	72
6343	628
6344	382
6345	473
6346	113
6347	1152
6348	106
6349	297
6350	351
6351	519
6352	81
6353	351
6354	331
6355	313
6356	493
6357	481
6358	365
6359	548
6360	1469
6361	999
6362	306
6363	867
6364	236
6365	367
6366	360
6367	401
6368	416
6369	171
6370	500
6371	343
6372	592
6373	690
6374	980
6375	795
6376	1047
6377	126
6378	142
6379	437
6380	444
6381	163
6382	309
6383	794
6384	334
6385	1016
6386	422
6387	187
6388	740
6389	213
6390	460
6391	275
6392	578
6393	1041
6394	322
6395	314
6396	263
6397	324
6398	219
6399	351
6400	266
6401	177
6402	233
6403	254
6404	238
6405	336
6406	906
6407	465
6408	466
6409	465
6410	450
6411	100
6412	567
6413	342
6414	652
6415	578
6416	574
6417	748
6418	628
6419	678
6420	1084
6421	1134
6422	558
6423	393
6424	1628
6425	357
6426	501
6427	501
6428	614
6429	230
6430	365
6431	522
6432	355
6433	464
6434	409
6435	292
6436	194
6437	246
6438	451
6439	408
6440	180
6441	212
6442	394
6443	333
6444	324
6445	338
6446	363
6447	435
6448	447
6449	465
6450	126
6451	184
6452	206
6453	205
6454	36
6455	66
6456	162
6457	256
6458	309
6459	334
6460	363
6461	393
6462	431
6463	433
6464	449
6465	462
6466	493
6467	445
6468	250
6469	222
6470	461
6471	460
6472	363
6473	751
6474	59
6475	471
6476	109
6477	452
6478	484
6479	147
6480	425
6481	129
6482	643
6483	186
6484	284
6485	369
6486	127
6487	216
6488	482
6489	427
6490	466
6491	340
6492	447
6493	237
6494	257
6495	650
6496	284
6497	645
6498	457
6499	774
6500	432
6501	765
6502	173
6503	347
6504	201
6505	320
6506	226
6507	300
6508	556
6509	354
6510	579
6511	325
6512	431
6513	278
6514	197
6515	794
6516	157
6517	658
6518	401
6519	358
6520	474
6521	245
6522	176
6523	209
6524	190
6525	233
6526	43
6527	294
6528	341
6529	380
6530	405
6531	286
6532	153
6533	419
6534	429
6535	461
6536	208
6537	112
6538	169
6539	619
6540	644
6541	645
6542	410
6543	403
6544	428
6545	586
6546	589
6547	282
6548	84
6549	319
6550	606
6551	344
6552	587
6553	253
6554	888
6555	450
6556	1120
6557	506
6558	517
6559	528
6560	427
6561	361
6562	254
6563	155
6564	992
6565	213
6566	200
6567	149
6568	260
6569	299
6570	270
6571	289
6572	282
6573	263
6574	295
6575	309
6576	246
6577	173
6578	372
6579	228
6580	317
6581	1371
6582	392
6583	258
6584	296
6585	254
6586	327
6587	351
6588	221
6589	406
6590	389
6591	412
6592	747
6593	558
6594	374
6595	438
6596	642
6597	285
6598	328
6599	214
6600	215
6601	276
6602	386
6603	370
6604	624
6605	40
6606	453
6607	756
6608	273
6609	258
6610	519
6611	673
6612	337
6613	309
6614	285
6615	251
6616	226
6617	197
6618	175
6619	453
6620	481
6621	462
6622	470
6623	48
6624	39
6625	440
6626	134
6627	277
6628	414
6629	97
6630	499
6631	523
6632	382
6633	273
6634	378
6635	183
6636	435
6637	422
6638	312
6639	351
6640	244
6641	279
6642	672
6643	258
6644	191
6645	233
6646	164
6647	339
6648	279
6649	501
6650	141
6651	519
6652	291
6653	300
6654	990
6655	678
6656	524
6657	299
6658	170
6659	693
6660	365
6661	254
6662	234
6663	188
6664	306
6665	504
6666	372
6667	197
6668	224
6669	103
6670	298
6671	333
6672	121
6673	444
6674	516
6675	257
6676	178
6677	351
6678	702
6679	355
6680	389
6681	314
6682	441
6683	264
6684	360
6685	392
6686	667
6687	142
6688	180
6689	145
6690	1072
6691	796
6692	81
6693	452
6694	500
6695	856
6696	123
6697	435
6698	86
6699	120
6700	450
6701	76
6702	361
6703	144
6704	163
6705	371
6706	213
6707	391
6708	241
6709	280
6710	382
6711	433
6712	307
6713	101
6714	442
6715	107
6716	379
6717	145
6718	374
6719	181
6720	347
6721	533
6722	260
6723	308
6724	241
6725	172
6726	332
6727	165
6728	66
6729	386
6730	277
6731	179
6732	367
6733	314
6734	344
6735	339
6736	306
6737	368
6738	280
6739	403
6740	68
6741	412
6742	793
6743	110
6744	56
6745	779
6746	323
6747	478
6748	384
6749	393
6750	35
6751	432
6752	493
6753	159
6754	408
6755	177
6756	71
6757	150
6758	1472
6759	642
6760	296
6761	402
6762	268
6763	315
6764	296
6765	252
6766	302
6767	756
6768	502
6769	730
6770	489
6771	305
6772	250
6773	327
6774	258
6775	461
6776	36
6777	152
6778	424
6779	531
6780	330
6781	298
6782	536
6783	531
6784	369
6785	722
6786	880
6787	1101
6788	1525
6789	1460
6790	1410
6791	224
6792	74
6793	518
6794	550
6795	431
6796	421
6797	501
6798	659
6799	641
6800	623
6801	613
6802	389
6803	466
6804	846
6805	169
6806	867
6807	516
6808	185
6809	181
6810	101
6811	186
6812	520
6813	444
6814	419
6815	457
6816	415
6817	475
6818	528
6819	405
6820	566
6821	344
6822	303
6823	549
6824	600
6825	75
6826	205
6827	107
6828	322
6829	221
6830	213
6831	123
6832	235
6833	89
6834	178
6835	1168
6836	377
6837	978
6838	426
6839	242
6840	339
6841	395
6842	297
6843	578
6844	353
6845	650
6846	433
6847	293
6848	225
6849	552
6850	588
6851	560
6852	576
6853	572
6854	724
6855	870
6856	713
6857	896
6858	398
6859	402
6860	376
6861	455
6862	361
6863	346
6864	339
6865	314
6866	142
6867	71
6868	401
6869	302
6870	473
6871	523
6872	265
6873	521
6874	296
6875	229
6876	250
6877	389
6878	17
6879	459
6880	61
6881	180
6882	235
6883	172
6884	241
6885	369
6886	352
6887	100
6888	297
6889	1048
6890	394
6891	530
6892	245
6893	183
6894	317
6895	79
6896	315
6897	117
6898	141
6899	327
6900	432
6901	314
6902	500
6903	207
6904	651
6905	180
6906	196
6907	449
6908	365
6909	108
6910	76
6911	589
6912	559
6913	106
6914	642
6915	550
6916	175
6917	288
6918	94
6919	519
6920	393
6921	67
6922	269
6923	106
6924	209
6925	167
6926	196
6927	167
6928	157
6929	215
6930	432
6931	339
6932	309
6933	437
6934	276
6935	455
6936	297
6937	110
6938	235
6939	163
6940	672
6941	281
6942	322
6943	666
6944	552
6945	546
6946	455
6947	578
6948	581
6949	469
6950	445
6951	949
6952	265
6953	468
6954	468
6955	152
6956	417
6957	444
6958	107
6959	714
6960	289
6961	305
6962	460
6963	515
6964	566
6965	36
6966	293
6967	83
6968	137
6969	57
6970	276
6971	40
6972	263
6973	455
6974	368
6975	397
6976	687
6977	639
6978	107
6979	319
6980	367
6981	464
6982	37
6983	124
6984	321
6985	42
6986	210
6987	245
6988	670
6989	347
6990	362
6991	NaN
6992	54
6993	38
6994	325
6995	1045
6996	581
6997	301
6998	333
6999	133
7000	202
7001	227
7002	205
7003	319
7004	236
7005	247
7006	288
7007	318
7008	308
7009	257
7010	370
7011	68
7012	335
7013	480
7014	500
7015	200
7016	228
7017	239
7018	562
7019	354
7020	46
7021	433
7022	439
7023	956
7024	149
7025	222
7026	437
7027	382
7028	260
7029	271
7030	252
7031	292
7032	543
7033	500
7034	413
7035	726
7036	320
7037	37
7038	98
7039	274
7040	163
7041	163
7042	306
7043	463
7044	317
7045	330
7046	279
7047	53
7048	117
7049	462
7050	484
7051	227
7052	183
7053	573
7054	57
7055	277
7056	268
7057	710
7058	740
7059	398
7060	409
7061	256
7062	579
7063	207
7064	737
7065	233
7066	115
7067	346
7068	364
7069	319
7070	157
7071	328
7072	163
7073	158
7074	187
7075	213
7076	288
7077	295
7078	338
7079	420
7080	558
7081	160
7082	337
7083	324
7084	572
7085	574
7086	576
7087	618
7088	575
7089	663
7090	710
7091	504
7092	661
7093	511
7094	703
7095	732
7096	471
7097	338
7098	411
7099	524
7100	265
7101	241
7102	1094
7103	287
7104	187
7105	323
7106	456
7107	273
7108	295
7109	406
7110	374
7111	163
7112	1316
7113	1914
7114	231
7115	188
7116	168
7117	158
7118	103
7119	172
7120	906
7121	751
7122	552
7123	913
7124	521
7125	705
7126	529
7127	685
7128	1039
7129	478
7130	633
7131	367
7132	659
7133	386
7134	655
7135	434
7136	667
7137	149
7138	455
7139	561
7140	534
7141	572
7142	555
7143	591
7144	61
7145	100
7146	63
7147	119
7148	101
7149	139
7150	160
7151	322
7152	1144
7153	507
7154	297
7155	530
7156	205
7157	985
7158	75
7159	430
7160	1152
7161	492
7162	340
7163	295
7164	325
7165	282
7166	391
7167	474
7168	536
7169	146
7170	107
7171	630
7172	880
7173	653
7174	420
7175	641
7176	615
7177	474
7178	452
7179	61
7180	173
7181	594
7182	265
7183	287
7184	324
7185	248
7186	271
7187	793
7188	223
7189	38
7190	383
7191	1088
7192	1025
7193	924
7194	634
7195	120
7196	154
7197	221
7198	260
7199	298
7200	323
7201	696
7202	358
7203	447
7204	382
7205	401
7206	413
7207	428
7208	437
7209	456
7210	451
7211	455
7212	399
7213	442
7214	45
7215	86
7216	223
7217	105
7218	452
7219	1032
7220	555
7221	1660
7222	268
7223	301
7224	334
7225	347
7226	374
7227	391
7228	408
7229	418
7230	173
7231	208
7232	235
7233	263
7234	288
7235	322
7236	328
7237	348
7238	371
7239	388
7240	335
7241	345
7242	734
7243	408
7244	707
7245	401
7246	523
7247	486
7248	453
7249	322
7250	342
7251	366
7252	193
7253	91
7254	430
7255	323
7256	351
7257	705
7258	304
7259	361
7260	145
7261	389
7262	192
7263	344
7264	181
7265	237
7266	232
7267	167
7268	874
7269	278
7270	385
7271	233
7272	121
7273	354
7274	231
7275	564
7276	421
7277	649
7278	545
7279	96
7280	261
7281	294
7282	291
7283	265
7284	196
7285	250
7286	493
7287	309
7288	348
7289	76
7290	417
7291	217
7292	429
7293	422
7294	418
7295	364
7296	262
7297	47
7298	77
7299	160
7300	333
7301	424
7302	277
7303	101
7304	126
7305	161
7306	260
7307	270
7308	236
7309	456
7310	286
7311	487
7312	436
7313	421
7314	169
7315	40
7316	1209
7317	310
7318	200
7319	193
7320	1184
7321	611
7322	822
7323	214
7324	1739
7325	383
7326	244
7327	379
7328	459
7329	476
7330	170
7331	311
7332	194
7333	281
7334	234
7335	251
7336	345
7337	267
7338	212
7339	179
7340	154
7341	121
7342	111
7343	146
7344	542
7345	204
7346	510
7347	257
7348	481
7349	394
7350	374
7351	442
7352	63
7353	540
7354	417
7355	437
7356	610
7357	602
7358	607
7359	97
7360	365
7361	439
7362	63
7363	429
7364	406
7365	347
7366	399
7367	365
7368	1137
7369	827
7370	249
7371	365
7372	100
7373	416
7374	472
7375	160
7376	182
7377	458
7378	223
7379	478
7380	259
7381	470
7382	214
7383	726
7384	391
7385	423
7386	362
7387	436
7388	161
7389	669
7390	338
7391	231
7392	195
7393	204
7394	231
7395	170
7396	242
7397	136
7398	294
7399	248
7400	196
7401	427
7402	477
7403	140
7404	782
7405	212
7406	860
7407	125
7408	199
7409	488
7410	346
7411	99
7412	329
7413	367
7414	285
7415	143
7416	342
7417	623
7418	637
7419	205
7420	309
7421	258
7422	81
7423	682
7424	239
7425	171
7426	304
7427	505
7428	501
7429	497
7430	505
7431	910
7432	672
7433	251
7434	181
7435	212
7436	605
7437	72
7438	242
7439	235
7440	139
7441	179
7442	213
7443	484
7444	241
7445	258
7446	372
7447	203
7448	42
7449	670
7450	416
7451	421
7452	576
7453	279
7454	968
7455	173
7456	817
7457	824
7458	380
7459	389
7460	314
7461	286
7462	276
7463	303
7464	324
7465	252
7466	712
7467	192
7468	185
7469	585
7470	758
7471	916
7472	513
7473	198
7474	311
7475	1546
7476	403
7477	512
7478	296
7479	700
7480	366
7481	318
7482	313
7483	780
7484	280
7485	161
7486	302
7487	118
7488	407
7489	395
7490	269
7491	276
7492	463
7493	553
7494	201
7495	160
7496	302
7497	352
7498	81
7499	379
7500	326
7501	195
7502	247
7503	215
7504	250
7505	154
7506	188
7507	284
7508	230
7509	222
7510	428
7511	239
7512	435
7513	209
7514	451
7515	432
7516	441
7517	258
7518	410
7519	568
7520	568
7521	535
7522	140
7523	50
7524	97
7525	417
7526	389
7527	425
7528	760
7529	408
7530	200
7531	161
7532	141
7533	571
7534	1177
7535	430
7536	1079
7537	289
7538	167
7539	258
7540	287
7541	49
7542	128
7543	399
7544	209
7545	373
7546	402
7547	106
7548	249
7549	276
7550	129
7551	110
7552	140
7553	423
7554	168
7555	425
7556	418
7557	389
7558	810
7559	214
7560	369
7561	358
7562	355
7563	78
7564	348
7565	175
7566	378
7567	287
7568	391
7569	141
7570	146
7571	266
7572	114
7573	297
7574	69
7575	255
7576	226
7577	646
7578	400
7579	175
7580	170
7581	225
7582	132
7583	243
7584	100
7585	276
7586	293
7587	63
7588	245
7589	303
7590	11
7591	186
7592	146
7593	381
7594	528
7595	257
7596	522
7597	284
7598	88
7599	259
7600	101
7601	42
7602	235
7603	230
7604	471
7605	302
7606	365
7607	737
7608	735
7609	291
7610	246
7611	79
7612	271
7613	91
7614	681
7615	663
7616	570
7617	431
7618	265
7619	442
7620	244
7621	406
7622	220
7623	576
7624	590
7625	595
7626	169
7627	411
7628	134
7629	419
7630	102
7631	56
7632	332
7633	143
7634	667
7635	865
7636	259
7637	457
7638	850
7639	448
7640	815
7641	592
7642	645
7643	438
7644	285
7645	187
7646	234
7647	150
7648	100
7649	75
7650	199
7651	367
7652	233
7653	352
7654	281
7655	344
7656	321
7657	429
7658	1044
7659	524
7660	188
7661	213
7662	97
7663	135
7664	110
7665	206
7666	200
7667	303
7668	260
7669	472
7670	479
7671	257
7672	241
7673	689
7674	666
7675	191
7676	165
7677	192
7678	128
7679	78
7680	126
7681	72
7682	210
7683	680
7684	760
7685	576
7686	758
7687	600
7688	587
7689	748
7690	471
7691	1775
7692	879
7693	451
7694	43
7695	160
7696	165
7697	1110
7698	340
7699	214
7700	143
7701	196
7702	736
7703	235
7704	86
7705	420
7706	173
7707	1130
7708	131
7709	1097
7710	799
7711	344
7712	94
7713	360
7714	71
7715	552
7716	389
7717	431
7718	834
7719	66
7720	857
7721	419
7722	486
7723	433
7724	450
7725	139
7726	428
7727	459
7728	314
7729	388
7730	297
7731	392
7732	192
7733	528
7734	625
7735	520
7736	262
7737	561
7738	504
7739	573
7740	404
7741	349
7742	252
7743	368
7744	415
7745	90
7746	214
7747	120
7748	256
7749	110
7750	236
7751	470
7752	45
7753	247
7754	237
7755	254
7756	204
7757	896
7758	152
7759	433
7760	357
7761	278
7762	221
7763	247
7764	305
7765	301
7766	383
7767	161
7768	151
7769	229
7770	138
7771	198
7772	295
7773	354
7774	316
7775	333
7776	339
7777	305
7778	363
7779	471
7780	489
7781	803
7782	174
7783	602
7784	242
7785	106
7786	229
7787	362
7788	261
7789	340
7790	288
7791	320
7792	313
7793	293
7794	410
7795	552
7796	311
7797	1061
7798	461
7799	1257
7800	387
7801	848
7802	408
7803	250
7804	285
7805	299
7806	132
7807	403
7808	393
7809	430
7810	400
7811	61
7812	103
7813	136
7814	242
7815	264
7816	498
7817	352
7818	63
7819	85
7820	188
7821	537
7822	165
7823	359
7824	181
7825	431
7826	480
7827	113
7828	223
7829	228
7830	163
7831	115
7832	434
7833	70
7834	120
7835	179
7836	102
7837	66
7838	541
7839	1498
7840	532
7841	1433
7842	263
7843	135
7844	306
7845	82
7846	152
7847	59
7848	62
7849	129
7850	369
7851	745
7852	956
7853	543
7854	550
7855	1129
7856	232
7857	785
7858	225
7859	261
7860	251
7861	232
7862	551
7863	265
7864	573
7865	540
7866	213
7867	341
7868	166
7869	305
7870	226
7871	275
7872	259
7873	100
7874	177
7875	533
7876	599
7877	349
7878	36
7879	414
7880	410
7881	255
7882	502
7883	680
7884	69
7885	270
7886	292
7887	334
7888	37
7889	332
7890	392
7891	75
7892	317
7893	439
7894	494
7895	206
7896	502
7897	595
7898	503
7899	466
7900	571
7901	603
7902	252
7903	292
7904	318
7905	344
7906	319
7907	335
7908	347
7909	690
7910	636
7911	267
7912	201
7913	121
7914	335
7915	230
7916	239
7917	223
7918	259
7919	155
7920	194
7921	209
7922	176
7923	33
7924	120
7925	181
7926	282
7927	301
7928	850
7929	200
7930	435
7931	150
7932	333
7933	345
7934	480
7935	801
7936	144
7937	256
7938	249
7939	285
7940	156
7941	88
7942	78
7943	181
7944	527
7945	47
7946	221
7947	154
7948	411
7949	324
7950	232
7951	239
7952	762
7953	640
7954	377
7955	975
7956	625
7957	729
7958	722
7959	634
7960	244
7961	266
7962	425
7963	558
7964	205
7965	1123
7966	1130
7967	47
7968	571
7969	219
7970	70
7971	465
7972	304
7973	157
7974	95
7975	203
7976	125
7977	158
7978	180
7979	383
7980	400
7981	125
7982	454
7983	433
7984	430
7985	417
7986	411
7987	713
7988	52
7989	469
7990	95
7991	145
7992	117
7993	166
7994	75
7995	247
7996	902
7997	510
7998	502
7999	423
8000	282
8001	370
8002	352
8003	446
8004	101
8005	176
8006	904
8007	291
8008	357
8009	1996
8010	186
8011	248
8012	346
8013	182
8014	203
8015	139
8016	110
8017	582
8018	697
8019	665
8020	185
8021	348
8022	213
8023	67
8024	379
8025	338
8026	433
8027	333
8028	997
8029	283
8030	292
8031	262
8032	309
8033	230
8034	549
8035	309
8036	339
8037	363
8038	74
8039	131
8040	169
8041	411
8042	131
8043	608
8044	109
8045	409
8046	86
8047	421
8048	61
8049	370
8050	34
8051	359
8052	662
8053	368
8054	385
8055	655
8056	135
8057	291
8058	204
8059	422
8060	509
8061	469
8062	311
8063	91
8064	85
8065	226
8066	314
8067	257
8068	294
8069	180
8070	214
8071	139
8072	114
8073	92
8074	309
8075	334
8076	654
8077	386
8078	481
8079	167
8080	263
8081	724
8082	189
8083	970
8084	309
8085	309
8086	373
8087	158
8088	352
8089	305
8090	301
8091	668
8092	403
8093	431
8094	666
8095	233
8096	295
8097	628
8098	671
8099	347
8100	371
8101	382
8102	331
8103	581
8104	500
8105	241
8106	667
8107	128
8108	263
8109	327
8110	222
8111	362
8112	571
8113	438
8114	222
8115	252
8116	367
8117	285
8118	375
8119	253
8120	385
8121	211
8122	399
8123	190
8124	292
8125	257
8126	919
8127	148
8128	139
8129	324
8130	91
8131	353
8132	209
8133	222
8134	78
8135	372
8136	220
8137	310
8138	423
8139	210
8140	443
8141	360
8142	278
8143	282
8144	232
8145	741
8146	489
8147	727
8148	699
8149	147
8150	468
8151	515
8152	321
8153	148
8154	309
8155	95
8156	332
8157	412
8158	372
8159	392
8160	268
8161	372
8162	295
8163	359
8164	320
8165	327
8166	352
8167	386
8168	265
8169	229
8170	259
8171	4
8172	731
8173	398
8174	415
8175	274
8176	184
8177	204
8178	141
8179	235
8180	287
8181	267
8182	321
8183	331
8184	101
8185	91
8186	126
8187	260
8188	501
8189	873
8190	197
8191	408
8192	393
8193	196
8194	196
8195	391
8196	105
8197	405
8198	630
8199	327
8200	349
8201	232
8202	324
8203	351
8204	725
8205	1013
8206	185
8207	76
8208	240
8209	37
8210	255
8211	538
8212	419
8213	606
8214	383
8215	310
8216	550
8217	267
8218	436
8219	263
8220	360
8221	390
8222	389
8223	680
8224	350
8225	104
8226	31
8227	190
8228	474
8229	295
8230	497
8231	273
8232	507
8233	333
8234	421
8235	474
8236	554
8237	371
8238	378
8239	474
8240	182
8241	118
8242	78
8243	188
8244	462
8245	278
8246	389
8247	391
8248	231
8249	480
8250	344
8251	348
8252	118
8253	592
8254	199
8255	213
8256	228
8257	189
8258	261
8259	156
8260	592
8261	183
8262	289
8263	146
8264	826
8265	853
8266	123
8267	232
8268	222
8269	498
8270	291
8271	385
8272	588
8273	194
8274	269
8275	277
8276	196
8277	570
8278	500
8279	447
8280	497
8281	172
8282	157
8283	39
8284	375
8285	412
8286	329
8287	755
8288	147
8289	206
8290	239
8291	210
8292	403
8293	292
8294	261
8295	411
8296	230
8297	344
8298	210
8299	242
8300	365
8301	390
8302	668
8303	534
8304	654
8305	50
8306	210
8307	226
8308	236
8309	258
8310	234
8311	999
8312	338
8313	415
8314	118
8315	182
8316	428
8317	439
8318	436
8319	50
8320	81
8321	398
8322	1746
8323	393
8324	151
8325	172
8326	426
8327	281
8328	225
8329	249
8330	289
8331	822
8332	123
8333	346
8334	350
8335	330
8336	213
8337	231
8338	256
8339	287
8340	298
8341	323
8342	335
8343	130
8344	170
8345	220
8346	167
8347	263
8348	125
8349	301
8350	89
8351	98
8352	488
8353	511
8354	117
8355	187
8356	316
8357	172
8358	220
8359	652
8360	25
8361	292
8362	288
8363	211
8364	206
8365	410
8366	406
8367	481
8368	390
8369	222
8370	493
8371	506
8372	370
8373	399
8374	429
8375	600
8376	367
8377	471
8378	201
8379	30
8380	264
8381	459
8382	163
8383	201
8384	216
8385	235
8386	352
8387	263
8388	336
8389	589
8390	53
8391	569
8392	157
8393	359
8394	275
8395	805
8396	274
8397	67
8398	145
8399	432
8400	125
8401	92
8402	437
8403	83
8404	221
8405	447
8406	480
8407	115
8408	164
8409	705
8410	335
8411	340
8412	419
8413	569
8414	522
8415	369
8416	491
8417	59
8418	705
8419	56
8420	97
8421	47
8422	228
8423	209
8424	230
8425	217
8426	311
8427	157
8428	329
8429	155
8430	301
8431	81
8432	269
8433	118
8434	134
8435	538
8436	572
8437	555
8438	368
8439	232
8440	540
8441	573
8442	597
8443	1006
8444	268
8445	88
8446	308
8447	539
8448	253
8449	511
8450	380
8451	623
8452	385
8453	150
8454	529
8455	221
8456	536
8457	187
8458	265
8459	215
8460	263
8461	297
8462	342
8463	382
8464	412
8465	440
8466	443
8467	466
8468	231
8469	815
8470	820
8471	266
8472	141
8473	231
8474	175
8475	201
8476	77
8477	295
8478	287
8479	293
8480	329
8481	274
8482	350
8483	244
8484	370
8485	275
8486	329
8487	441
8488	192
8489	263
8490	343
8491	280
8492	274
8493	320
8494	267
8495	86
8496	67
8497	273
8498	191
8499	370
8500	299
8501	591
8502	141
8503	307
8504	32
8505	737
8506	200
8507	78
8508	739
8509	110
8510	146
8511	184
8512	745
8513	254
8514	278
8515	308
8516	332
8517	75
8518	102
8519	141
8520	171
8521	321
8522	120
8523	255
8524	885
8525	274
8526	296
8527	304
8528	368
8529	391
8530	832
8531	487
8532	690
8533	467
8534	691
8535	441
8536	672
8537	197
8538	158
8539	111
8540	72
8541	214
8542	194
8543	735
8544	553
8545	935
8546	648
8547	586
8548	717
8549	620
8550	230
8551	269
8552	119
8553	443
8554	205
8555	240
8556	431
8557	436
8558	281
8559	459
8560	557
8561	90
8562	929
8563	685
8564	285
8565	42
8566	134
8567	61
8568	119
8569	5272
8570	158
8571	3317
8572	120
8573	227
8574	118
8575	176
8576	326
8577	206
8578	493
8579	486
8580	203
8581	483
8582	455
8583	231
8584	445
8585	256
8586	275
8587	434
8588	157
8589	196
8590	195
8591	223
8592	260
8593	309
8594	149
8595	231
8596	187
8597	175
8598	432
8599	211
8600	411
8601	385
8602	420
8603	52
8604	135
8605	64
8606	106
8607	510
8608	66
8609	52
8610	868
8611	1880
8612	97
8613	186
8614	89
8615	255
8616	354
8617	326
8618	581
8619	106
8620	161
8621	120
8622	191
8623	77
8624	183
8625	30
8626	415
8627	532
8628	537
8629	645
8630	368
8631	594
8632	596
8633	480
8634	159
8635	426
8636	206
8637	346
8638	468
8639	292
8640	363
8641	1066
8642	80
8643	95
8644	637
8645	893
8646	363
8647	488
8648	374
8649	236
8650	194
8651	251
8652	151
8653	271
8654	115
8655	295
8656	79
8657	277
8658	42
8659	394
8660	311
8661	334
8662	278
8663	718
8664	637
8665	339
8666	378
8667	325
8668	312
8669	379
8670	460
8671	271
8672	251
8673	285
8674	219
8675	312
8676	295
8677	184
8678	681
8679	147
8680	110
8681	101
8682	749
8683	130
8684	682
8685	871
8686	169
8687	209
8688	870
8689	1023
8690	86
8691	127
8692	167
8693	188
8694	369
8695	399
8696	224
8697	254
8698	271
8699	312
8700	336
8701	176
8702	568
8703	845
8704	338
8705	340
8706	201
8707	326
8708	138
8709	422
8710	479
8711	521
8712	66
8713	433
8714	496
8715	119
8716	171
8717	310
8718	42
8719	288
8720	79
8721	272
8722	118
8723	674
8724	561
8725	147
8726	280
8727	246
8728	171
8729	219
8730	246
8731	286
8732	181
8733	319
8734	176
8735	439
8736	351
8737	54
8738	94
8739	536
8740	492
8741	193
8742	198
8743	235
8744	206
8745	470
8746	255
8747	196
8748	265
8749	220
8750	997
8751	170
8752	81
8753	420
8754	138
8755	287
8756	119
8757	256
8758	380
8759	85
8760	750
8761	377
8762	279
8763	208
8764	512
8765	497
8766	503
8767	259
8768	330
8769	664
8770	130
8771	275
8772	247
8773	878
8774	347
8775	405
8776	562
8777	218
8778	235
8779	285
8780	294
8781	450
8782	202
8783	705
8784	210
8785	241
8786	453
8787	340
8788	327
8789	298
8790	549
8791	328
8792	469
8793	859
8794	458
8795	326
8796	328
8797	341
8798	566
8799	260
8800	480
8801	38
8802	390
8803	157
8804	62
8805	122
8806	528
8807	130
8808	52
8809	250
8810	335
8811	252
8812	211
8813	323
8814	301
8815	1022
8816	823
8817	247
8818	445
8819	238
8820	447
8821	306
8822	157
8823	304
8824	340
8825	400
8826	52
8827	100
8828	338
8829	289
8830	204
8831	139
8832	228
8833	94
8834	252
8835	52
8836	543
8837	157
8838	189
8839	228
8840	230
8841	289
8842	400
8843	276
8844	86
8845	331
8846	289
8847	324
8848	306
8849	278
8850	115
8851	317
8852	179
8853	125
8854	120
8855	235
8856	273
8857	313
8858	286
8859	296
8860	165
8861	196
8862	559
8863	408
8864	544
8865	478
8866	468
8867	33
8868	223
8869	274
8870	220
8871	238
8872	242
8873	196
8874	249
8875	159
8876	374
8877	384
8878	373
8879	470
8880	413
8881	397
8882	175
8883	365
8884	259
8885	335
8886	299
8887	164
8888	84
8889	669
8890	121
8891	675
8892	623
8893	523
8894	609
8895	180
8896	309
8897	325
8898	344
8899	368
8900	576
8901	346
8902	506
8903	466
8904	564
8905	629
8906	410
8907	659
8908	109
8909	155
8910	271
8911	194
8912	236
8913	279
8914	60
8915	100
8916	137
8917	264
8918	183
8919	315
8920	99
8921	149
8922	526
8923	511
8924	806
8925	187
8926	352
8927	606
8928	27
8929	450
8930	81
8931	46
8932	39
8933	83
8934	9
8935	13
8936	187
8937	336
8938	244
8939	193
8940	722
8941	15
8942	378
8943	395
8944	415
8945	157
8946	663
8947	509
8948	850
8949	101
8950	63
8951	228
8952	407
8953	96
8954	413
8955	145
8956	413
8957	115
8958	68
8959	377
8960	176
8961	115
8962	386
8963	460
8964	291
8965	227
8966	192
8967	167
8968	142
8969	258
8970	215
8971	206
8972	239
8973	201
8974	315
8975	368
8976	421
8977	443
8978	311
8979	267
8980	481
8981	522
8982	518
8983	536
8984	523
8985	527
8986	513
8987	531
8988	591
8989	626
8990	313
8991	494
8992	338
8993	478
8994	362
8995	463
8996	379
8997	451
8998	53
8999	897
9000	506
9001	313
9002	302
9003	265
9004	392
9005	99
9006	375
9007	383
9008	88
9009	270
9010	332
9011	149
9012	362
9013	251
9014	369
9015	496
9016	1130
9017	1091
9018	502
9019	46
9020	84
9021	502
9022	117
9023	500
9024	156
9025	481
9026	186
9027	469
9028	277
9029	310
9030	302
9031	70
9032	114
9033	153
9034	356
9035	378
9036	411
9037	439
9038	453
9039	209
9040	246
9041	446
9042	317
9043	81
9044	115
9045	183
9046	219
9047	171
9048	54
9049	182
9050	316
9051	390
9052	413
9053	201
9054	369
9055	306
9056	75
9057	546
9058	467
9059	231
9060	451
9061	265
9062	435
9063	264
9064	311
9065	744
9066	648
9067	695
9068	311
9069	273
9070	393
9071	222
9072	1056
9073	100
9074	204
9075	336
9076	226
9077	81
9078	428
9079	298
9080	325
9081	337
9082	381
9083	365
9084	374
9085	205
9086	342
9087	242
9088	309
9089	272
9090	286
9091	287
9092	239
9093	366
9094	134
9095	199
9096	828
9097	212
9098	262
9099	488
9100	276
9101	473
9102	294
9103	481
9104	318
9105	473
9106	216
9107	1099
9108	341
9109	962
9110	500
9111	482
9112	1256
9113	1171
9114	176
9115	633
9116	265
9117	298
9118	267
9119	432
9120	472
9121	537
9122	543
9123	230
9124	296
9125	285
9126	195
9127	558
9128	257
9129	249
9130	36
9131	908
9132	571
9133	324
9134	726
9135	415
9136	578
9137	199
9138	927
9139	224
9140	607
9141	124
9142	604
9143	90
9144	36
9145	356
9146	376
9147	285
9148	223
9149	99
9150	262
9151	62
9152	247
9153	33
9154	329
9155	602
9156	274
9157	564
9158	270
9159	210
9160	84
9161	126
9162	337
9163	388
9164	387
9165	300
9166	303
9167	288
9168	145
9169	206
9170	411
9171	427
9172	573
9173	632
9174	77
9175	240
9176	175
9177	132
9178	438
9179	403
9180	129
9181	475
9182	164
9183	457
9184	199
9185	449
9186	239
9187	430
9188	265
9189	429
9190	299
9191	410
9192	328
9193	393
9194	344
9195	342
9196	420
9197	664
9198	491
9199	343
9200	376
9201	385
9202	336
9203	248
9204	287
9205	211
9206	150
9207	106
9208	308
9209	141
9210	296
9211	312
9212	592
9213	596
9214	332
9215	290
9216	175
9217	265
9218	193
9219	314
9220	427
9221	403
9222	434
9223	338
9224	184
9225	319
9226	138
9227	346
9228	48
9229	402
9230	528
9231	60
9232	303
9233	711
9234	46
9235	77
9236	104
9237	120
9238	157
9239	201
9240	191
9241	405
9242	161
9243	193
9244	259
9245	267
9246	83
9247	309
9248	1250
9249	245
9250	355
9251	659
9252	229
9253	71
9254	216
9255	497
9256	247
9257	916
9258	422
9259	234
9260	97
9261	470
9262	44
9263	41
9264	43
9265	112
9266	160
9267	129
9268	97
9269	200
9270	240
9271	264
9272	278
9273	187
9274	210
9275	600
9276	240
9277	240
9278	273
9279	183
9280	644
9281	206
9282	671
9283	418
9284	320
9285	346
9286	331
9287	148
9288	28
9289	587
9290	300
9291	428
9292	260
9293	1032
9294	139
9295	343
9296	130
9297	677
9298	783
9299	317
9300	360
9301	39
9302	347
9303	81
9304	322
9305	117
9306	82
9307	270
9308	241
9309	128
9310	270
9311	359
9312	367
9313	372
9314	348
9315	334
9316	316
9317	304
9318	220
9319	168
9320	143
9321	287
9322	177
9323	548
9324	617
9325	169
9326	489
9327	403
9328	214
9329	180
9330	410
9331	142
9332	95
9333	619
9334	622
9335	268
9336	1200
9337	601
9338	618
9339	302
9340	73
9341	35
9342	454
9343	463
9344	438
9345	246
9346	138
9347	429
9348	402
9349	213
9350	371
9351	32
9352	429
9353	392
9354	421
9355	358
9356	100
9357	117
9358	124
9359	84
9360	294
9361	276
9362	125
9363	482
9364	681
9365	232
9366	227
9367	363
9368	382
9369	384
9370	58
9371	95
9372	134
9373	161
9374	195
9375	331
9376	171
9377	321
9378	196
9379	348
9380	113
9381	463
9382	442
9383	248
9384	168
9385	204
9386	204
9387	175
9388	241
9389	137
9390	370
9391	92
9392	150
9393	219
9394	263
9395	297
9396	399
9397	327
9398	470
9399	178
9400	247
9401	42
9402	58
9403	66
9404	397
9405	380
9406	344
9407	370
9408	137
9409	203
9410	84
9411	159
9412	252
9413	312
9414	389
9415	414
9416	575
9417	112
9418	353
9419	387
9420	365
9421	393
9422	412
9423	1191
9424	207
9425	517
9426	872
9427	167
9428	173
9429	209
9430	241
9431	929
9432	1345
9433	1373
9434	109
9435	348
9436	368
9437	66
9438	369
9439	177
9440	308
9441	172
9442	450
9443	140
9444	464
9445	110
9446	460
9447	74
9448	428
9449	33
9450	322
9451	346
9452	183
9453	732
9454	51
9455	77
9456	394
9457	54
9458	342
9459	313
9460	296
9461	536
9462	585
9463	563
9464	225
9465	1091
9466	343
9467	1077
9468	912
9469	250
9470	57
9471	135
9472	266
9473	284
9474	281
9475	296
9476	245
9477	310
9478	141
9479	999
9480	289
9481	525
9482	757
9483	213
9484	263
9485	179
9486	282
9487	147
9488	295
9489	114
9490	305
9491	75
9492	289
9493	306
9494	306
9495	83
9496	165
9497	141
9498	477
9499	119
9500	100
9501	279
9502	230
9503	180
9504	300
9505	189
9506	213
9507	66
9508	175
9509	291
9510	299
9511	246
9512	218
9513	360
9514	189
9515	345
9516	198
9517	197
9518	265
9519	125
9520	275
9521	304
9522	296
9523	513
9524	165
9525	143
9526	194
9527	106
9528	66
9529	657
9530	95
9531	90
9532	339
9533	47
9534	87
9535	279
9536	119
9537	155
9538	187
9539	499
9540	434
9541	121
9542	59
9543	93
9544	256
9545	128
9546	321
9547	579
9548	326
9549	356
9550	381
9551	395
9552	420
9553	95
9554	253
9555	130
9556	157
9557	86
9558	702
9559	253
9560	229
9561	263
9562	208
9563	627
9564	223
9565	545
9566	646
9567	126
9568	221
9569	186
9570	171
9571	517
9572	364
9573	550
9574	510
9575	407
9576	540
9577	91
9578	122
9579	114
9580	248
9581	47
9582	133
9583	301
9584	314
9585	520
9586	394
9587	411
9588	203
9589	521
9590	1948
9591	419
9592	429
9593	433
9594	1204
9595	3652
9596	53
9597	302
9598	578
9599	337
9600	575
9601	659
9602	895
9603	289
9604	53
9605	213
9606	149
9607	598
9608	389
9609	242
9610	465
9611	288
9612	1149
9613	79
9614	218
9615	219
9616	54
9617	211
9618	287
9619	111
9620	92
9621	336
9622	306
9623	241
9624	519
9625	392
9626	188
9627	118
9628	556
9629	222
9630	494
9631	343
9632	172
9633	200
9634	205
9635	272
9636	132
9637	80
9638	90
9639	123
9640	59
9641	88
9642	96
9643	139
9644	47
9645	102
9646	185
9647	78
9648	108
9649	566
9650	290
9651	262
9652	188
9653	693
9654	219
9655	137
9656	249
9657	266
9658	196
9659	67
9660	196
9661	32
9662	98
9663	246
9664	556
9665	418
9666	150
9667	179
9668	235
9669	484
9670	131
9671	198
9672	95
9673	233
9674	200
9675	74
9676	146
9677	248
9678	242
9679	69
9680	408
9681	55
9682	327
9683	525
9684	233
9685	530
9686	209
9687	264
9688	278
9689	313
9690	521
9691	219
9692	251
9693	384
9694	288
9695	81
9696	312
9697	246
9698	163
9699	382
9700	384
9701	272
9702	654
9703	484
9704	372
9705	516
9706	88
9707	312
9708	353
9709	314
9710	119
9711	518
9712	269
9713	189
9714	128
9715	157
9716	161
9717	113
9718	194
9719	140
9720	315
9721	219
9722	255
9723	672
9724	394
9725	50
9726	198
9727	665
9728	205
9729	281
9730	44
9731	252
9732	267
9733	143
9734	563
9735	453
9736	448
9737	433
9738	411
9739	408
9740	230
9741	489
9742	377
9743	367
9744	185
9745	84
9746	288
9747	83
9748	271
9749	571
9750	585
9751	265
9752	558
9753	916
9754	250
9755	427
9756	263
9757	397
9758	80
9759	34
9760	60
9761	35
9762	20
9763	405
9764	513
9765	327
9766	180
9767	84
9768	221
9769	604
9770	537
9771	413
9772	180
9773	419
9774	480
9775	347
9776	362
9777	469
9778	165
9779	382
9780	457
9781	400
9782	454
9783	429
9784	388
9785	515
9786	60
9787	332
9788	329
9789	100
9790	508
9791	155
9792	519
9793	51
9794	18
9795	753
9796	63
9797	100
9798	69
9799	1054
9800	157
9801	125
9802	257
9803	214
9804	277
9805	312
9806	185
9807	346
9808	367
9809	383
9810	389
9811	1038
9812	755
9813	224
9814	703
9815	318
9816	336
9817	332
9818	130
9819	82
9820	36
9821	256
9822	294
9823	322
9824	351
9825	427
9826	224
9827	252
9828	224
9829	117
9830	270
9831	327
9832	285
9833	201
9834	419
9835	537
9836	321
9837	661
9838	158
9839	570
9840	251
9841	609
9842	142
9843	465
9844	208
9845	364
9846	285
9847	107
9848	294
9849	75
9850	152
9851	402
9852	50
9853	360
9854	178
9855	168
9856	213
9857	333
9858	348
9859	498
9860	210
9861	363
9862	310
9863	241
9864	764
9865	1976
9866	749
9867	477
9868	475
9869	746
9870	525
9871	424
9872	163
9873	243
9874	39
9875	851
9876	583
9877	248
9878	229
9879	262
9880	212
9881	182
9882	284
9883	330
9884	138
9885	356
9886	106
9887	587
9888	472
9889	148
9890	156
9891	122
9892	316
9893	191
9894	278
9895	379
9896	763
9897	214
9898	248
9899	219
9900	439
9901	371
9902	252
9903	329
9904	447
9905	144
9906	401
9907	1329
9908	418
9909	323
9910	422
9911	285
9912	438
9913	251
9914	380
9915	353
9916	471
9917	53
9918	87
9919	127
9920	462
9921	353
9922	322
9923	386
9924	270
9925	106
9926	94
9927	72
9928	127
9929	308
9930	204
9931	325
9932	167
9933	144
9934	118
9935	313
9936	195
9937	133
9938	206
9939	282
9940	70
9941	255
9942	130
9943	55
9944	76
9945	123
9946	369
9947	286
9948	321
9949	369
9950	205
9951	133
9952	68
9953	426
9954	222
9955	81
9956	444
9957	232
9958	403
9959	220
9960	304
9961	403
9962	337
9963	831
9964	264
9965	262
9966	309
9967	402
9968	718
9969	564
9970	277
9971	219
9972	252
9973	267
9974	274
9975	254
9976	303
9977	230
9978	339
9979	156
9980	279
9981	372
9982	300
9983	361
9984	168
9985	45
9986	158
9987	132
9988	578
9989	155
9990	352
9991	94
9992	104
9993	320
9994	118
9995	78
9996	332
9997	40
9998	299
9999	128
10000	314
10001	165
10002	285
10003	263
10004	31
10005	134
10006	51
10007	119
10008	123
10009	152
10010	211
10011	91
10012	54
10013	106
10014	148
10015	195
10016	262
10017	286
10018	326
10019	130
10020	73
10021	39
10022	358
10023	247
10024	324
10025	913
10026	383
10027	132
10028	277
10029	294
10030	156
10031	376
10032	359
10033	278
10034	345
10035	302
10036	295
10037	479
10038	326
10039	467
10040	422
10041	363
10042	296
10043	75
10044	143
10045	415
10046	313
10047	408
10048	202
10049	245
10050	162
10051	73
10052	98
10053	131
10054	404
10055	426
10056	400
10057	285
10058	404
10059	191
10060	167
10061	141
10062	434
10063	136
10064	471
10065	263
10066	272
10067	302
10068	296
10069	415
10070	200
10071	560
10072	429
10073	1843
10074	210
10075	227
10076	133
10077	280
10078	314
10079	333
10080	370
10081	496
10082	48
10083	180
10084	79
10085	143
10086	106
10087	109
10088	141
10089	70
10090	154
10091	132
10092	370
10093	261
10094	185
10095	131
10096	316
10097	60
10098	315
10099	174
10100	234
10101	308
10102	205
10103	273
10104	246
10105	406
10106	381
10107	622
10108	137
10109	349
10110	266
10111	329
10112	458
10113	518
10114	385
10115	50
10116	326
10117	44
10118	290
10119	258
10120	191
10121	39
10122	33
10123	109
10124	31
10125	67
10126	46
10127	406
10128	362
10129	229
10130	140
10131	201
10132	653
10133	230
10134	663
10135	231
10136	649
10137	107
10138	258
10139	278
10140	63
10141	73
10142	40
10143	577
10144	209
10145	228
10146	831
10147	169
10148	254
10149	217
10150	324
10151	230
10152	227
10153	669
10154	319
10155	64
10156	192
10157	607
10158	190
10159	147
10160	384
10161	214
10162	60
10163	198
10164	477
10165	160
10166	165
10167	122
10168	407
10169	192
10170	342
10171	313
10172	229
10173	375
10174	259
10175	329
10176	235
10177	360
10178	213
10179	180
10180	377
10181	393
10182	148
10183	413
10184	114
10185	424
10186	77
10187	74
10188	120
10189	407
10190	220
10191	422
10192	82
10193	415
10194	122
10195	151
10196	402
10197	183
10198	384
10199	218
10200	379
10201	255
10202	350
10203	1052
10204	180
10205	284
10206	134
10207	314
10208	332
10209	466
10210	91
10211	39
10212	366
10213	383
10214	394
10215	408
10216	112
10217	155
10218	185
10219	302
10220	406
10221	35
10222	193
10223	197
10224	123
10225	276
10226	294
10227	320
10228	340
10229	402
10230	305
10231	340
10232	379
10233	299
10234	195
10235	225
10236	258
10237	355
10238	73
10239	26
10240	77
10241	NaN
10242	NaN
10243	192
10244	212
10245	9
10246	187
10247	337
10248	178
10249	354
10250	124
10251	164
10252	194
10253	157
10254	205
10255	145
10256	241
10257	249
10258	232
10259	123
10260	200
10261	199
10262	175
10263	343
10264	362
10265	54
10266	41
10267	194
10268	225
10269	255
10270	110
10271	334
10272	994
10273	326
10274	528
10275	435
10276	192
10277	224
10278	257
10279	125
10280	87
10281	286
10282	50
10283	381
10284	352
10285	303
10286	148
10287	325
10288	304
10289	276
10290	334
10291	256
10292	759
10293	327
10294	227
10295	239
10296	458
10297	351
10298	320
10299	27
10300	59
10301	61
10302	248
10303	279
10304	108
10305	69
10306	39
10307	324
10308	153
10309	35
10310	359
10311	343
10312	111
10313	353
10314	70
10315	423
10316	235
10317	321
10318	197
10319	350
10320	159
10321	376
10322	120
10323	402
10324	78
10325	323
10326	293
10327	154
10328	491
10329	238
10330	105
10331	880
10332	247
10333	289
10334	918
10335	354
10336	284
10337	594
10338	570
10339	705
10340	263
10341	101
10342	121
10343	83
10344	123
10345	45
10346	164
10347	173
10348	274
10349	182
10350	113
10351	354
10352	35
10353	363
10354	77
10355	586
10356	248
10357	297
10358	270
10359	401
10360	397
10361	167
10362	144
10363	136
10364	146
10365	103
10366	327
10367	640
10368	887
10369	416
10370	346
10371	355
10372	277
10373	295
10374	35
10375	91
10376	313
10377	951
10378	261
10379	273
10380	317
10381	210
10382	138
10383	67
10384	14
10385	32
10386	23
10387	33
10388	38
10389	221
10390	42
10391	158
10392	120
10393	406
10394	93
10395	59
10396	138
10397	178
10398	147
10399	109
10400	38
10401	382
10402	367
10403	391
10404	395
10405	408
10406	254
10407	319
10408	652
10409	245
10410	172
10411	93
10412	437
10413	166
10414	445
10415	211
10416	204
10417	969
10418	816
10419	369
10420	547
10421	227
10422	296
10423	154
10424	207
10425	101
10426	174
10427	645
10428	172
10429	224
10430	440
10431	419
10432	397
10433	289
10434	276
10435	199
10436	304
10437	167
10438	142
10439	331
10440	367
10441	389
10442	418
10443	425
10444	58
10445	429
10446	41
10447	328
10448	237
10449	274
10450	45
10451	122
10452	460
10453	112
10454	231
10455	206
10456	170
10457	200
10458	276
10459	113
10460	352
10461	486
10462	483
10463	538
10464	275
10465	370
10466	162
10467	835
10468	641
10469	151
10470	36
10471	487
10472	386
10473	7
10474	40
10475	177
10476	891
10477	213
10478	222
10479	275
10480	105
10481	172
10482	1171
10483	189
10484	915
10485	308
10486	279
10487	44
10488	336
10489	82
10490	310
10491	287
10492	129
10493	259
10494	174
10495	382
10496	1100
10497	477
10498	314
10499	220
10500	473
10501	199
10502	117
10503	432
10504	46
10505	214
10506	286
10507	444
10508	916
10509	43
10510	116
10511	138
10512	449
10513	43
10514	62
10515	99
10516	121
10517	156
10518	190
10519	140
10520	139
10521	37
10522	243
10523	237
10524	357
10525	380
10526	279
10527	140
10528	74
10529	531
10530	431
10531	616
10532	334
10533	555
10534	910
10535	905
10536	64
10537	104
10538	136
10539	172
10540	411
10541	569
10542	373
10543	51
10544	130
10545	998
10546	465
10547	527
10548	193
10549	179
10550	134
10551	200
10552	102
10553	379
10554	100
10555	149
10556	319
10557	347
10558	302
10559	66
10560	728
10561	468
10562	123
10563	767
10564	192
10565	385
10566	61
10567	183
10568	218
10569	256
10570	163
10571	273
10572	187
10573	231
10574	405
10575	235
10576	371
10577	124
10578	134
10579	93
10580	152
10581	200
10582	52
10583	145
10584	232
10585	1182
10586	186
10587	751
10588	347
10589	62
10590	361
10591	58
10592	59
10593	76
10594	304
10595	205
10596	327
10597	340
10598	404
10599	74
10600	116
10601	333
10602	538
10603	575
10604	323
10605	233
10606	50
10607	152
10608	50
10609	267
10610	181
10611	307
10612	154
10613	334
10614	120
10615	370
10616	78
10617	353
10618	36
10619	286
10620	76
10621	95
10622	327
10623	38
10624	310
10625	107
10626	139
10627	178
10628	113
10629	219
10630	79
10631	154
10632	183
10633	500
10634	116
10635	308
10636	285
10637	193
10638	451
10639	184
10640	130
10641	210
10642	194
10643	386
10644	129
10645	195
10646	266
10647	100
10648	136
10649	244
10650	340
10651	276
10652	537
10653	287
10654	130
10655	293
10656	362
10657	300
10658	289
10659	373
10660	307
10661	313
10662	355
10663	53
10664	348
10665	87
10666	230
10667	242
10668	257
10669	215
10670	441
10671	75
10672	324
10673	120
10674	117
10675	152
10676	85
10677	196
10678	52
10679	212
10680	180
10681	71
10682	154
10683	193
10684	367
10685	233
10686	373
10687	366
10688	357
10689	197
10690	94
10691	62
10692	246
10693	164
10694	221
10695	199
10696	195
10697	230
10698	262
10699	515
10700	536
10701	127
10702	328
10703	193
10704	43
10705	205
10706	232
10707	290
10708	237
10709	347
10710	564
10711	361
10712	582
10713	209
10714	116
10715	198
10716	150
10717	43
10718	341
10719	267
10720	38
10721	252
10722	72
10723	223
10724	106
10725	199
10726	154
10727	218
10728	238
10729	183
10730	167
10731	349
10732	58
10733	266
10734	267
10735	445
10736	448
10737	125
10738	461
10739	92
10740	65
10741	5929
10742	175
10743	286
10744	65
10745	327
10746	57
10747	885
10748	86
10749	115
10750	48
10751	272
10752	152
10753	245
10754	190
10755	228
10756	258
10757	231
10758	54
10759	220
10760	91
10761	191
10762	240
10763	120
10764	226
10765	334
10766	412
10767	438
10768	1051
10769	200
10770	2565
10771	41
10772	30
10773	67
10774	341
10775	353
10776	376
10777	124
10778	321
10779	156
10780	294
10781	197
10782	279
10783	73
10784	264
10785	73
10786	241
10787	715
10788	266
10789	739
10790	398
10791	382
10792	214
10793	129
10794	96
10795	134
10796	105
10797	75
10798	160
10799	2125
10800	227
10801	48
10802	88
10803	1256
10804	138
10805	235
10806	251
10807	162
10808	372
10809	207
10810	360
10811	240
10812	338
10813	388
10814	767
10815	191
10816	377
10817	308
10818	341
10819	126
10820	399
10821	392
10822	379
10823	373
10824	428
10825	322
10826	179
10827	281
10828	48
10829	212
10830	276
10831	385
10832	1599
10833	165
10834	281
10835	327
10836	2287
10837	103
10838	310
10839	142
10840	285
10841	399
10842	118
10843	98
10844	113
10845	413
10846	203
10847	927
10848	49
10849	299
10850	79
10851	271
10852	125
10853	235
10854	345
10855	241
10856	250
10857	197
10858	81
10859	353
10860	550
10861	65
10862	269
10863	238
10864	84
10865	309
10866	297
10867	218
10868	69
10869	230
10870	558
10871	439
10872	232
10873	704
10874	83
10875	183
10876	223
10877	456
10878	138
10879	130
10880	611
10881	2359
10882	63
10883	156
10884	87
10885	3446
10886	36
10887	165
10888	108
10889	129
10890	139
10891	90
10892	166
10893	133
10894	170
10895	488
10896	476
10897	453
10898	495
10899	293
10900	405
10901	90
10902	524
10903	450
10904	214
10905	423
10906	48
10907	92
10908	56
10909	98
10910	400
10911	179
10912	1151
10913	636
10914	284
10915	306
10916	151
10917	182
10918	377
10919	409
10920	123
10921	163
10922	126
10923	273
10924	204
10925	264
10926	312
10927	563
10928	2229
10929	356
10930	67
10931	382
10932	318
10933	65
10934	77
10935	95
10936	52
10937	745
10938	202
10939	298
10940	242
10941	400
10942	465
10943	439
10944	566
10945	170
10946	542
10947	441
10948	242
10949	243
10950	1776
10951	173
10952	211
10953	207
10954	194
10955	294
10956	35
10957	121
10958	81
10959	52
10960	1172
10961	1504
10962	129
10963	172
10964	42
10965	416
10966	221
10967	72
10968	410
10969	159
10970	292
10971	399
10972	81
10973	452
10974	126
10975	459
10976	1431
10977	182
10978	457
10979	441
10980	39
10981	702
10982	79
10983	741
10984	762
10985	32
10986	103
10987	218
10988	449
10989	245
10990	436
10991	137
10992	2769
10993	265
10994	3314
10995	75
10996	59
10997	157
10998	1110
10999	92
11000	636
11001	138
11002	666
11003	182
11004	672
11005	215
11006	671
11007	105
11008	74
11009	38
