0	NaN
1	59
2	19
3	69
4	24
5	252
6	28
7	116
8	24
9	90
10	48
11	105
12	51
13	49
14	73
15	49
16	45
17	48
18	44
19	62
20	73
21	101
22	98
23	94
24	24
25	100
26	78
27	75
28	84
29	93
30	82
31	18
32	156
33	23
34	25
35	49
36	29
37	101
38	36
39	33
40	42
41	18
42	26
43	12
44	57
45	55
46	26
47	31
48	57
49	54
50	58
51	59
52	63
53	34
54	10
55	9
56	41
57	82
58	53
59	70
60	11
61	51
62	33
63	53
64	31
65	54
66	33
67	26
68	29
69	36
70	69
71	30
72	132
73	122
74	51
75	36
76	31
77	7
78	27
79	54
80	26
81	75
82	7
83	17
84	18
85	36
86	28
87	51
88	29
89	48
90	34
91	48
92	37
93	26
94	33
95	44
96	32
97	39
98	50
99	51
100	75
101	9
102	14
103	52
104	33
105	41
106	40
107	52
108	37
109	43
110	44
111	48
112	26
113	64
114	32
115	62
116	21
117	21
118	21
119	28
120	17
121	66
122	70
123	68
124	71
125	29
126	33
127	15
128	27
129	23
130	87
131	62
132	38
133	80
134	104
135	76
136	107
137	30
138	74
139	43
140	148
141	68
142	130
143	68
144	130
145	28
146	57
147	33
148	30
149	19
150	31
151	71
152	68
153	26
154	31
155	50
156	85
157	47
158	79
159	32
160	50
161	32
162	45
163	34
164	40
165	63
166	67
167	56
168	67
169	68
170	47
171	27
172	31
173	35
174	11
175	21
176	18
177	61
178	82
179	126
180	32
181	40
182	93
183	42
184	102
185	39
186	56
187	40
188	87
189	33
190	82
191	52
192	95
193	90
194	149
195	98
196	82
197	77
198	98
199	69
200	60
201	24
202	63
203	35
204	102
205	49
206	92
207	48
208	51
209	17
210	177
211	39
212	28
213	13
214	39
215	16
216	36
217	21
218	32
219	26
220	31
221	44
222	19
223	77
224	55
225	93
226	17
227	20
228	4
229	8
230	46
231	13
232	45
233	80
234	17
235	17
236	38
237	91
238	29
239	66
240	45
241	74
242	38
243	45
244	39
245	29
246	45
247	40
248	57
249	30
250	33
251	82
252	35
253	40
254	41
255	44
256	16
257	12
258	7
259	39
260	81
261	5
262	76
263	60
264	37
265	6
266	22
267	35
268	99
269	39
270	42
271	47
272	49
273	78
274	77
275	111
276	52
277	83
278	55
279	57
280	92
281	52
282	46
283	44
284	54
285	79
286	39
287	40
288	32
289	49
290	46
291	46
292	12
293	6
294	77
295	8
296	43
297	27
298	78
299	53
300	95
301	46
302	165
303	45
304	119
305	45
306	118
307	21
308	75
309	40
310	50
311	106
312	72
313	110
314	43
315	56
316	92
317	95
318	94
319	52
320	111
321	84
322	79
323	86
324	68
325	80
326	41
327	80
328	66
329	51
330	79
331	30
332	46
333	22
334	81
335	27
336	29
337	31
338	51
339	73
340	17
341	206
342	15
343	89
344	16
345	90
346	18
347	42
348	21
349	88
350	23
351	25
352	49
353	30
354	50
355	46
356	39
357	42
358	39
359	78
360	41
361	43
362	44
363	43
364	77
365	64
366	77
367	91
368	53
369	109
370	96
371	110
372	77
373	20
374	22
375	137
376	83
377	133
378	79
379	126
380	39
381	62
382	41
383	34
384	47
385	49
386	37
387	20
388	37
389	26
390	9
391	29
392	69
393	23
394	35
395	56
396	44
397	40
398	18
399	41
400	49
401	42
402	27
403	58
404	16
405	55
406	46
407	111
408	107
409	124
410	54
411	72
412	52
413	50
414	29
415	103
416	24
417	113
418	27
419	126
420	31
421	131
422	97
423	251
424	49
425	19
426	5
427	54
428	29
429	76
430	29
431	64
432	90
433	19
434	21
435	24
436	30
437	55
438	46
439	53
440	80
441	20
442	29
443	29
444	51
445	35
446	65
447	42
448	19
449	31
450	30
451	53
452	44
453	47
454	39
455	53
456	39
457	54
458	35
459	23
460	53
461	43
462	34
463	16
464	18
465	27
466	71
467	67
468	22
469	63
470	37
471	45
472	64
473	28
474	54
475	43
476	60
477	34
478	45
479	50
480	50
481	42
482	26
483	44
484	58
485	50
486	34
487	63
488	38
489	59
490	27
491	63
492	23
493	58
494	78
495	16
496	75
497	13
498	71
499	46
500	61
501	33
502	22
503	142
504	27
505	30
506	31
507	26
508	18
509	50
510	23
511	48
512	30
513	47
514	33
515	33
516	38
517	43
518	128
519	78
520	165
521	85
522	100
523	39
524	70
525	147
526	90
527	69
528	88
529	49
530	50
531	86
532	74
533	40
534	23
535	47
536	29
537	56
538	22
539	45
540	33
541	243
542	231
543	28
544	54
545	101
546	64
547	66
548	38
549	64
550	30
551	43
552	88
553	42
554	58
555	86
556	65
557	87
558	46
559	89
560	14
561	56
562	66
563	35
564	38
565	38
566	35
567	52
568	60
569	51
570	40
571	54
572	30
573	7
574	101
575	33
576	51
577	51
578	27
579	119
580	51
581	25
582	26
583	83
584	33
585	85
586	86
587	120
588	11
589	97
590	40
591	14
592	35
593	17
594	33
595	19
596	20
597	48
598	20
599	13
600	47
601	28
602	48
603	35
604	34
605	34
606	22
607	15
608	24
609	55
610	53
611	119
612	71
613	6
614	78
615	10
616	59
617	10
618	52
619	226
620	15
621	46
622	80
623	77
624	92
625	94
626	90
627	94
628	92
629	44
630	111
631	60
632	49
633	56
634	48
635	51
636	30
637	22
638	32
639	17
640	37
641	37
642	12
643	42
644	13
645	81
646	20
647	80
648	86
649	89
650	41
651	46
652	122
653	112
654	80
655	82
656	83
657	84
658	81
659	81
660	79
661	83
662	71
663	82
664	59
665	51
666	55
667	52
668	53
669	51
670	19
671	22
672	23
673	25
674	30
675	31
676	54
677	40
678	55
679	95
680	45
681	54
682	23
683	21
684	59
685	49
686	53
687	30
688	62
689	25
690	49
691	21
692	12
693	26
694	11
695	31
696	85
697	29
698	39
699	86
700	38
701	92
702	86
703	45
704	89
705	49
706	78
707	83
708	21
709	56
710	25
711	68
712	53
713	28
714	30
715	74
716	35
717	72
718	41
719	180
720	49
721	46
722	52
723	50
724	47
725	33
726	42
727	36
728	36
729	78
730	45
731	34
732	46
733	29
734	48
735	22
736	42
737	17
738	69
739	9
740	137
741	39
742	6
743	17
744	52
745	25
746	53
747	26
748	58
749	37
750	26
751	29
752	45
753	29
754	43
755	35
756	40
757	90
758	33
759	30
760	36
761	16
762	86
763	34
764	29
765	53
766	52
767	18
768	64
769	55
770	78
771	32
772	5
773	53
774	15
775	54
776	20
777	18
778	58
779	26
780	54
781	24
782	36
783	22
784	20
785	37
786	39
787	13
788	41
789	7
790	57
791	60
792	80
793	51
794	78
795	51
796	19
797	83
798	20
799	64
800	21
801	80
802	28
803	7
804	33
805	83
806	24
807	31
808	29
809	49
810	41
811	55
812	37
813	59
814	37
815	35
816	83
817	30
818	79
819	42
820	39
821	20
822	75
823	49
824	42
825	14
826	112
827	63
828	107
829	70
830	45
831	58
832	35
833	39
834	36
835	31
836	39
837	51
838	31
839	94
840	41
841	87
842	38
843	93
844	76
845	72
846	49
847	47
848	97
849	18
850	35
851	39
852	26
853	43
854	11
855	27
856	68
857	74
858	45
859	90
860	45
861	23
862	28
863	54
864	39
865	53
866	52
867	8
868	46
869	30
870	44
871	26
872	29
873	32
874	19
875	29
876	32
877	44
878	39
879	54
880	24
881	31
882	35
883	50
884	15
885	37
886	30
887	59
888	83
889	54
890	4
891	36
892	10
893	33
894	16
895	26
896	10
897	27
898	15
899	44
900	47
901	40
902	48
903	34
904	31
905	23
906	32
907	29
908	27
909	65
910	20
911	36
912	33
913	11
914	38
915	93
916	39
917	33
918	77
919	8
920	13
921	82
922	17
923	82
924	27
925	39
926	49
927	74
928	124
929	62
930	44
931	84
932	41
933	84
934	34
935	53
936	38
937	43
938	70
939	48
940	38
941	22
942	44
943	19
944	46
945	15
946	93
947	56
948	82
949	21
950	50
951	96
952	93
953	100
954	117
955	169
956	65
957	67
958	12
959	29
960	34
961	34
962	105
963	8
964	27
965	22
966	63
967	83
968	38
969	8
970	84
971	81
972	61
973	83
974	32
975	103
976	91
977	58
978	97
979	61
980	56
981	19
982	53
983	58
984	54
985	26
986	13
987	37
988	23
989	40
990	20
991	44
992	54
993	53
994	84
995	22
996	84
997	65
998	23
999	21
1000	16
1001	36
1002	77
1003	39
1004	15
1005	36
1006	31
1007	67
1008	34
1009	36
1010	65
1011	43
1012	64
1013	47
1014	64
1015	49
1016	68
1017	77
1018	102
1019	99
1020	76
1021	63
1022	59
1023	16
1024	62
1025	63
1026	63
1027	65
1028	61
1029	66
1030	60
1031	33
1032	95
1033	15
1034	8
1035	4
1036	34
1037	63
1038	119
1039	33
1040	131
1041	36
1042	129
1043	17
1044	8
1045	34
1046	11
1047	34
1048	33
1049	169
1050	97
1051	24
1052	106
1053	157
1054	38
1055	28
1056	34
1057	30
1058	32
1059	36
1060	32
1061	19
1062	44
1063	66
1064	43
1065	31
1066	28
1067	48
1068	25
1069	50
1070	21
1071	49
1072	17
1073	18
1074	64
1075	29
1076	65
1077	24
1078	102
1079	38
1080	83
1081	59
1082	53
1083	25
1084	27
1085	70
1086	24
1087	44
1088	31
1089	40
1090	29
1091	26
1092	43
1093	34
1094	35
1095	27
1096	40
1097	22
1098	11
1099	77
1100	3
1101	52
1102	75
1103	77
1104	11
1105	8
1106	25
1107	44
1108	36
1109	28
1110	26
1111	44
1112	18
1113	14
1114	30
1115	13
1116	80
1117	34
1118	73
1119	29
1120	46
1121	41
1122	25
1123	15
1124	18
1125	20
1126	22
1127	41
1128	26
1129	34
1130	31
1131	30
1132	59
1133	34
1134	25
1135	40
1136	22
1137	44
1138	12
1139	52
1140	8
1141	57
1142	59
1143	36
1144	55
1145	56
1146	43
1147	107
1148	114
1149	101
1150	133
1151	115
1152	31
1153	48
1154	61
1155	47
1156	47
1157	38
1158	47
1159	17
1160	41
1161	15
1162	16
1163	46
1164	118
1165	84
1166	44
1167	29
1168	28
1169	33
1170	21
1171	34
1172	14
1173	35
1174	30
1175	169
1176	52
1177	37
1178	57
1179	8
1180	21
1181	56
1182	15
1183	18
1184	48
1185	56
1186	25
1187	44
1188	26
1189	41
1190	30
1191	37
1192	33
1193	31
1194	36
1195	18
1196	27
1197	66
1198	37
1199	14
1200	38
1201	9
1202	80
1203	77
1204	82
1205	19
1206	24
1207	60
1208	62
1209	66
1210	64
1211	72
1212	66
1213	56
1214	31
1215	77
1216	21
1217	70
1218	26
1219	86
1220	74
1221	29
1222	76
1223	18
1224	26
1225	10
1226	30
1227	15
1228	77
1229	17
1230	79
1231	80
1232	24
1233	77
1234	30
1235	77
1236	11
1237	79
1238	39
1239	70
1240	47
1241	79
1242	67
1243	55
1244	60
1245	59
1246	59
1247	21
1248	77
1249	25
1250	80
1251	81
1252	26
1253	83
1254	15
1255	86
1256	23
1257	29
1258	29
1259	29
1260	35
1261	58
1262	35
1263	58
1264	94
1265	47
1266	33
1267	50
1268	32
1269	23
1270	30
1271	56
1272	62
1273	21
1274	58
1275	30
1276	54
1277	27
1278	55
1279	19
1280	53
1281	41
1282	37
1283	23
1284	28
1285	33
1286	37
1287	30
1288	26
1289	36
1290	27
1291	48
1292	27
1293	125
1294	50
1295	20
1296	47
1297	13
1298	51
1299	36
1300	17
1301	94
1302	25
1303	41
1304	10
1305	15
1306	17
1307	59
1308	61
1309	15
1310	46
1311	11
1312	86
1313	41
1314	37
1315	42
1316	34
1317	80
1318	86
1319	89
1320	29
1321	31
1322	29
1323	31
1324	42
1325	49
1326	22
1327	42
1328	6
1329	36
1330	16
1331	38
1332	56
1333	42
1334	104
1335	47
1336	102
1337	50
1338	45
1339	87
1340	32
1341	48
1342	75
1343	51
1344	84
1345	28
1346	35
1347	81
1348	68
1349	31
1350	73
1351	62
1352	32
1353	30
1354	30
1355	81
1356	70
1357	56
1358	67
1359	12
1360	49
1361	29
1362	20
1363	29
1364	28
1365	29
1366	48
1367	42
1368	39
1369	26
1370	46
1371	15
1372	67
1373	67
1374	70
1375	48
1376	39
1377	50
1378	37
1379	53
1380	32
1381	47
1382	16
1383	31
1384	10
1385	34
1386	46
1387	55
1388	117
1389	60
1390	150
1391	17
1392	55
1393	16
1394	50
1395	23
1396	47
1397	34
1398	28
1399	37
1400	22
1401	44
1402	70
1403	41
1404	17
1405	43
1406	8
1407	15
1408	26
1409	20
1410	26
1411	20
1412	159
1413	16
1414	33
1415	15
1416	25
1417	27
1418	74
1419	24
1420	50
1421	14
1422	50
1423	69
1424	68
1425	62
1426	14
1427	20
1428	65
1429	22
1430	62
1431	54
1432	78
1433	110
1434	38
1435	48
1436	29
1437	35
1438	59
1439	29
1440	28
1441	76
1442	60
1443	31
1444	52
1445	35
1446	57
1447	42
1448	80
1449	96
1450	81
1451	94
1452	120
1453	69
1454	51
1455	61
1456	114
1457	58
1458	50
1459	132
1460	99
1461	62
1462	54
1463	69
1464	63
1465	46
1466	64
1467	47
1468	17
1469	20
1470	23
1471	24
1472	3
1473	11
1474	117
1475	58
1476	59
1477	56
1478	13
1479	8
1480	20
1481	40
1482	55
1483	131
1484	15
1485	18
1486	18
1487	35
1488	66
1489	8
1490	10
1491	27
1492	18
1493	23
1494	28
1495	29
1496	36
1497	16
1498	20
1499	71
1500	32
1501	35
1502	41
1503	40
1504	35
1505	37
1506	10
1507	23
1508	18
1509	22
1510	27
1511	35
1512	29
1513	65
1514	36
1515	108
1516	21
1517	43
1518	114
1519	28
1520	40
1521	44
1522	84
1523	39
1524	52
1525	41
1526	53
1527	36
1528	23
1529	28
1530	40
1531	19
1532	53
1533	36
1534	72
1535	26
1536	67
1537	34
1538	69
1539	28
1540	66
1541	42
1542	29
1543	56
1544	29
1545	17
1546	46
1547	32
1548	47
1549	53
1550	58
1551	66
1552	29
1553	36
1554	33
1555	47
1556	29
1557	11
1558	36
1559	13
1560	35
1561	13
1562	30
1563	58
1564	21
1565	42
1566	57
1567	53
1568	52
1569	41
1570	85
1571	40
1572	16
1573	45
1574	41
1575	48
1576	34
1577	38
1578	14
1579	40
1580	11
1581	41
1582	5
1583	23
1584	26
1585	37
1586	20
1587	34
1588	85
1589	41
1590	27
1591	23
1592	55
1593	32
1594	45
1595	48
1596	37
1597	38
1598	31
1599	34
1600	43
1601	22
1602	24
1603	31
1604	18
1605	40
1606	37
1607	113
1608	49
1609	79
1610	71
1611	65
1612	67
1613	50
1614	59
1615	59
1616	43
1617	6
1618	10
1619	37
1620	73
1621	11
1622	15
1623	51
1624	26
1625	70
1626	33
1627	29
1628	66
1629	33
1630	66
1631	63
1632	34
1633	39
1634	40
1635	15
1636	14
1637	39
1638	12
1639	44
1640	19
1641	25
1642	43
1643	18
1644	28
1645	34
1646	15
1647	17
1648	21
1649	26
1650	28
1651	28
1652	57
1653	34
1654	41
1655	57
1656	79
1657	61
1658	61
1659	83
1660	58
1661	83
1662	34
1663	52
1664	35
1665	49
1666	32
1667	47
1668	35
1669	43
1670	34
1671	40
1672	63
1673	40
1674	29
1675	39
1676	24
1677	46
1678	18
1679	54
1680	15
1681	61
1682	11
1683	17
1684	64
1685	23
1686	31
1687	66
1688	13
1689	16
1690	43
1691	33
1692	43
1693	42
1694	32
1695	23
1696	17
1697	23
1698	25
1699	30
1700	22
1701	33
1702	20
1703	20
1704	35
1705	13
1706	12
1707	27
1708	55
1709	31
1710	52
1711	34
1712	48
1713	42
1714	36
1715	47
1716	43
1717	39
1718	46
1719	35
1720	37
1721	40
1722	47
1723	39
1724	36
1725	57
1726	178
1727	19
1728	25
1729	21
1730	20
1731	68
1732	59
1733	61
1734	54
1735	9
1736	21
1737	52
1738	55
1739	56
1740	55
1741	17
1742	23
1743	27
1744	28
1745	33
1746	37
1747	52
1748	30
1749	49
1750	37
1751	71
1752	48
1753	41
1754	43
1755	43
1756	40
1757	42
1758	36
1759	49
1760	31
1761	38
1762	13
1763	39
1764	7
1765	40
1766	14
1767	18
1768	12
1769	50
1770	18
1771	20
1772	24
1773	27
1774	27
1775	15
1776	9
1777	4
1778	19
1779	18
1780	16
1781	11
1782	28
1783	25
1784	50
1785	29
1786	55
1787	56
1788	25
1789	18
1790	27
1791	65
1792	54
1793	28
1794	38
1795	21
1796	42
1797	17
1798	34
1799	49
1800	42
1801	25
1802	45
1803	19
1804	55
1805	6
1806	55
1807	11
1808	35
1809	86
1810	30
1811	21
1812	37
1813	24
1814	35
1815	85
1816	76
1817	83
1818	74
1819	68
1820	57
1821	68
1822	55
1823	51
1824	63
1825	66
1826	64
1827	61
1828	45
1829	51
1830	105
1831	27
1832	62
1833	32
1834	44
1835	37
1836	42
1837	39
1838	46
1839	43
1840	45
1841	33
1842	47
1843	54
1844	20
1845	28
1846	34
1847	40
1848	52
1849	37
1850	60
1851	39
1852	77
1853	28
1854	26
1855	13
1856	15
1857	42
1858	42
1859	44
1860	24
1861	13
1862	16
1863	25
1864	43
1865	13
1866	16
1867	40
1868	23
1869	58
1870	30
1871	62
1872	33
1873	61
1874	39
1875	60
1876	37
1877	61
1878	47
1879	46
1880	61
1881	81
1882	45
1883	41
1884	42
1885	5
1886	28
1887	75
1888	33
1889	40
1890	62
1891	61
1892	47
1893	100
1894	33
1895	55
1896	27
1897	21
1898	103
1899	54
1900	55
1901	67
1902	54
1903	25
1904	26
1905	60
1906	28
1907	60
1908	33
1909	58
1910	33
1911	39
1912	54
1913	64
1914	67
1915	49
1916	46
1917	77
1918	43
1919	36
1920	68
1921	46
1922	48
1923	54
1924	52
1925	55
1926	55
1927	46
1928	88
1929	24
1930	106
1931	25
1932	106
1933	25
1934	58
1935	94
1936	114
1937	76
1938	122
1939	130
1940	51
1941	26
1942	55
1943	12
1944	15
1945	17
1946	72
1947	71
1948	32
1949	44
1950	75
1951	72
1952	58
1953	75
1954	26
1955	27
1956	30
1957	109
1958	72
1959	74
1960	101
1961	52
1962	41
1963	54
1964	55
1965	38
1966	57
1967	32
1968	40
1969	28
1970	33
1971	37
1972	14
1973	86
1974	35
1975	35
1976	9
1977	31
1978	43
1979	33
1980	41
1981	63
1982	48
1983	85
1984	28
1985	43
1986	24
1987	46
1988	20
1989	49
1990	4
1991	59
1992	12
1993	54
1994	18
1995	46
1996	25
1997	37
1998	9
1999	57
2000	33
2001	56
2002	27
2003	86
2004	42
2005	32
2006	52
2007	27
2008	9
2009	47
2010	48
2011	20
2012	120
2013	31
2014	34
2015	59
2016	30
2017	46
2018	26
2019	35
2020	48
2021	31
2022	45
2023	25
2024	42
2025	47
2026	45
2027	21
2028	25
2029	50
2030	70
2031	26
2032	71
2033	43
2034	14
2035	22
2036	26
2037	31
2038	29
2039	43
2040	41
2041	53
2042	8
2043	39
2044	10
2045	37
2046	15
2047	32
2048	33
2049	24
2050	81
2051	38
2052	77
2053	37
2054	71
2055	22
2056	41
2057	44
2058	97
2059	3
2060	34
2061	43
2062	7
2063	11
2064	15
2065	16
2066	7
2067	19
2068	23
2069	29
2070	35
2071	15
2072	39
2073	73
2074	39
2075	36
2076	26
2077	13
2078	28
2079	137
2080	152
2081	28
2082	27
2083	33
2084	40
2085	23
2086	36
2087	13
2088	13
2089	41
2090	18
2091	66
2092	51
2093	68
2094	52
2095	49
2096	67
2097	39
2098	34
2099	35
2100	22
2101	71
2102	41
2103	18
2104	66
2105	102
2106	9
2107	52
2108	14
2109	64
2110	18
2111	46
2112	45
2113	56
2114	50
2115	72
2116	115
2117	82
2118	70
2119	86
2120	40
2121	25
2122	12
2123	16
2124	15
2125	45
2126	31
2127	23
2128	22
2129	12
2130	35
2131	16
2132	37
2133	20
2134	27
2135	28
2136	33
2137	33
2138	30
2139	37
2140	42
2141	27
2142	28
2143	14
2144	17
2145	16
2146	12
2147	85
2148	83
2149	108
2150	82
2151	112
2152	122
2153	52
2154	84
2155	53
2156	89
2157	46
2158	74
2159	30
2160	17
2161	34
2162	47
2163	16
2164	27
2165	21
2166	32
2167	24
2168	26
2169	59
2170	59
2171	46
2172	28
2173	49
2174	51
2175	37
2176	62
2177	39
2178	37
2179	24
2180	22
2181	100
2182	18
2183	12
2184	21
2185	29
2186	24
2187	32
2188	16
2189	35
2190	7
2191	24
2192	17
2193	41
2194	59
2195	43
2196	46
2197	28
2198	31
2199	32
2200	29
2201	57
2202	58
2203	88
2204	8
2205	15
2206	20
2207	51
2208	52
2209	51
2210	45
2211	54
2212	8
2213	32
2214	53
2215	34
2216	20
2217	22
2218	27
2219	9
2220	24
2221	25
2222	27
2223	19
2224	26
2225	161
2226	14
2227	56
2228	26
2229	23
2230	17
2231	16
2232	19
2233	24
2234	24
2235	56
2236	28
2237	63
2238	105
2239	101
2240	37
2241	10
2242	38
2243	21
2244	64
2245	61
2246	4
2247	12
2248	30
2249	50
2250	29
2251	20
2252	33
2253	203
2254	34
2255	23
2256	31
2257	30
2258	27
2259	35
2260	28
2261	32
2262	29
2263	9
2264	43
2265	29
2266	7
2267	52
2268	65
2269	67
2270	17
2271	86
2272	15
2273	36
2274	23
2275	76
2276	135
2277	28
2278	33
2279	29
2280	29
2281	55
2282	38
2283	34
2284	37
2285	39
2286	17
2287	150
2288	39
2289	14
2290	45
2291	12
2292	17
2293	23
2294	36
2295	29
2296	29
2297	41
2298	47
2299	25
2300	43
2301	23
2302	45
2303	20
2304	50
2305	14
2306	49
2307	8
2308	39
2309	28
2310	33
2311	34
2312	34
2313	61
2314	14
2315	17
2316	32
2317	12
2318	23
2319	182
2320	25
2321	16
2322	21
2323	16
2324	21
2325	17
2326	18
2327	9
2328	12
2329	15
2330	53
2331	39
2332	33
2333	19
2334	20
2335	12
2336	30
2337	139
2338	49
2339	35
2340	45
2341	41
2342	28
2343	11
2344	56
2345	32
2346	61
2347	9
2348	38
2349	13
2350	34
2351	19
2352	35
2353	102
2354	48
2355	38
2356	32
2357	34
2358	32
2359	38
2360	5
2361	11
2362	12
2363	34
2364	40
2365	61
2366	17
2367	22
2368	14
2369	30
2370	30
2371	89
2372	101
2373	36
2374	52
2375	49
2376	55
2377	56
2378	27
2379	57
2380	44
2381	6
2382	22
2383	12
2384	16
2385	12
2386	14
2387	19
2388	105
2389	15
2390	7
2391	28
2392	29
2393	130
2394	21
2395	125
2396	20
2397	46
2398	58
2399	25
2400	59
2401	29
2402	57
2403	40
2404	40
2405	34
2406	60
2407	66
2408	66
2409	64
2410	32
2411	41
2412	69
2413	126
2414	122
2415	22
2416	64
2417	18
2418	25
2419	56
2420	33
2421	51
2422	39
2423	52
2424	45
2425	52
2426	59
2427	51
2428	48
2429	57
2430	47
2431	45
2432	41
2433	65
2434	39
2435	17
2436	47
2437	23
2438	20
2439	44
2440	28
2441	47
2442	29
2443	40
2444	30
2445	38
2446	54
2447	12
2448	38
2449	40
2450	16
2451	47
2452	37
2453	41
2454	20
2455	42
2456	23
2457	32
2458	42
2459	31
2460	56
2461	23
2462	90
2463	67
2464	82
2465	7
2466	25
2467	74
2468	50
2469	7
2470	29
2471	37
2472	31
2473	21
2474	14
2475	45
2476	44
2477	46
2478	27
2479	46
2480	60
2481	40
2482	36
2483	33
2484	44
2485	64
2486	65
2487	4
2488	66
2489	15
2490	64
2491	54
2492	53
2493	55
2494	103
2495	52
2496	26
2497	62
2498	40
2499	35
2500	37
2501	29
2502	71
2503	7
2504	32
2505	13
2506	40
2507	6
2508	37
2509	35
2510	33
2511	18
2512	41
2513	13
2514	30
2515	62
2516	43
2517	63
2518	48
2519	47
2520	58
2521	7
2522	23
2523	24
2524	24
2525	12
2526	59
2527	6
2528	41
2529	26
2530	68
2531	13
2532	10
2533	42
2534	48
2535	43
2536	38
2537	35
2538	42
2539	39
2540	29
2541	47
2542	75
2543	53
2544	78
2545	58
2546	78
2547	76
2548	77
2549	28
2550	5
2551	42
2552	35
2553	41
2554	42
2555	29
2556	83
2557	51
2558	33
2559	54
2560	108
2561	28
2562	26
2563	33
2564	22
2565	32
2566	73
2567	21
2568	35
2569	25
2570	31
2571	7
2572	43
2573	44
2574	16
2575	22
2576	48
2577	75
2578	36
2579	35
2580	25
2581	33
2582	29
2583	57
2584	42
2585	35
2586	21
2587	40
2588	19
2589	63
2590	40
2591	77
2592	24
2593	57
2594	27
2595	57
2596	19
2597	14
2598	117
2599	12
2600	5
2601	60
2602	47
2603	59
2604	47
2605	38
2606	23
2607	18
2608	74
2609	36
2610	28
2611	16
2612	43
2613	11
2614	38
2615	65
2616	31
2617	65
2618	62
2619	24
2620	63
2621	20
2622	49
2623	42
2624	51
2625	45
2626	25
2627	80
2628	15
2629	38
2630	47
2631	51
2632	50
2633	21
2634	54
2635	11
2636	56
2637	6
2638	9
2639	6
2640	21
2641	20
2642	17
2643	17
2644	8
2645	33
2646	10
2647	40
2648	71
2649	6
2650	76
2651	39
2652	49
2653	54
2654	96
2655	17
2656	32
2657	32
2658	59
2659	34
2660	24
2661	33
2662	96
2663	18
2664	86
2665	45
2666	12
2667	56
2668	54
2669	40
2670	62
2671	4
2672	32
2673	59
2674	9
2675	31
2676	11
2677	47
2678	19
2679	55
2680	22
2681	8
2682	25
2683	86
2684	34
2685	38
2686	54
2687	29
2688	34
2689	34
2690	25
2691	37
2692	22
2693	39
2694	19
2695	52
2696	91
2697	183
2698	18
2699	23
2700	38
2701	18
2702	53
2703	74
2704	184
2705	64
2706	68
2707	10
2708	15
2709	14
2710	12
2711	43
2712	34
2713	32
2714	20
2715	70
2716	56
2717	60
2718	13
2719	37
2720	45
2721	24
2722	118
2723	36
2724	38
2725	9
2726	40
2727	6
2728	42
2729	36
2730	53
2731	7
2732	18
2733	32
2734	40
2735	47
2736	37
2737	31
2738	56
2739	57
2740	20
2741	51
2742	133
2743	35
2744	50
2745	66
2746	12
2747	12
2748	7
2749	22
2750	68
2751	44
2752	42
2753	27
2754	46
2755	33
2756	39
2757	72
2758	24
2759	28
2760	26
2761	50
2762	51
2763	9
2764	58
2765	19
2766	13
2767	16
2768	21
2769	19
2770	15
2771	19
2772	49
2773	10
2774	22
2775	26
2776	8
2777	31
2778	42
2779	25
2780	61
2781	51
2782	49
2783	51
2784	25
2785	5
2786	96
2787	52
2788	49
2789	4
2790	17
2791	50
2792	17
2793	25
2794	66
2795	33
2796	34
2797	36
2798	35
2799	34
2800	13
2801	48
2802	25
2803	29
2804	37
2805	36
2806	5
2807	26
2808	56
2809	52
2810	53
2811	58
2812	45
2813	105
2814	225
2815	100
2816	41
2817	48
2818	44
2819	4
2820	68
2821	63
2822	56
2823	83
2824	6
2825	25
2826	27
2827	54
2828	30
2829	46
2830	49
2831	35
2832	35
2833	43
2834	34
2835	42
2836	34
2837	45
2838	45
2839	43
2840	58
2841	56
2842	5
2843	19
2844	24
2845	34
2846	48
2847	44
2848	41
2849	41
2850	42
2851	35
2852	44
2853	34
2854	48
2855	42
2856	31
2857	70
2858	10
2859	32
2860	28
2861	53
2862	30
2863	50
2864	19
2865	34
2866	41
2867	35
2868	40
2869	40
2870	36
2871	28
2872	10
2873	43
2874	18
2875	63
2876	28
2877	36
2878	20
2879	38
2880	27
2881	30
2882	30
2883	30
2884	32
2885	29
2886	47
2887	31
2888	7
2889	21
2890	12
2891	16
2892	16
2893	12
2894	8
2895	54
2896	94
2897	38
2898	64
2899	137
2900	35
2901	45
2902	18
2903	9
2904	73
2905	23
2906	6
2907	13
2908	18
2909	56
2910	41
2911	5
2912	10
2913	15
2914	21
2915	26
2916	29
2917	59
2918	56
2919	33
2920	35
2921	33
2922	14
2923	29
2924	29
2925	35
2926	30
2927	13
2928	16
2929	10
2930	55
2931	44
2932	61
2933	16
2934	10
2935	14
2936	17
2937	18
2938	29
2939	39
2940	95
2941	28
2942	29
2943	17
2944	70
2945	18
2946	35
2947	39
2948	122
2949	40
2950	41
2951	49
2952	32
2953	185
2954	32
2955	24
2956	42
2957	34
2958	30
2959	10
2960	103
2961	55
2962	55
2963	13
2964	30
2965	11
2966	23
2967	32
2968	54
2969	29
2970	31
2971	25
2972	28
2973	36
2974	61
2975	7
2976	96
2977	12
2978	19
2979	25
2980	32
2981	35
2982	38
2983	44
2984	45
2985	10
2986	13
2987	80
2988	17
2989	22
2990	25
2991	28
2992	34
2993	38
2994	61
2995	67
2996	28
2997	22
2998	30
2999	45
3000	21
3001	34
3002	27
3003	93
3004	37
3005	29
3006	42
3007	16
3008	39
3009	3
3010	52
3011	48
3012	20
3013	31
3014	36
3015	30
3016	18
3017	12
3018	117
3019	71
3020	35
3021	69
3022	34
3023	44
3024	29
3025	48
3026	24
3027	53
3028	17
3029	67
3030	36
3031	23
3032	48
3033	29
3034	17
3035	34
3036	129
3037	59
3038	38
3039	47
3040	31
3041	12
3042	31
3043	104
3044	54
3045	30
3046	39
3047	8
3048	65
3049	12
3050	14
3051	27
3052	45
3053	72
3054	35
3055	42
3056	6
3057	34
3058	34
3059	34
3060	10
3061	53
3062	72
3063	25
3064	10
3065	28
3066	42
3067	34
3068	71
3069	73
3070	38
3071	29
3072	76
3073	13
3074	77
3075	11
3076	61
3077	21
3078	67
3079	9
3080	14
3081	15
3082	59
3083	17
3084	9
3085	96
3086	45
3087	40
3088	53
3089	26
3090	4
3091	24
3092	25
3093	8
3094	97
3095	44
3096	11
3097	41
3098	76
3099	12
3100	8
3101	21
3102	14
3103	22
3104	33
3105	11
3106	15
3107	73
3108	52
3109	67
3110	7
3111	65
3112	70
3113	12
3114	29
3115	41
3116	71
3117	29
3118	52
3119	57
3120	31
3121	36
3122	54
3123	53
3124	10
3125	39
3126	67
3127	10
3128	21
3129	118
3130	58
3131	47
3132	42
3133	22
3134	51
3135	64
3136	35
3137	40
3138	30
3139	18
3140	9
3141	14
3142	18
3143	11
3144	12
3145	13
3146	72
3147	6
3148	40
3149	94
3150	63
3151	21
3152	54
3153	6
3154	47
3155	52
3156	93
3157	120
3158	18
3159	46
3160	16
3161	46
3162	12
3163	10
3164	48
3165	9
3166	22
3167	47
3168	28
3169	50
3170	50
3171	25
3172	65
3173	100
3174	35
3175	43
3176	44
3177	82
3178	27
3179	11
3180	25
3181	5
3182	10
3183	53
3184	52
3185	68
3186	28
3187	7
3188	98
3189	8
3190	4
3191	61
3192	50
3193	52
3194	41
3195	41
3196	64
3197	36
3198	24
3199	90
3200	35
3201	46
3202	35
3203	32
3204	17
3205	43
3206	25
3207	47
3208	22
3209	13
3210	27
3211	12
3212	42
3213	40
3214	27
3215	46
3216	43
3217	22
3218	44
3219	15
3220	67
3221	45
3222	51
3223	10
3224	51
3225	37
3226	36
3227	52
3228	22
3229	46
3230	13
3231	52
3232	12
3233	51
3234	51
3235	8
3236	56
3237	8
3238	12
3239	35
3240	38
3241	37
3242	31
3243	91
3244	41
3245	84
3246	96
3247	37
3248	22
3249	86
3250	21
3251	24
3252	29
3253	82
3254	91
3255	48
3256	32
3257	21
3258	2
3259	45
3260	30
3261	110
3262	42
3263	29
3264	14
3265	48
3266	29
3267	48
3268	66
3269	65
3270	43
3271	27
3272	51
3273	18
3274	31
3275	22
3276	34
3277	74
3278	25
3279	84
3280	31
3281	83
3282	108
3283	41
3284	45
3285	41
3286	57
3287	142
3288	32
3289	78
3290	44
3291	20
3292	23
3293	105
3294	36
3295	63
3296	32
3297	19
3298	16
3299	37
3300	52
3301	34
3302	19
3303	30
3304	40
3305	32
3306	38
3307	19
3308	41
3309	12
3310	11
3311	89
3312	95
3313	64
3314	43
3315	38
3316	9
3317	69
3318	34
3319	8
3320	77
3321	22
3322	68
3323	66
3324	24
3325	46
3326	30
3327	75
3328	64
3329	27
3330	31
3331	82
3332	18
3333	34
3334	18
3335	71
3336	24
3337	26
3338	32
3339	16
3340	34
3341	17
3342	28
3343	37
3344	12
3345	7
3346	61
3347	46
3348	56
3349	78
3350	60
3351	56
3352	75
3353	60
3354	72
3355	58
3356	12
3357	10
3358	33
3359	30
3360	9
3361	43
3362	45
3363	58
3364	34
3365	36
3366	93
3367	178
3368	57
3369	59
3370	64
3371	27
3372	23
3373	21
3374	34
3375	18
3376	102
3377	77
3378	53
3379	6
3380	29
3381	36
3382	32
3383	35
3384	124
3385	33
3386	33
3387	34
3388	27
3389	82
3390	73
3391	26
3392	21
3393	31
3394	38
3395	18
3396	35
3397	24
3398	35
3399	65
3400	59
3401	70
3402	71
3403	27
3404	26
3405	81
3406	51
3407	22
3408	77
3409	2
3410	35
3411	12
3412	60
3413	27
3414	31
3415	21
3416	12
3417	35
3418	65
3419	85
3420	97
3421	33
3422	35
3423	36
3424	26
3425	10
3426	43
3427	42
3428	102
3429	44
3430	104
3431	59
3432	36
3433	41
3434	102
3435	11
3436	54
3437	54
3438	40
3439	37
3440	30
3441	40
3442	30
3443	85
3444	101
3445	82
3446	88
3447	27
3448	9
3449	28
3450	3
3451	25
3452	47
3453	44
3454	8
3455	62
3456	26
3457	52
3458	33
3459	58
3460	68
3461	60
3462	67
3463	78
3464	74
3465	24
3466	29
3467	43
3468	44
3469	22
3470	90
3471	7
3472	47
3473	71
3474	39
3475	43
3476	87
3477	49
3478	85
3479	25
3480	24
3481	69
3482	76
3483	45
3484	54
3485	52
3486	54
3487	34
3488	35
3489	52
3490	22
3491	66
3492	19
3493	63
3494	32
3495	22
3496	42
3497	22
3498	40
3499	26
3500	40
3501	81
3502	30
3503	26
3504	38
3505	48
3506	27
3507	70
3508	45
3509	30
3510	59
3511	55
3512	41
3513	19
3514	22
3515	42
3516	68
3517	79
3518	106
3519	20
3520	63
3521	44
3522	23
3523	121
3524	28
3525	41
3526	58
3527	57
3528	47
3529	14
3530	58
3531	51
3532	62
3533	29
3534	60
3535	75
3536	71
3537	60
3538	74
3539	40
3540	139
3541	91
3542	42
3543	61
3544	64
3545	30
3546	62
3547	10
3548	31
3549	37
3550	4
3551	36
3552	86
3553	63
3554	54
3555	67
3556	12
3557	35
3558	33
3559	38
3560	33
3561	29
3562	75
3563	63
3564	26
3565	147
3566	36
3567	60
3568	70
3569	75
3570	49
3571	12
3572	57
3573	6
3574	42
3575	30
3576	101
3577	37
3578	48
3579	46
3580	36
3581	52
3582	73
3583	23
3584	101
3585	42
3586	34
3587	47
3588	31
3589	41
3590	39
3591	30
3592	39
3593	47
3594	48
3595	20
3596	64
3597	65
3598	7
3599	53
3600	73
3601	22
3602	24
3603	104
3604	28
3605	24
3606	21
3607	28
3608	18
3609	89
3610	23
3611	90
3612	31
3613	157
3614	13
3615	12
3616	20
3617	73
3618	49
3619	36
3620	7
3621	20
3622	57
3623	49
3624	78
3625	24
3626	27
3627	24
3628	5
3629	35
3630	74
3631	85
3632	16
3633	122
3634	23
3635	37
3636	42
3637	11
3638	21
3639	7
3640	31
3641	15
3642	32
3643	6
3644	22
3645	9
3646	45
3647	30
3648	43
3649	37
3650	43
3651	33
3652	36
3653	13
3654	38
3655	18
3656	91
3657	59
3658	20
3659	31
3660	32
3661	34
3662	33
3663	49
3664	37
3665	48
3666	51
3667	51
3668	49
3669	34
3670	20
3671	45
3672	52
3673	63
3674	64
3675	46
3676	21
3677	32
3678	13
3679	50
3680	36
3681	9
3682	40
3683	6
3684	52
3685	16
3686	52
3687	18
3688	53
3689	18
3690	50
3691	51
3692	51
3693	66
3694	54
3695	75
3696	56
3697	60
3698	78
3699	51
3700	50
3701	48
3702	94
3703	27
3704	21
3705	40
3706	42
3707	41
3708	37
3709	61
3710	28
3711	29
3712	45
3713	44
3714	52
3715	48
3716	25
3717	42
3718	82
3719	41
3720	50
3721	7
3722	34
3723	65
3724	14
3725	32
3726	55
3727	10
3728	66
3729	12
3730	18
3731	53
3732	21
3733	33
3734	49
3735	14
3736	40
3737	23
3738	27
3739	51
3740	32
3741	29
3742	24
3743	56
3744	111
3745	29
3746	59
3747	35
3748	153
3749	59
3750	100
3751	17
3752	23
3753	39
3754	36
3755	17
3756	56
3757	46
3758	57
3759	69
3760	55
3761	68
3762	54
3763	60
3764	6
3765	3
3766	53
3767	76
3768	44
3769	27
3770	43
3771	33
3772	24
3773	66
3774	129
3775	44
3776	33
3777	14
3778	60
3779	27
3780	193
3781	22
3782	9
3783	55
3784	34
3785	50
3786	22
3787	73
3788	45
3789	29
3790	94
3791	41
3792	48
3793	43
3794	40
3795	45
3796	35
3797	31
3798	57
3799	40
3800	39
3801	11
3802	4
3803	43
3804	31
3805	18
3806	34
3807	14
3808	18
3809	21
3810	25
3811	83
3812	8
3813	30
3814	47
3815	37
3816	11
3817	50
3818	7
3819	16
3820	16
3821	26
3822	12
3823	18
3824	8
3825	8
3826	74
3827	9
3828	22
3829	13
3830	16
3831	12
3832	31
3833	5
3834	24
3835	14
3836	23
3837	16
3838	14
3839	9
3840	9
3841	36
3842	13
3843	9
3844	41
3845	18
3846	5
3847	51
3848	81
3849	58
3850	86
3851	42
3852	17
3853	21
3854	147
3855	55
3856	41
3857	21
3858	71
3859	2
3860	15
3861	11
3862	44
3863	19
3864	51
3865	46
3866	19
3867	43
3868	46
3869	45
3870	60
3871	34
3872	16
3873	45
3874	18
3875	86
3876	67
3877	25
3878	45
3879	68
3880	36
3881	94
3882	42
3883	27
3884	24
3885	16
3886	26
3887	46
3888	6
3889	44
3890	3
3891	33
3892	8
3893	13
3894	17
3895	6
3896	18
3897	11
3898	14
3899	61
3900	45
3901	23
3902	84
3903	28
3904	24
3905	121
3906	58
3907	32
3908	22
3909	53
3910	81
3911	59
3912	42
3913	57
3914	73
3915	128
3916	54
3917	147
3918	28
3919	87
3920	10
3921	13
3922	56
3923	8
3924	4
3925	83
3926	40
3927	32
3928	79
3929	94
3930	77
3931	90
3932	84
3933	59
3934	70
3935	13
3936	76
3937	36
3938	70
3939	68
3940	29
3941	38
3942	47
3943	57
3944	18
3945	52
3946	20
3947	50
3948	29
3949	47
3950	37
3951	43
3952	45
3953	57
3954	42
3955	50
3956	82
3957	49
3958	83
3959	44
3960	38
3961	51
3962	28
3963	28
3964	41
3965	24
3966	52
3967	32
3968	72
3969	18
3970	19
3971	58
3972	36
3973	17
3974	77
3975	117
3976	11
3977	122
3978	13
3979	17
3980	22
3981	25
3982	31
3983	31
3984	48
3985	51
3986	54
3987	124
3988	33
3989	38
3990	38
3991	25
3992	49
3993	17
3994	34
3995	15
3996	44
3997	47
3998	22
3999	30
4000	94
4001	10
4002	69
4003	38
4004	114
4005	65
4006	61
4007	74
4008	36
4009	75
4010	28
4011	21
4012	128
4013	44
4014	31
4015	84
4016	15
4017	5
4018	10
4019	5
4020	33
4021	22
4022	53
4023	53
4024	55
4025	57
4026	7
4027	4
4028	24
4029	32
4030	27
4031	61
4032	22
4033	50
4034	14
4035	47
4036	53
4037	25
4038	7
4039	11
4040	31
4041	22
4042	12
4043	25
4044	23
4045	20
4046	23
4047	25
4048	57
4049	91
4050	6
4051	28
4052	24
4053	37
4054	18
4055	15
4056	38
4057	49
4058	76
4059	46
4060	35
4061	87
4062	94
4063	21
4064	71
4065	20
4066	33
4067	17
4068	27
4069	53
4070	27
4071	31
4072	29
4073	28
4074	20
4075	80
4076	52
4077	16
4078	9
4079	55
4080	69
4081	63
4082	39
4083	29
4084	47
4085	172
4086	143
4087	44
4088	42
4089	11
4090	18
4091	20
4092	28
4093	34
4094	53
4095	52
4096	33
4097	5
4098	6
4099	36
4100	10
4101	66
4102	38
4103	79
4104	41
4105	28
4106	12
4107	63
4108	25
4109	44
4110	10
4111	17
4112	41
4113	24
4114	36
4115	5
4116	28
4117	26
4118	19
4119	46
4120	27
4121	44
4122	13
4123	25
4124	22
4125	49
4126	54
4127	32
4128	46
4129	49
4130	65
4131	55
4132	53
4133	10
4134	15
4135	19
4136	24
4137	26
4138	27
4139	152
4140	68
4141	37
4142	134
4143	124
4144	120
4145	41
4146	28
4147	11
4148	18
4149	11
4150	42
4151	13
4152	27
4153	29
4154	26
4155	50
4156	24
4157	63
4158	74
4159	61
4160	74
4161	4
4162	14
4163	9
4164	5
4165	29
4166	7
4167	39
4168	22
4169	65
4170	18
4171	26
4172	35
4173	7
4174	37
4175	58
4176	22
4177	39
4178	64
4179	37
4180	41
4181	27
4182	47
4183	37
4184	35
4185	42
4186	28
4187	20
4188	17
4189	53
4190	62
4191	36
4192	8
4193	11
4194	32
4195	15
4196	18
4197	24
4198	34
4199	28
4200	7
4201	15
4202	67
4203	54
4204	19
4205	28
4206	31
4207	34
4208	40
4209	40
4210	41
4211	6
4212	8
4213	33
4214	13
4215	16
4216	20
4217	22
4218	28
4219	31
4220	32
4221	27
4222	57
4223	33
4224	11
4225	96
4226	19
4227	20
4228	16
4229	27
4230	39
4231	22
4232	38
4233	46
4234	29
4235	70
4236	42
4237	66
4238	48
4239	31
4240	29
4241	31
4242	77
4243	34
4244	10
4245	43
4246	39
4247	28
4248	55
4249	22
4250	17
4251	37
4252	24
4253	82
4254	43
4255	82
4256	40
4257	38
4258	69
4259	5
4260	38
4261	37
4262	15
4263	22
4264	23
4265	24
4266	41
4267	44
4268	59
4269	58
4270	36
4271	42
4272	80
4273	17
4274	23
4275	93
4276	20
4277	71
4278	83
4279	29
4280	82
4281	20
4282	144
4283	70
4284	37
4285	7
4286	78
4287	40
4288	53
4289	155
4290	26
4291	9
4292	13
4293	54
4294	37
4295	44
4296	173
4297	55
4298	161
4299	63
4300	194
4301	6
4302	68
4303	212
4304	36
4305	241
4306	134
4307	15
4308	11
4309	49
4310	14
4311	40
4312	21
4313	38
4314	28
4315	28
4316	42
4317	35
4318	84
4319	78
4320	84
4321	80
4322	83
4323	70
4324	23
4325	68
4326	23
4327	47
4328	127
4329	31
4330	62
4331	26
4332	56
4333	39
4334	54
4335	30
4336	25
4337	16
4338	103
4339	68
4340	35
4341	8
4342	12
4343	59
4344	35
4345	16
4346	25
4347	66
4348	58
4349	69
4350	52
4351	20
4352	49
4353	31
4354	40
4355	30
4356	18
4357	33
4358	17
4359	65
4360	37
4361	42
4362	70
4363	42
4364	74
4365	43
4366	38
4367	37
4368	36
4369	47
4370	30
4371	33
4372	31
4373	59
4374	35
4375	61
4376	38
4377	61
4378	35
4379	33
4380	127
4381	149
4382	57
4383	147
4384	58
4385	150
4386	199
4387	88
4388	62
4389	33
4390	38
4391	66
4392	228
4393	71
4394	91
4395	31
4396	90
4397	39
4398	73
4399	36
4400	34
4401	61
4402	27
4403	40
4404	93
4405	56
4406	30
4407	23
4408	26
4409	16
4410	29
4411	10
4412	29
4413	4
4414	60
4415	15
4416	39
4417	41
4418	40
4419	34
4420	7
4421	42
4422	47
4423	25
4424	63
4425	30
4426	25
4427	12
4428	29
4429	34
4430	22
4431	32
4432	19
4433	130
4434	33
4435	23
4436	34
4437	35
4438	65
4439	101
4440	61
4441	104
4442	60
4443	2
4444	25
4445	45
4446	64
4447	34
4448	20
4449	119
4450	32
4451	52
4452	40
4453	31
4454	186
4455	27
4456	114
4457	81
4458	19
4459	33
4460	24
4461	34
4462	39
4463	29
4464	40
4465	23
4466	45
4467	47
4468	88
4469	44
4470	48
4471	39
4472	37
4473	49
4474	53
4475	59
4476	27
4477	111
4478	1
4479	5
4480	62
4481	59
4482	51
4483	77
4484	53
4485	43
4486	130
4487	84
4488	16
4489	37
4490	28
4491	33
4492	34
4493	36
4494	43
4495	41
4496	44
4497	28
4498	45
4499	31
4500	36
4501	40
4502	15
4503	12
4504	15
4505	37
4506	19
4507	27
4508	81
4509	29
4510	144
4511	25
4512	29
4513	70
4514	64
4515	74
4516	116
4517	9
4518	45
4519	126
4520	18
4521	40
4522	61
4523	76
4524	60
4525	114
4526	63
4527	114
4528	19
4529	39
4530	52
4531	21
4532	34
4533	21
4534	32
4535	53
4536	49
4537	56
4538	60
4539	99
4540	67
4541	103
4542	72
4543	70
4544	30
4545	46
4546	31
4547	37
4548	89
4549	56
4550	30
4551	101
4552	35
4553	103
4554	73
4555	59
4556	60
4557	64
4558	57
4559	38
4560	54
4561	26
4562	43
4563	56
4564	32
4565	38
4566	46
4567	6
4568	45
4569	8
4570	15
4571	9
4572	21
4573	51
4574	176
4575	60
4576	126
4577	66
4578	131
4579	67
4580	136
4581	67
4582	12
4583	138
4584	39
4585	40
4586	122
4587	43
4588	65
4589	35
4590	61
4591	39
4592	54
4593	47
4594	39
4595	42
4596	45
4597	44
4598	28
4599	43
4600	31
4601	43
4602	32
4603	41
4604	31
4605	39
4606	40
4607	49
4608	52
4609	50
4610	7
4611	11
4612	39
4613	43
4614	119
4615	65
4616	7
4617	31
4618	92
4619	31
4620	96
4621	17
4622	58
4623	65
4624	21
4625	51
4626	30
4627	54
4628	33
4629	57
4630	33
4631	38
4632	41
4633	48
4634	78
4635	39
4636	74
4637	43
4638	74
4639	45
4640	82
4641	46
4642	61
4643	96
4644	61
4645	98
4646	65
4647	93
4648	66
4649	104
4650	99
4651	69
4652	18
4653	22
4654	49
4655	26
4656	72
4657	61
4658	13
4659	54
4660	88
4661	94
4662	57
4663	91
4664	59
4665	85
4666	94
4667	69
4668	64
4669	31
4670	49
4671	52
4672	36
4673	48
4674	42
4675	38
4676	44
4677	48
4678	42
4679	29
4680	14
4681	48
4682	25
4683	45
4684	22
4685	49
4686	18
4687	80
4688	56
4689	86
4690	55
4691	50
4692	57
4693	13
4694	42
4695	20
4696	38
4697	208
4698	102
4699	37
4700	7
4701	27
4702	19
4703	43
4704	131
4705	29
4706	18
4707	12
4708	15
4709	15
4710	22
4711	25
4712	30
4713	29
4714	35
4715	41
4716	82
4717	62
4718	22
4719	25
4720	28
4721	31
4722	30
4723	32
4724	36
4725	37
4726	115
4727	109
4728	11
4729	16
4730	23
4731	27
4732	34
4733	38
4734	39
4735	42
4736	42
4737	45
4738	41
4739	37
4740	36
4741	40
4742	40
4743	115
4744	18
4745	18
4746	17
4747	41
4748	47
4749	48
4750	53
4751	22
4752	30
4753	35
4754	44
4755	50
4756	56
4757	87
4758	76
4759	190
4760	148
4761	35
4762	30
4763	19
4764	49
4765	48
4766	100
4767	30
4768	29
4769	58
4770	42
4771	47
4772	47
4773	41
4774	44
4775	45
4776	44
4777	47
4778	48
4779	39
4780	72
4781	43
4782	112
4783	72
4784	74
4785	34
4786	33
4787	71
4788	57
4789	55
4790	31
4791	21
4792	10
4793	75
4794	104
4795	73
4796	56
4797	27
4798	12
4799	25
4800	28
4801	29
4802	41
4803	7
4804	14
4805	214
4806	216
4807	69
4808	129
4809	123
4810	40
4811	8
4812	22
4813	99
4814	61
4815	67
4816	71
4817	67
4818	152
4819	146
4820	137
4821	125
4822	119
4823	80
4824	68
4825	53
4826	63
4827	182
4828	90
4829	107
4830	55
4831	113
4832	72
4833	57
4834	53
4835	61
4836	40
4837	68
4838	59
4839	54
4840	203
4841	22
4842	26
4843	28
4844	32
4845	36
4846	39
4847	56
4848	56
4849	59
4850	58
4851	89
4852	56
4853	54
4854	6
4855	46
4856	79
4857	65
4858	44
4859	45
4860	70
4861	128
4862	146
4863	138
4864	139
4865	124
4866	11
4867	90
4868	88
4869	87
4870	90
4871	87
4872	87
4873	85
4874	435
4875	99
4876	41
4877	44
4878	95
4879	106
4880	71
4881	102
4882	60
4883	35
4884	99
4885	71
4886	37
4887	86
4888	27
4889	22
4890	26
4891	35
4892	20
4893	55
4894	83
4895	61
4896	42
4897	47
4898	34
4899	2
4900	57
4901	59
4902	58
4903	60
4904	62
4905	64
4906	66
4907	68
4908	67
4909	67
4910	4
4911	7
4912	13
4913	16
4914	18
4915	23
4916	30
4917	36
4918	37
4919	39
4920	54
4921	61
4922	81
4923	36
4924	7
4925	19
4926	21
4927	52
4928	51
4929	55
4930	56
4931	55
4932	15
4933	36
4934	27
4935	48
4936	49
4937	92
4938	73
4939	97
4940	96
4941	103
4942	92
4943	132
4944	40
4945	57
4946	99
4947	14
4948	16
4949	6
4950	9
4951	176
4952	80
4953	12
4954	60
4955	32
4956	47
4957	166
4958	24
4959	78
4960	75
4961	52
4962	60
4963	60
4964	59
4965	59
4966	32
4967	53
4968	28
4969	41
4970	174
4971	22
4972	45
4973	23
4974	25
4975	24
4976	19
4977	59
4978	39
4979	131
4980	83
4981	54
4982	34
4983	36
4984	37
4985	32
4986	33
4987	20
4988	41
4989	172
4990	183
4991	50
4992	22
4993	80
4994	99
4995	20
4996	21
4997	28
4998	27
4999	34
5000	39
5001	47
5002	46
5003	74
5004	77
5005	79
5006	47
5007	52
5008	13
5009	49
5010	8
5011	68
5012	63
5013	37
5014	63
5015	61
5016	90
5017	115
5018	127
5019	121
5020	15
5021	130
5022	113
5023	115
5024	55
5025	47
5026	52
5027	51
5028	19
5029	11
5030	12
5031	15
5032	51
5033	36
5034	24
5035	28
5036	35
5037	35
5038	63
5039	32
5040	47
5041	93
5042	119
5043	76
5044	87
5045	50
5046	30
5047	32
5048	41
5049	49
5050	85
5051	47
5052	33
5053	19
5054	44
5055	30
5056	47
5057	49
5058	84
5059	62
5060	89
5061	56
5062	84
5063	55
5064	87
5065	115
5066	129
5067	49
5068	188
5069	166
5070	180
5071	97
5072	153
5073	138
5074	157
5075	16
5076	63
5077	71
5078	9
5079	56
5080	65
5081	19
5082	56
5083	119
5084	101
5085	102
5086	15
5087	49
5088	51
5089	5
5090	6
5091	15
5092	11
5093	7
5094	26
5095	10
5096	13
5097	19
5098	28
5099	6
5100	10
5101	14
5102	17
5103	21
5104	21
5105	30
5106	32
5107	35
5108	41
5109	42
5110	44
5111	58
5112	53
5113	72
5114	53
5115	121
5116	106
5117	79
5118	82
5119	134
5120	129
5121	137
5122	202
5123	167
5124	143
5125	118
5126	86
5127	252
5128	154
5129	51
5130	145
5131	141
5132	53
5133	35
5134	73
5135	43
5136	44
5137	130
5138	21
5139	25
5140	84
5141	46
5142	49
5143	72
5144	55
5145	103
5146	71
5147	75
5148	68
5149	92
5150	14
5151	22
5152	127
5153	28
5154	66
5155	46
5156	41
5157	73
5158	77
5159	79
5160	19
5161	18
5162	112
5163	45
5164	54
5165	19
5166	30
5167	24
5168	34
5169	31
5170	104
5171	44
5172	38
5173	35
5174	37
5175	27
5176	26
5177	13
5178	29
5179	41
5180	43
5181	44
5182	42
5183	47
5184	33
5185	71
5186	35
5187	156
5188	8
5189	72
5190	120
5191	105
5192	29
5193	22
5194	35
5195	249
5196	246
5197	282
5198	51
5199	45
5200	35
5201	33
5202	51
5203	63
5204	154
5205	39
5206	52
5207	93
5208	85
5209	23
5210	36
5211	81
5212	46
5213	77
5214	62
5215	62
5216	55
5217	10
5218	54
5219	12
5220	89
5221	16
5222	45
5223	42
5224	39
5225	42
5226	26
5227	32
5228	29
5229	52
5230	29
5231	13
5232	8
5233	15
5234	17
5235	9
5236	45
5237	37
5238	41
5239	43
5240	45
5241	26
5242	29
5243	31
5244	119
5245	91
5246	41
5247	10
5248	68
5249	68
5250	70
5251	36
5252	40
5253	91
5254	42
5255	99
5256	110
5257	12
5258	64
5259	64
5260	168
5261	56
5262	100
5263	58
5264	61
5265	12
5266	95
5267	92
5268	36
5269	80
5270	56
5271	25
5272	51
5273	54
5274	150
5275	143
5276	82
5277	48
5278	50
5279	48
5280	16
5281	21
5282	73
5283	82
5284	81
5285	89
5286	66
5287	69
5288	74
5289	74
5290	31
5291	26
5292	60
5293	29
5294	35
5295	42
5296	47
5297	47
5298	22
5299	60
5300	62
5301	96
5302	141
5303	113
5304	32
5305	4
5306	9
5307	67
5308	102
5309	31
5310	48
5311	47
5312	97
5313	12
5314	15
5315	18
5316	22
5317	28
5318	14
5319	12
5320	17
5321	34
5322	188
5323	20
5324	55
5325	68
5326	23
5327	44
5328	46
5329	26
5330	30
5331	28
5332	32
5333	99
5334	34
5335	107
5336	51
5337	58
5338	58
5339	7
5340	76
5341	80
5342	81
5343	62
5344	23
5345	32
5346	70
5347	39
5348	47
5349	66
5350	35
5351	42
5352	53
5353	53
5354	54
5355	79
5356	18
5357	77
5358	57
5359	49
5360	59
5361	60
5362	107
5363	104
5364	85
5365	83
5366	85
5367	103
5368	110
5369	108
5370	102
5371	99
5372	46
5373	92
5374	25
5375	26
5376	90
5377	133
5378	7
5379	10
5380	14
5381	18
5382	36
5383	1
5384	15
5385	21
5386	36
5387	44
5388	53
5389	13
5390	19
5391	21
5392	28
5393	32
5394	8
5395	41
5396	22
5397	84
5398	42
5399	76
5400	65
5401	111
5402	68
5403	21
5404	59
5405	10
5406	13
5407	44
5408	46
5409	47
5410	19
5411	50
5412	40
5413	14
5414	12
5415	80
5416	75
5417	46
5418	34
5419	80
5420	35
5421	2
5422	137
5423	57
5424	48
5425	17
5426	22
5427	47
5428	36
5429	24
5430	70
5431	96
5432	127
5433	128
5434	115
5435	115
5436	114
5437	133
5438	129
5439	45
5440	134
5441	106
5442	142
5443	130
5444	124
5445	114
5446	30
5447	35
5448	107
5449	62
5450	148
5451	113
5452	11
5453	25
5454	56
5455	43
5456	21
5457	30
5458	27
5459	53
5460	55
5461	52
5462	82
5463	25
5464	179
5465	168
5466	57
5467	24
5468	63
5469	64
5470	72
5471	98
5472	91
5473	118
5474	117
5475	15
5476	25
5477	312
5478	11
5479	25
5480	52
5481	43
5482	26
5483	39
5484	120
5485	41
5486	68
5487	13
5488	36
5489	100
5490	32
5491	107
5492	59
5493	88
5494	87
5495	60
5496	21
5497	30
5498	47
5499	32
5500	29
5501	27
5502	74
5503	60
5504	19
5505	41
5506	7
5507	180
5508	41
5509	177
5510	41
5511	13
5512	56
5513	24
5514	55
5515	26
5516	30
5517	43
5518	33
5519	61
5520	53
5521	59
5522	101
5523	24
5524	87
5525	85
5526	39
5527	36
5528	90
5529	43
5530	43
5531	7
5532	11
5533	36
5534	35
5535	16
5536	46
5537	63
5538	41
5539	29
5540	16
5541	41
5542	8
5543	40
5544	77
5545	78
5546	79
5547	76
5548	56
5549	48
5550	86
5551	54
5552	21
5553	84
5554	71
5555	40
5556	62
5557	1
5558	37
5559	46
5560	54
5561	51
5562	45
5563	44
5564	43
5565	17
5566	8
5567	39
5568	108
5569	83
5570	59
5571	136
5572	13
5573	61
5574	14
5575	58
5576	53
5577	20
5578	40
5579	58
5580	99
5581	24
5582	50
5583	46
5584	32
5585	95
5586	61
5587	45
5588	59
5589	58
5590	76
5591	42
5592	39
5593	175
5594	13
5595	60
5596	45
5597	98
5598	187
5599	59
5600	41
5601	93
5602	62
5603	67
5604	60
5605	68
5606	46
5607	57
5608	50
5609	80
5610	46
5611	69
5612	67
5613	33
5614	143
5615	48
5616	18
5617	58
5618	135
5619	42
5620	70
5621	80
5622	16
5623	40
5624	57
5625	76
5626	180
5627	81
5628	91
5629	76
5630	86
5631	39
5632	118
5633	21
5634	100
5635	101
5636	24
5637	46
5638	41
5639	173
5640	32
5641	46
5642	42
5643	107
5644	103
5645	14
5646	40
5647	107
5648	69
5649	39
5650	53
5651	85
5652	42
5653	49
5654	80
5655	65
5656	24
5657	23
5658	26
5659	28
5660	34
5661	35
5662	23
5663	116
5664	70
5665	122
5666	75
5667	145
5668	155
5669	100
5670	84
5671	54
5672	63
5673	95
5674	63
5675	89
5676	65
5677	86
5678	85
5679	61
5680	47
5681	64
5682	23
5683	35
5684	52
5685	54
5686	56
5687	56
5688	53
5689	59
5690	71
5691	42
5692	42
5693	41
5694	107
5695	100
5696	44
5697	76
5698	68
5699	18
5700	40
5701	35
5702	46
5703	5
5704	43
5705	23
5706	38
5707	29
5708	46
5709	64
5710	40
5711	50
5712	32
5713	45
5714	23
5715	43
5716	20
5717	36
5718	36
5719	35
5720	65
5721	92
5722	59
5723	85
5724	32
5725	63
5726	35
5727	40
5728	57
5729	55
5730	54
5731	31
5732	31
5733	9
5734	41
5735	42
5736	84
5737	47
5738	84
5739	38
5740	72
5741	90
5742	6
5743	62
5744	99
5745	20
5746	53
5747	37
5748	33
5749	26
5750	62
5751	64
5752	64
5753	61
5754	64
5755	57
5756	69
5757	67
5758	67
5759	70
5760	74
5761	59
5762	74
5763	56
5764	51
5765	74
5766	48
5767	137
5768	13
5769	44
5770	39
5771	42
5772	15
5773	36
5774	41
5775	22
5776	12
5777	40
5778	16
5779	13
5780	69
5781	22
5782	43
5783	21
5784	44
5785	46
5786	107
5787	211
5788	55
5789	54
5790	54
5791	55
5792	58
5793	50
5794	50
5795	53
5796	18
5797	23
5798	61
5799	31
5800	26
5801	62
5802	22
5803	64
5804	58
5805	16
5806	64
5807	64
5808	11
5809	47
5810	109
5811	54
5812	29
5813	92
5814	79
5815	20
5816	32
5817	88
5818	5
5819	14
5820	41
5821	39
5822	43
5823	136
5824	109
5825	136
5826	106
5827	8
5828	53
5829	60
5830	79
5831	42
5832	52
5833	62
5834	57
5835	65
5836	65
5837	85
5838	48
5839	46
5840	46
5841	52
5842	28
5843	44
5844	54
5845	47
5846	235
5847	25
5848	84
5849	11
5850	92
5851	60
5852	86
5853	100
5854	146
5855	4
5856	58
5857	112
5858	44
5859	55
5860	41
5861	43
5862	62
5863	52
5864	34
5865	65
5866	42
5867	145
5868	46
5869	92
5870	129
5871	38
5872	28
5873	32
5874	16
5875	15
5876	51
5877	46
5878	74
5879	121
5880	43
5881	49
5882	16
5883	34
5884	14
5885	18
5886	37
5887	58
5888	10
5889	22
5890	150
5891	24
5892	20
5893	60
5894	27
5895	28
5896	30
5897	19
5898	27
5899	27
5900	6
5901	9
5902	19
5903	66
5904	21
5905	61
5906	29
5907	349
5908	185
5909	53
5910	53
5911	51
5912	88
5913	28
5914	93
5915	91
5916	89
5917	81
5918	31
5919	57
5920	61
5921	52
5922	17
5923	59
5924	21
5925	42
5926	41
5927	258
5928	25
5929	189
5930	68
5931	119
5932	112
5933	20
5934	66
5935	34
5936	29
5937	28
5938	39
5939	30
5940	48
5941	48
5942	8
5943	44
5944	25
5945	47
5946	18
5947	28
5948	28
5949	440
5950	65
5951	7
5952	7
5953	10
5954	19
5955	4
5956	16
5957	24
5958	30
5959	35
5960	64
5961	22
5962	44
5963	48
5964	12
5965	86
5966	49
5967	8
5968	34
5969	41
5970	14
5971	16
5972	34
5973	75
5974	39
5975	45
5976	34
5977	60
5978	49
5979	37
5980	44
5981	33
5982	67
5983	19
5984	53
5985	20
5986	51
5987	62
5988	4
5989	42
5990	54
5991	30
5992	73
5993	24
5994	10
5995	17
5996	21
5997	62
5998	67
5999	42
6000	50
6001	61
6002	71
6003	58
6004	3
6005	14
6006	33
6007	5
6008	38
6009	6
6010	67
6011	125
6012	17
6013	27
6014	52
6015	42
6016	48
6017	21
6018	108
6019	32
6020	31
6021	73
6022	30
6023	30
6024	70
6025	39
6026	81
6027	36
6028	43
6029	27
6030	36
6031	61
6032	45
6033	45
6034	84
6035	83
6036	26
6037	39
6038	20
6039	84
6040	32
6041	44
6042	39
6043	27
6044	23
6045	56
6046	33
6047	57
6048	33
6049	34
6050	34
6051	27
6052	46
6053	9
6054	17
6055	26
6056	32
6057	80
6058	51
6059	24
6060	40
6061	151
6062	27
6063	33
6064	40
6065	22
6066	28
6067	65
6068	87
6069	47
6070	116
6071	35
6072	22
6073	39
6074	26
6075	54
6076	31
6077	27
6078	34
6079	26
6080	47
6081	64
6082	26
6083	22
6084	51
6085	26
6086	21
6087	139
6088	37
6089	33
6090	48
6091	33
6092	51
6093	66
6094	52
6095	46
6096	40
6097	62
6098	58
6099	35
6100	241
6101	45
6102	27
6103	146
6104	23
6105	78
6106	20
6107	84
6108	10
6109	77
6110	24
6111	24
6112	27
6113	78
6114	50
6115	49
6116	72
6117	27
6118	48
6119	31
6120	65
6121	55
6122	67
6123	19
6124	22
6125	32
6126	42
6127	45
6128	10
6129	98
6130	149
6131	82
6132	93
6133	18
6134	22
6135	30
6136	139
6137	96
6138	100
6139	58
6140	39
6141	56
6142	62
6143	42
6144	37
6145	35
6146	25
6147	26
6148	58
6149	49
6150	78
6151	87
6152	52
6153	52
6154	10
6155	10
6156	12
6157	15
6158	15
6159	45
6160	26
6161	19
6162	40
6163	23
6164	28
6165	28
6166	34
6167	83
6168	50
6169	31
6170	88
6171	32
6172	86
6173	112
6174	44
6175	42
6176	51
6177	39
6178	53
6179	43
6180	72
6181	88
6182	76
6183	89
6184	159
6185	151
6186	73
6187	26
6188	45
6189	79
6190	32
6191	13
6192	33
6193	35
6194	77
6195	37
6196	79
6197	26
6198	75
6199	30
6200	92
6201	44
6202	22
6203	33
6204	65
6205	33
6206	60
6207	39
6208	58
6209	54
6210	81
6211	25
6212	33
6213	30
6214	57
6215	74
6216	55
6217	76
6218	61
6219	79
6220	30
6221	65
6222	66
6223	75
6224	60
6225	76
6226	67
6227	69
6228	69
6229	64
6230	68
6231	64
6232	59
6233	63
6234	72
6235	57
6236	70
6237	56
6238	128
6239	36
6240	69
6241	54
6242	71
6243	51
6244	105
6245	51
6246	55
6247	76
6248	52
6249	80
6250	103
6251	34
6252	52
6253	53
6254	46
6255	44
6256	35
6257	42
6258	46
6259	23
6260	35
6261	37
6262	35
6263	43
6264	52
6265	33
6266	50
6267	73
6268	44
6269	73
6270	39
6271	80
6272	30
6273	83
6274	90
6275	81
6276	11
6277	11
6278	51
6279	26
6280	49
6281	21
6282	28
6283	50
6284	45
6285	80
6286	74
6287	106
6288	103
6289	108
6290	56
6291	31
6292	24
6293	99
6294	8
6295	30
6296	94
6297	35
6298	95
6299	36
6300	125
6301	23
6302	86
6303	59
6304	182
6305	62
6306	151
6307	29
6308	143
6309	91
6310	105
6311	74
6312	15
6313	104
6314	97
6315	57
6316	31
6317	150
6318	106
6319	49
6320	140
6321	49
6322	149
6323	23
6324	41
6325	140
6326	69
6327	192
6328	16
6329	9
6330	21
6331	16
6332	16
6333	48
6334	163
6335	45
6336	47
6337	41
6338	53
6339	66
6340	24
6341	19
6342	8
6343	81
6344	31
6345	50
6346	12
6347	143
6348	18
6349	33
6350	40
6351	56
6352	8
6353	41
6354	34
6355	36
6356	68
6357	62
6358	31
6359	83
6360	194
6361	109
6362	35
6363	96
6364	32
6365	44
6366	41
6367	41
6368	44
6369	17
6370	70
6371	45
6372	62
6373	75
6374	119
6375	95
6376	112
6377	14
6378	12
6379	61
6380	51
6381	25
6382	35
6383	91
6384	43
6385	140
6386	55
6387	24
6388	76
6389	30
6390	58
6391	28
6392	69
6393	116
6394	39
6395	39
6396	36
6397	53
6398	27
6399	52
6400	34
6401	25
6402	30
6403	35
6404	34
6405	42
6406	111
6407	56
6408	59
6409	55
6410	55
6411	15
6412	69
6413	46
6414	93
6415	92
6416	92
6417	103
6418	67
6419	82
6420	122
6421	127
6422	64
6423	66
6424	209
6425	40
6426	67
6427	63
6428	89
6429	29
6430	46
6431	67
6432	38
6433	63
6434	53
6435	48
6436	29
6437	34
6438	54
6439	46
6440	26
6441	30
6442	44
6443	33
6444	50
6445	50
6446	52
6447	59
6448	55
6449	54
6450	11
6451	16
6452	20
6453	20
6454	2
6455	3
6456	15
6457	28
6458	34
6459	38
6460	40
6461	43
6462	52
6463	53
6464	61
6465	63
6466	68
6467	54
6468	34
6469	31
6470	52
6471	50
6472	51
6473	95
6474	11
6475	61
6476	19
6477	57
6478	66
6479	22
6480	49
6481	18
6482	79
6483	26
6484	31
6485	40
6486	14
6487	26
6488	62
6489	44
6490	57
6491	45
6492	53
6493	30
6494	35
6495	82
6496	40
6497	85
6498	58
6499	101
6500	52
6501	103
6502	27
6503	41
6504	27
6505	37
6506	29
6507	36
6508	66
6509	42
6510	70
6511	38
6512	53
6513	35
6514	29
6515	78
6516	24
6517	75
6518	49
6519	46
6520	65
6521	36
6522	21
6523	25
6524	23
6525	26
6526	6
6527	36
6528	39
6529	45
6530	51
6531	29
6532	21
6533	50
6534	50
6535	58
6536	26
6537	16
6538	23
6539	80
6540	80
6541	79
6542	37
6543	40
6544	38
6545	53
6546	55
6547	27
6548	14
6549	46
6550	88
6551	50
6552	87
6553	30
6554	94
6555	58
6556	134
6557	56
6558	58
6559	63
6560	58
6561	46
6562	29
6563	12
6564	123
6565	28
6566	19
6567	22
6568	24
6569	32
6570	28
6571	33
6572	27
6573	26
6574	35
6575	36
6576	25
6577	17
6578	51
6579	21
6580	40
6581	189
6582	57
6583	27
6584	32
6585	31
6586	31
6587	33
6588	33
6589	43
6590	37
6591	53
6592	92
6593	53
6594	42
6595	52
6596	82
6597	36
6598	39
6599	23
6600	28
6601	41
6602	46
6603	60
6604	86
6605	6
6606	58
6607	99
6608	24
6609	31
6610	61
6611	71
6612	40
6613	36
6614	33
6615	31
6616	30
6617	23
6618	20
6619	52
6620	53
6621	49
6622	51
6623	6
6624	4
6625	57
6626	17
6627	30
6628	50
6629	23
6630	54
6631	59
6632	52
6633	25
6634	45
6635	20
6636	53
6637	53
6638	33
6639	32
6640	33
6641	33
6642	98
6643	26
6644	21
6645	32
6646	18
6647	32
6648	36
6649	57
6650	22
6651	55
6652	40
6653	33
6654	132
6655	83
6656	56
6657	38
6658	19
6659	87
6660	47
6661	30
6662	30
6663	23
6664	30
6665	57
6666	51
6667	20
6668	34
6669	13
6670	50
6671	46
6672	19
6673	60
6674	66
6675	27
6676	16
6677	49
6678	86
6679	51
6680	57
6681	44
6682	58
6683	31
6684	45
6685	44
6686	76
6687	12
6688	26
6689	21
6690	125
6691	89
6692	10
6693	59
6694	76
6695	111
6696	15
6697	63
6698	13
6699	19
6700	62
6701	8
6702	44
6703	22
6704	23
6705	50
6706	26
6707	53
6708	29
6709	34
6710	50
6711	51
6712	39
6713	10
6714	55
6715	15
6716	31
6717	24
6718	31
6719	24
6720	30
6721	58
6722	24
6723	45
6724	27
6725	25
6726	49
6727	22
6728	9
6729	43
6730	29
6731	20
6732	41
6733	33
6734	38
6735	32
6736	34
6737	32
6738	29
6739	38
6740	11
6741	40
6742	91
6743	18
6744	8
6745	87
6746	48
6747	71
6748	47
6749	37
6750	2
6751	60
6752	59
6753	15
6754	51
6755	26
6756	10
6757	21
6758	198
6759	85
6760	43
6761	51
6762	38
6763	49
6764	46
6765	20
6766	27
6767	88
6768	51
6769	83
6770	47
6771	28
6772	39
6773	34
6774	33
6775	55
6776	3
6777	25
6778	56
6779	65
6780	35
6781	30
6782	67
6783	66
6784	53
6785	89
6786	112
6787	144
6788	186
6789	177
6790	172
6791	24
6792	8
6793	60
6794	66
6795	54
6796	51
6797	63
6798	91
6799	85
6800	83
6801	83
6802	56
6803	59
6804	117
6805	24
6806	117
6807	67
6808	26
6809	26
6810	13
6811	30
6812	55
6813	57
6814	56
6815	58
6816	60
6817	65
6818	70
6819	58
6820	70
6821	49
6822	48
6823	64
6824	80
6825	12
6826	33
6827	11
6828	62
6829	29
6830	23
6831	22
6832	24
6833	16
6834	26
6835	123
6836	48
6837	127
6838	52
6839	39
6840	55
6841	60
6842	35
6843	72
6844	37
6845	82
6846	53
6847	37
6848	29
6849	69
6850	77
6851	67
6852	70
6853	69
6854	87
6855	118
6856	85
6857	124
6858	43
6859	50
6860	51
6861	57
6862	47
6863	46
6864	42
6865	38
6866	19
6867	4
6868	49
6869	43
6870	47
6871	81
6872	33
6873	81
6874	40
6875	29
6876	38
6877	45
6878	1
6879	64
6880	8
6881	24
6882	35
6883	21
6884	26
6885	46
6886	49
6887	16
6888	37
6889	121
6890	51
6891	57
6892	33
6893	25
6894	40
6895	8
6896	41
6897	17
6898	18
6899	37
6900	58
6901	40
6902	65
6903	31
6904	78
6905	25
6906	27
6907	55
6908	41
6909	14
6910	9
6911	75
6912	69
6913	12
6914	92
6915	72
6916	25
6917	32
6918	11
6919	62
6920	56
6921	9
6922	32
6923	14
6924	26
6925	20
6926	23
6927	20
6928	19
6929	25
6930	45
6931	43
6932	42
6933	47
6934	45
6935	53
6936	36
6937	12
6938	31
6939	19
6940	82
6941	36
6942	32
6943	78
6944	67
6945	71
6946	59
6947	58
6948	61
6949	62
6950	64
6951	133
6952	38
6953	60
6954	59
6955	22
6956	78
6957	59
6958	16
6959	91
6960	40
6961	49
6962	58
6963	65
6964	70
6965	5
6966	31
6967	13
6968	14
6969	11
6970	28
6971	4
6972	38
6973	56
6974	43
6975	46
6976	90
6977	78
6978	12
6979	43
6980	47
6981	59
6982	5
6983	15
6984	44
6985	5
6986	20
6987	24
6988	87
6989	43
6990	48
6991	NaN
6992	7
6993	6
6994	53
6995	140
6996	54
6997	30
6998	39
6999	15
7000	21
7001	27
7002	23
7003	44
7004	28
7005	34
7006	36
7007	44
7008	40
7009	37
7010	44
7011	6
7012	48
7013	62
7014	62
7015	33
7016	38
7017	24
7018	74
7019	43
7020	7
7021	62
7022	65
7023	127
7024	15
7025	24
7026	51
7027	56
7028	39
7029	40
7030	31
7031	37
7032	70
7033	68
7034	54
7035	96
7036	43
7037	5
7038	9
7039	35
7040	22
7041	21
7042	35
7043	57
7044	43
7045	47
7046	42
7047	6
7048	19
7049	51
7050	58
7051	27
7052	19
7053	68
7054	7
7055	28
7056	38
7057	92
7058	84
7059	57
7060	51
7061	35
7062	78
7063	24
7064	99
7065	32
7066	21
7067	41
7068	43
7069	49
7070	28
7071	39
7072	18
7073	23
7074	31
7075	36
7076	30
7077	39
7078	53
7079	53
7080	61
7081	26
7082	41
7083	53
7084	73
7085	76
7086	78
7087	80
7088	82
7089	85
7090	92
7091	65
7092	79
7093	66
7094	89
7095	96
7096	63
7097	47
7098	57
7099	68
7100	38
7101	31
7102	139
7103	30
7104	31
7105	44
7106	57
7107	38
7108	46
7109	46
7110	41
7111	22
7112	167
7113	230
7114	34
7115	28
7116	29
7117	24
7118	13
7119	27
7120	106
7121	103
7122	70
7123	114
7124	67
7125	84
7126	66
7127	85
7128	111
7129	69
7130	77
7131	40
7132	80
7133	48
7134	82
7135	48
7136	84
7137	16
7138	61
7139	74
7140	73
7141	75
7142	73
7143	78
7144	3
7145	10
7146	8
7147	15
7148	14
7149	19
7150	28
7151	40
7152	138
7153	65
7154	38
7155	71
7156	26
7157	128
7158	13
7159	70
7160	163
7161	75
7162	41
7163	35
7164	40
7165	33
7166	49
7167	58
7168	68
7169	14
7170	12
7171	89
7172	114
7173	95
7174	54
7175	76
7176	78
7177	60
7178	46
7179	6
7180	21
7181	71
7182	31
7183	33
7184	37
7185	33
7186	39
7187	99
7188	26
7189	7
7190	37
7191	120
7192	112
7193	107
7194	74
7195	19
7196	25
7197	35
7198	38
7199	42
7200	49
7201	94
7202	51
7203	44
7204	52
7205	51
7206	53
7207	55
7208	53
7209	53
7210	52
7211	51
7212	41
7213	52
7214	5
7215	10
7216	37
7217	22
7218	70
7219	141
7220	70
7221	215
7222	39
7223	42
7224	41
7225	41
7226	45
7227	49
7228	50
7229	51
7230	20
7231	25
7232	29
7233	34
7234	36
7235	44
7236	45
7237	49
7238	51
7239	50
7240	50
7241	39
7242	103
7243	52
7244	99
7245	53
7246	64
7247	63
7248	57
7249	30
7250	33
7251	39
7252	29
7253	15
7254	43
7255	32
7256	45
7257	86
7258	32
7259	43
7260	17
7261	56
7262	20
7263	49
7264	15
7265	33
7266	29
7267	25
7268	112
7269	31
7270	45
7271	29
7272	15
7273	56
7274	28
7275	72
7276	49
7277	69
7278	67
7279	14
7280	36
7281	43
7282	42
7283	38
7284	27
7285	24
7286	62
7287	36
7288	44
7289	11
7290	54
7291	23
7292	58
7293	59
7294	55
7295	47
7296	37
7297	8
7298	12
7299	19
7300	31
7301	62
7302	32
7303	7
7304	16
7305	20
7306	31
7307	28
7308	25
7309	65
7310	39
7311	62
7312	61
7313	69
7314	27
7315	5
7316	164
7317	42
7318	30
7319	22
7320	138
7321	74
7322	83
7323	25
7324	220
7325	52
7326	27
7327	61
7328	66
7329	72
7330	21
7331	48
7332	26
7333	43
7334	28
7335	36
7336	48
7337	31
7338	30
7339	19
7340	26
7341	19
7342	8
7343	23
7344	65
7345	31
7346	60
7347	39
7348	61
7349	58
7350	37
7351	57
7352	5
7353	70
7354	52
7355	54
7356	74
7357	77
7358	80
7359	14
7360	45
7361	57
7362	10
7363	56
7364	55
7365	44
7366	58
7367	44
7368	145
7369	120
7370	26
7371	45
7372	8
7373	39
7374	56
7375	20
7376	20
7377	54
7378	26
7379	53
7380	29
7381	50
7382	23
7383	105
7384	39
7385	50
7386	37
7387	46
7388	16
7389	84
7390	36
7391	25
7392	26
7393	23
7394	31
7395	20
7396	33
7397	18
7398	42
7399	37
7400	18
7401	61
7402	58
7403	20
7404	93
7405	26
7406	108
7407	21
7408	20
7409	73
7410	42
7411	11
7412	38
7413	37
7414	39
7415	14
7416	39
7417	65
7418	70
7419	33
7420	36
7421	28
7422	10
7423	91
7424	23
7425	16
7426	36
7427	75
7428	76
7429	72
7430	74
7431	132
7432	96
7433	28
7434	19
7435	33
7436	82
7437	8
7438	25
7439	39
7440	15
7441	23
7442	26
7443	64
7444	29
7445	39
7446	55
7447	24
7448	6
7449	75
7450	47
7451	61
7452	76
7453	33
7454	108
7455	29
7456	93
7457	116
7458	46
7459	46
7460	49
7461	40
7462	44
7463	40
7464	42
7465	37
7466	84
7467	26
7468	28
7469	77
7470	97
7471	112
7472	56
7473	25
7474	42
7475	181
7476	52
7477	58
7478	42
7479	102
7480	36
7481	30
7482	42
7483	95
7484	36
7485	24
7486	42
7487	12
7488	56
7489	55
7490	36
7491	40
7492	49
7493	65
7494	24
7495	19
7496	40
7497	49
7498	13
7499	54
7500	39
7501	19
7502	30
7503	29
7504	33
7505	19
7506	25
7507	36
7508	27
7509	35
7510	44
7511	26
7512	47
7513	27
7514	48
7515	52
7516	51
7517	33
7518	53
7519	72
7520	62
7521	71
7522	13
7523	4
7524	7
7525	43
7526	49
7527	61
7528	83
7529	53
7530	29
7531	26
7532	16
7533	76
7534	143
7535	49
7536	137
7537	38
7538	21
7539	25
7540	31
7541	10
7542	20
7543	44
7544	21
7545	44
7546	46
7547	13
7548	34
7549	39
7550	15
7551	16
7552	19
7553	55
7554	24
7555	52
7556	50
7557	48
7558	103
7559	25
7560	48
7561	40
7562	49
7563	7
7564	46
7565	17
7566	45
7567	32
7568	47
7569	18
7570	23
7571	39
7572	20
7573	47
7574	6
7575	29
7576	22
7577	88
7578	63
7579	17
7580	25
7581	27
7582	17
7583	26
7584	13
7585	35
7586	37
7587	9
7588	29
7589	40
7590	1
7591	22
7592	28
7593	43
7594	72
7595	28
7596	67
7597	36
7598	10
7599	33
7600	9
7601	4
7602	30
7603	25
7604	55
7605	31
7606	43
7607	92
7608	93
7609	38
7610	26
7611	11
7612	29
7613	12
7614	64
7615	65
7616	73
7617	43
7618	29
7619	42
7620	27
7621	35
7622	25
7623	67
7624	65
7625	69
7626	25
7627	57
7628	23
7629	54
7630	19
7631	9
7632	50
7633	20
7634	90
7635	123
7636	28
7637	58
7638	111
7639	55
7640	110
7641	69
7642	83
7643	52
7644	31
7645	24
7646	20
7647	23
7648	19
7649	4
7650	19
7651	45
7652	25
7653	41
7654	33
7655	42
7656	39
7657	42
7658	141
7659	60
7660	29
7661	32
7662	16
7663	18
7664	13
7665	27
7666	25
7667	43
7668	27
7669	66
7670	68
7671	33
7672	28
7673	94
7674	87
7675	26
7676	15
7677	26
7678	15
7679	4
7680	11
7681	9
7682	35
7683	80
7684	83
7685	77
7686	84
7687	79
7688	78
7689	79
7690	60
7691	205
7692	117
7693	56
7694	4
7695	13
7696	19
7697	130
7698	35
7699	33
7700	13
7701	30
7702	99
7703	24
7704	11
7705	51
7706	21
7707	138
7708	15
7709	132
7710	99
7711	41
7712	13
7713	41
7714	10
7715	59
7716	39
7717	65
7718	108
7719	7
7720	111
7721	65
7722	64
7723	62
7724	59
7725	23
7726	59
7727	62
7728	45
7729	57
7730	37
7731	45
7732	22
7733	54
7734	73
7735	59
7736	25
7737	77
7738	56
7739	81
7740	47
7741	46
7742	46
7743	66
7744	54
7745	12
7746	30
7747	13
7748	44
7749	13
7750	29
7751	73
7752	7
7753	30
7754	31
7755	29
7756	27
7757	125
7758	20
7759	62
7760	58
7761	43
7762	25
7763	25
7764	51
7765	52
7766	51
7767	19
7768	19
7769	32
7770	19
7771	29
7772	38
7773	40
7774	41
7775	40
7776	37
7777	36
7778	39
7779	53
7780	55
7781	100
7782	22
7783	73
7784	37
7785	15
7786	29
7787	56
7788	33
7789	53
7790	36
7791	48
7792	37
7793	43
7794	46
7795	64
7796	45
7797	131
7798	60
7799	150
7800	45
7801	104
7802	49
7803	30
7804	35
7805	37
7806	17
7807	47
7808	47
7809	52
7810	44
7811	8
7812	10
7813	15
7814	40
7815	26
7816	61
7817	40
7818	13
7819	13
7820	25
7821	71
7822	20
7823	43
7824	20
7825	54
7826	58
7827	11
7828	27
7829	20
7830	25
7831	18
7832	77
7833	10
7834	16
7835	20
7836	6
7837	5
7838	61
7839	174
7840	58
7841	166
7842	36
7843	22
7844	45
7845	14
7846	22
7847	6
7848	9
7849	22
7850	47
7851	81
7852	124
7853	63
7854	65
7855	135
7856	33
7857	104
7858	27
7859	32
7860	29
7861	26
7862	62
7863	34
7864	66
7865	69
7866	27
7867	50
7868	31
7869	40
7870	29
7871	24
7872	34
7873	11
7874	21
7875	60
7876	72
7877	44
7878	3
7879	46
7880	49
7881	39
7882	63
7883	77
7884	7
7885	30
7886	35
7887	40
7888	4
7889	39
7890	42
7891	8
7892	43
7893	59
7894	67
7895	24
7896	64
7897	69
7898	62
7899	66
7900	70
7901	85
7902	34
7903	33
7904	37
7905	37
7906	32
7907	30
7908	30
7909	90
7910	82
7911	37
7912	23
7913	15
7914	45
7915	29
7916	30
7917	37
7918	42
7919	18
7920	24
7921	35
7922	27
7923	4
7924	13
7925	19
7926	37
7927	48
7928	98
7929	22
7930	53
7931	25
7932	30
7933	40
7934	54
7935	98
7936	16
7937	25
7938	30
7939	36
7940	18
7941	9
7942	9
7943	27
7944	63
7945	5
7946	26
7947	19
7948	57
7949	39
7950	31
7951	27
7952	97
7953	68
7954	41
7955	115
7956	76
7957	78
7958	77
7959	77
7960	32
7961	41
7962	60
7963	56
7964	22
7965	152
7966	149
7967	5
7968	56
7969	24
7970	11
7971	54
7972	43
7973	22
7974	9
7975	25
7976	12
7977	20
7978	19
7979	37
7980	42
7981	12
7982	49
7983	44
7984	49
7985	54
7986	55
7987	94
7988	7
7989	52
7990	8
7991	28
7992	17
7993	26
7994	12
7995	31
7996	104
7997	59
7998	59
7999	51
8000	36
8001	40
8002	35
8003	51
8004	17
8005	14
8006	113
8007	26
8008	39
8009	251
8010	17
8011	28
8012	50
8013	27
8014	27
8015	14
8016	13
8017	84
8018	102
8019	82
8020	34
8021	44
8022	27
8023	10
8024	49
8025	46
8026	58
8027	40
8028	138
8029	32
8030	42
8031	38
8032	34
8033	35
8034	68
8035	44
8036	45
8037	43
8038	3
8039	10
8040	14
8041	44
8042	16
8043	75
8044	11
8045	46
8046	9
8047	45
8048	8
8049	38
8050	5
8051	35
8052	92
8053	42
8054	44
8055	88
8056	21
8057	39
8058	25
8059	53
8060	67
8061	70
8062	44
8063	15
8064	11
8065	29
8066	40
8067	25
8068	30
8069	19
8070	23
8071	18
8072	9
8073	8
8074	38
8075	37
8076	83
8077	45
8078	52
8079	18
8080	48
8081	90
8082	27
8083	136
8084	39
8085	36
8086	45
8087	17
8088	44
8089	41
8090	28
8091	82
8092	49
8093	52
8094	86
8095	23
8096	39
8097	83
8098	78
8099	42
8100	41
8101	42
8102	46
8103	69
8104	64
8105	32
8106	88
8107	14
8108	36
8109	39
8110	26
8111	47
8112	68
8113	50
8114	26
8115	29
8116	41
8117	37
8118	44
8119	32
8120	49
8121	28
8122	50
8123	26
8124	27
8125	32
8126	118
8127	12
8128	25
8129	34
8130	14
8131	49
8132	32
8133	31
8134	9
8135	44
8136	30
8137	42
8138	54
8139	23
8140	57
8141	46
8142	42
8143	33
8144	30
8145	75
8146	60
8147	108
8148	102
8149	23
8150	62
8151	70
8152	43
8153	20
8154	41
8155	4
8156	47
8157	61
8158	58
8159	57
8160	36
8161	51
8162	41
8163	50
8164	47
8165	49
8166	52
8167	52
8168	35
8169	26
8170	39
8171	2
8172	85
8173	45
8174	42
8175	27
8176	29
8177	33
8178	17
8179	26
8180	35
8181	34
8182	39
8183	44
8184	16
8185	8
8186	11
8187	34
8188	62
8189	119
8190	26
8191	57
8192	52
8193	26
8194	18
8195	40
8196	7
8197	46
8198	62
8199	38
8200	42
8201	26
8202	38
8203	38
8204	68
8205	116
8206	27
8207	9
8208	32
8209	5
8210	33
8211	71
8212	59
8213	84
8214	48
8215	40
8216	70
8217	38
8218	51
8219	27
8220	43
8221	42
8222	46
8223	85
8224	44
8225	10
8226	5
8227	29
8228	62
8229	36
8230	56
8231	42
8232	60
8233	48
8234	60
8235	68
8236	73
8237	49
8238	51
8239	54
8240	31
8241	12
8242	6
8243	26
8244	56
8245	34
8246	52
8247	55
8248	36
8249	53
8250	50
8251	40
8252	15
8253	81
8254	27
8255	32
8256	33
8257	26
8258	38
8259	21
8260	78
8261	29
8262	42
8263	24
8264	107
8265	108
8266	14
8267	31
8268	26
8269	52
8270	36
8271	49
8272	60
8273	25
8274	29
8275	29
8276	18
8277	71
8278	64
8279	55
8280	57
8281	19
8282	15
8283	6
8284	34
8285	61
8286	43
8287	94
8288	20
8289	22
8290	35
8291	30
8292	52
8293	44
8294	40
8295	51
8296	38
8297	36
8298	29
8299	29
8300	42
8301	49
8302	81
8303	69
8304	81
8305	6
8306	17
8307	26
8308	40
8309	44
8310	39
8311	127
8312	48
8313	60
8314	22
8315	15
8316	55
8317	54
8318	55
8319	8
8320	13
8321	52
8322	238
8323	45
8324	19
8325	20
8326	48
8327	44
8328	35
8329	42
8330	41
8331	109
8332	11
8333	44
8334	40
8335	37
8336	38
8337	38
8338	39
8339	33
8340	38
8341	41
8342	34
8343	21
8344	28
8345	24
8346	20
8347	30
8348	11
8349	36
8350	8
8351	19
8352	55
8353	66
8354	15
8355	24
8356	36
8357	29
8358	35
8359	77
8360	5
8361	40
8362	37
8363	25
8364	31
8365	48
8366	53
8367	57
8368	44
8369	35
8370	56
8371	59
8372	53
8373	54
8374	41
8375	82
8376	46
8377	65
8378	36
8379	8
8380	37
8381	52
8382	16
8383	21
8384	22
8385	25
8386	47
8387	29
8388	45
8389	74
8390	8
8391	90
8392	24
8393	41
8394	38
8395	111
8396	29
8397	12
8398	23
8399	68
8400	13
8401	11
8402	66
8403	10
8404	29
8405	42
8406	52
8407	8
8408	28
8409	93
8410	40
8411	46
8412	50
8413	59
8414	43
8415	33
8416	66
8417	7
8418	103
8419	4
8420	7
8421	4
8422	30
8423	27
8424	29
8425	29
8426	33
8427	26
8428	39
8429	14
8430	44
8431	6
8432	39
8433	10
8434	18
8435	75
8436	67
8437	60
8438	54
8439	26
8440	65
8441	76
8442	78
8443	102
8444	42
8445	12
8446	45
8447	75
8448	36
8449	70
8450	47
8451	69
8452	49
8453	14
8454	65
8455	27
8456	64
8457	21
8458	32
8459	26
8460	32
8461	38
8462	43
8463	51
8464	54
8465	60
8466	58
8467	60
8468	32
8469	109
8470	106
8471	28
8472	14
8473	24
8474	18
8475	22
8476	5
8477	35
8478	44
8479	32
8480	42
8481	31
8482	44
8483	26
8484	44
8485	36
8486	49
8487	52
8488	20
8489	36
8490	44
8491	39
8492	33
8493	41
8494	31
8495	8
8496	11
8497	32
8498	28
8499	35
8500	35
8501	71
8502	18
8503	36
8504	6
8505	88
8506	27
8507	12
8508	95
8509	18
8510	25
8511	30
8512	87
8513	42
8514	45
8515	49
8516	49
8517	11
8518	12
8519	17
8520	24
8521	27
8522	21
8523	34
8524	88
8525	40
8526	39
8527	38
8528	47
8529	44
8530	102
8531	73
8532	86
8533	63
8534	85
8535	58
8536	87
8537	29
8538	23
8539	19
8540	11
8541	29
8542	26
8543	90
8544	46
8545	113
8546	55
8547	64
8548	86
8549	79
8550	23
8551	23
8552	14
8553	56
8554	15
8555	22
8556	54
8557	42
8558	26
8559	43
8560	62
8561	13
8562	115
8563	97
8564	29
8565	5
8566	19
8567	8
8568	15
8569	656
8570	22
8571	398
8572	17
8573	28
8574	9
8575	18
8576	28
8577	22
8578	46
8579	48
8580	27
8581	62
8582	59
8583	30
8584	57
8585	28
8586	31
8587	55
8588	12
8589	29
8590	32
8591	33
8592	27
8593	41
8594	13
8595	24
8596	17
8597	22
8598	49
8599	24
8600	45
8601	40
8602	47
8603	6
8604	19
8605	11
8606	16
8607	65
8608	8
8609	7
8610	97
8611	232
8612	8
8613	23
8614	13
8615	31
8616	38
8617	31
8618	64
8619	18
8620	15
8621	19
8622	21
8623	14
8624	21
8625	8
8626	58
8627	67
8628	63
8629	76
8630	39
8631	68
8632	63
8633	58
8634	21
8635	55
8636	29
8637	53
8638	54
8639	40
8640	39
8641	149
8642	7
8643	10
8644	76
8645	128
8646	47
8647	76
8648	49
8649	37
8650	30
8651	40
8652	20
8653	44
8654	19
8655	51
8656	14
8657	50
8658	9
8659	50
8660	44
8661	35
8662	36
8663	78
8664	75
8665	48
8666	49
8667	40
8668	34
8669	48
8670	58
8671	35
8672	32
8673	36
8674	29
8675	41
8676	32
8677	23
8678	87
8679	21
8680	13
8681	12
8682	98
8683	15
8684	89
8685	119
8686	16
8687	21
8688	117
8689	133
8690	10
8691	15
8692	21
8693	23
8694	41
8695	46
8696	34
8697	38
8698	39
8699	44
8700	47
8701	25
8702	61
8703	104
8704	46
8705	41
8706	29
8707	36
8708	17
8709	44
8710	54
8711	57
8712	8
8713	59
8714	60
8715	19
8716	22
8717	48
8718	5
8719	43
8720	7
8721	40
8722	10
8723	80
8724	79
8725	13
8726	46
8727	40
8728	22
8729	32
8730	34
8731	29
8732	26
8733	34
8734	17
8735	54
8736	40
8737	8
8738	15
8739	78
8740	56
8741	28
8742	25
8743	32
8744	29
8745	56
8746	32
8747	27
8748	33
8749	29
8750	127
8751	28
8752	5
8753	53
8754	12
8755	39
8756	10
8757	34
8758	43
8759	11
8760	103
8761	43
8762	35
8763	28
8764	59
8765	58
8766	59
8767	31
8768	46
8769	88
8770	16
8771	29
8772	26
8773	117
8774	52
8775	46
8776	80
8777	33
8778	34
8779	39
8780	25
8781	58
8782	18
8783	98
8784	35
8785	40
8786	52
8787	40
8788	41
8789	36
8790	78
8791	38
8792	46
8793	98
8794	57
8795	32
8796	35
8797	33
8798	61
8799	30
8800	53
8801	5
8802	45
8803	27
8804	8
8805	22
8806	64
8807	15
8808	9
8809	33
8810	37
8811	32
8812	23
8813	43
8814	39
8815	117
8816	90
8817	31
8818	56
8819	25
8820	51
8821	37
8822	20
8823	49
8824	52
8825	48
8826	10
8827	17
8828	30
8829	37
8830	18
8831	19
8832	22
8833	11
8834	27
8835	8
8836	70
8837	19
8838	20
8839	26
8840	26
8841	35
8842	55
8843	40
8844	11
8845	38
8846	37
8847	44
8848	43
8849	35
8850	15
8851	35
8852	21
8853	13
8854	17
8855	33
8856	36
8857	44
8858	34
8859	34
8860	15
8861	17
8862	63
8863	41
8864	57
8865	58
8866	59
8867	2
8868	27
8869	40
8870	26
8871	36
8872	27
8873	29
8874	31
8875	16
8876	48
8877	50
8878	50
8879	55
8880	46
8881	53
8882	16
8883	37
8884	24
8885	42
8886	41
8887	20
8888	10
8889	86
8890	15
8891	88
8892	85
8893	66
8894	84
8895	21
8896	35
8897	35
8898	38
8899	41
8900	69
8901	51
8902	75
8903	70
8904	73
8905	86
8906	60
8907	93
8908	15
8909	21
8910	34
8911	25
8912	32
8913	34
8914	13
8915	18
8916	21
8917	29
8918	26
8919	41
8920	15
8921	18
8922	62
8923	56
8924	91
8925	19
8926	45
8927	83
8928	3
8929	58
8930	10
8931	10
8932	4
8933	17
8934	1
8935	2
8936	27
8937	39
8938	27
8939	21
8940	90
8941	1
8942	46
8943	48
8944	45
8945	30
8946	86
8947	52
8948	110
8949	7
8950	5
8951	41
8952	50
8953	9
8954	53
8955	18
8956	54
8957	14
8958	6
8959	45
8960	23
8961	16
8962	49
8963	54
8964	28
8965	25
8966	16
8967	14
8968	18
8969	37
8970	17
8971	22
8972	24
8973	14
8974	30
8975	37
8976	42
8977	49
8978	27
8979	23
8980	54
8981	59
8982	63
8983	63
8984	62
8985	60
8986	61
8987	59
8988	79
8989	86
8990	36
8991	56
8992	37
8993	55
8994	41
8995	51
8996	45
8997	55
8998	8
8999	89
9000	51
9001	36
9002	32
9003	33
9004	38
9005	5
9006	59
9007	56
9008	9
9009	33
9010	46
9011	20
9012	45
9013	38
9014	49
9015	67
9016	122
9017	121
9018	51
9019	3
9020	8
9021	48
9022	10
9023	52
9024	18
9025	54
9026	25
9027	53
9028	44
9029	43
9030	45
9031	13
9032	19
9033	22
9034	49
9035	54
9036	59
9037	58
9038	56
9039	29
9040	35
9041	55
9042	44
9043	9
9044	10
9045	24
9046	26
9047	13
9048	4
9049	22
9050	32
9051	50
9052	59
9053	26
9054	49
9055	33
9056	11
9057	76
9058	54
9059	33
9060	52
9061	35
9062	48
9063	33
9064	36
9065	86
9066	78
9067	80
9068	37
9069	38
9070	54
9071	23
9072	124
9073	7
9074	20
9075	40
9076	28
9077	13
9078	54
9079	39
9080	44
9081	44
9082	44
9083	42
9084	42
9085	30
9086	49
9087	34
9088	43
9089	39
9090	41
9091	39
9092	35
9093	41
9094	16
9095	28
9096	111
9097	37
9098	34
9099	55
9100	32
9101	54
9102	35
9103	55
9104	36
9105	55
9106	37
9107	163
9108	40
9109	121
9110	76
9111	69
9112	171
9113	157
9114	28
9115	95
9116	36
9117	37
9118	35
9119	63
9120	67
9121	77
9122	76
9123	32
9124	38
9125	38
9126	26
9127	69
9128	27
9129	27
9130	6
9131	104
9132	78
9133	45
9134	84
9135	59
9136	67
9137	29
9138	110
9139	29
9140	71
9141	19
9142	68
9143	15
9144	7
9145	49
9146	55
9147	34
9148	22
9149	10
9150	29
9151	7
9152	25
9153	1
9154	44
9155	75
9156	36
9157	73
9158	37
9159	28
9160	8
9161	14
9162	39
9163	47
9164	47
9165	35
9166	44
9167	37
9168	21
9169	21
9170	42
9171	48
9172	70
9173	79
9174	11
9175	25
9176	18
9177	15
9178	45
9179	55
9180	22
9181	53
9182	26
9183	55
9184	31
9185	51
9186	36
9187	54
9188	38
9189	53
9190	43
9191	56
9192	46
9193	55
9194	43
9195	44
9196	51
9197	100
9198	61
9199	42
9200	46
9201	51
9202	44
9203	33
9204	40
9205	25
9206	20
9207	11
9208	38
9209	15
9210	40
9211	35
9212	74
9213	74
9214	41
9215	38
9216	23
9217	34
9218	24
9219	39
9220	47
9221	44
9222	47
9223	33
9224	23
9225	26
9226	18
9227	32
9228	10
9229	48
9230	73
9231	8
9232	37
9233	85
9234	5
9235	12
9236	14
9237	19
9238	24
9239	26
9240	24
9241	52
9242	22
9243	28
9244	33
9245	35
9246	14
9247	41
9248	165
9249	37
9250	43
9251	91
9252	31
9253	10
9254	24
9255	49
9256	27
9257	116
9258	44
9259	30
9260	16
9261	55
9262	6
9263	5
9264	5
9265	18
9266	26
9267	9
9268	7
9269	32
9270	39
9271	32
9272	33
9273	25
9274	29
9275	67
9276	33
9277	32
9278	39
9279	23
9280	77
9281	28
9282	94
9283	47
9284	41
9285	43
9286	40
9287	19
9288	3
9289	87
9290	42
9291	61
9292	37
9293	144
9294	18
9295	40
9296	18
9297	83
9298	102
9299	43
9300	38
9301	7
9302	38
9303	12
9304	34
9305	19
9306	8
9307	40
9308	32
9309	18
9310	29
9311	44
9312	47
9313	48
9314	44
9315	43
9316	40
9317	37
9318	26
9319	16
9320	20
9321	33
9322	21
9323	53
9324	67
9325	15
9326	57
9327	50
9328	31
9329	24
9330	50
9331	14
9332	6
9333	74
9334	78
9335	44
9336	136
9337	75
9338	58
9339	50
9340	7
9341	4
9342	60
9343	61
9344	55
9345	34
9346	19
9347	53
9348	45
9349	25
9350	54
9351	2
9352	58
9353	59
9354	62
9355	45
9356	8
9357	10
9358	18
9359	10
9360	48
9361	46
9362	16
9363	54
9364	91
9365	35
9366	23
9367	40
9368	40
9369	40
9370	7
9371	7
9372	21
9373	25
9374	30
9375	44
9376	21
9377	50
9378	24
9379	38
9380	10
9381	63
9382	55
9383	20
9384	20
9385	34
9386	24
9387	30
9388	28
9389	18
9390	52
9391	9
9392	29
9393	39
9394	43
9395	44
9396	56
9397	45
9398	57
9399	18
9400	25
9401	3
9402	4
9403	5
9404	44
9405	42
9406	44
9407	46
9408	17
9409	24
9410	8
9411	17
9412	24
9413	36
9414	55
9415	54
9416	65
9417	21
9418	45
9419	47
9420	49
9421	49
9422	54
9423	160
9424	35
9425	65
9426	104
9427	28
9428	24
9429	30
9430	27
9431	127
9432	185
9433	151
9434	18
9435	40
9436	41
9437	10
9438	41
9439	23
9440	48
9441	22
9442	48
9443	20
9444	49
9445	16
9446	49
9447	8
9448	48
9449	5
9450	33
9451	35
9452	22
9453	86
9454	3
9455	4
9456	47
9457	5
9458	43
9459	40
9460	37
9461	69
9462	72
9463	74
9464	29
9465	137
9466	44
9467	133
9468	113
9469	36
9470	4
9471	15
9472	40
9473	44
9474	39
9475	39
9476	32
9477	40
9478	17
9479	139
9480	36
9481	52
9482	91
9483	29
9484	42
9485	22
9486	42
9487	13
9488	45
9489	9
9490	46
9491	6
9492	43
9493	41
9494	40
9495	9
9496	18
9497	16
9498	54
9499	11
9500	11
9501	31
9502	20
9503	25
9504	39
9505	18
9506	30
9507	9
9508	20
9509	39
9510	51
9511	28
9512	35
9513	36
9514	23
9515	35
9516	21
9517	18
9518	40
9519	21
9520	49
9521	45
9522	30
9523	74
9524	16
9525	23
9526	18
9527	17
9528	11
9529	71
9530	11
9531	11
9532	54
9533	7
9534	13
9535	44
9536	16
9537	21
9538	32
9539	66
9540	58
9541	16
9542	10
9543	18
9544	39
9545	19
9546	35
9547	83
9548	39
9549	42
9550	44
9551	44
9552	49
9553	8
9554	27
9555	14
9556	23
9557	11
9558	92
9559	38
9560	30
9561	39
9562	30
9563	82
9564	36
9565	73
9566	93
9567	13
9568	35
9569	30
9570	19
9571	66
9572	45
9573	65
9574	67
9575	51
9576	66
9577	12
9578	18
9579	15
9580	30
9581	7
9582	19
9583	38
9584	44
9585	67
9586	45
9587	51
9588	23
9589	68
9590	236
9591	60
9592	57
9593	55
9594	154
9595	460
9596	7
9597	36
9598	66
9599	40
9600	65
9601	85
9602	105
9603	39
9604	11
9605	19
9606	19
9607	69
9608	46
9609	27
9610	61
9611	30
9612	136
9613	10
9614	24
9615	24
9616	5
9617	21
9618	25
9619	13
9620	13
9621	30
9622	38
9623	35
9624	69
9625	57
9626	23
9627	12
9628	62
9629	33
9630	57
9631	48
9632	19
9633	24
9634	21
9635	27
9636	18
9637	16
9638	14
9639	13
9640	2
9641	11
9642	9
9643	16
9644	6
9645	23
9646	21
9647	13
9648	14
9649	70
9650	40
9651	41
9652	28
9653	86
9654	20
9655	21
9656	24
9657	29
9658	23
9659	7
9660	23
9661	2
9662	15
9663	24
9664	70
9665	46
9666	22
9667	31
9668	35
9669	58
9670	23
9671	28
9672	17
9673	33
9674	29
9675	13
9676	16
9677	26
9678	32
9679	5
9680	57
9681	11
9682	31
9683	59
9684	32
9685	55
9686	29
9687	35
9688	38
9689	42
9690	55
9691	19
9692	20
9693	43
9694	26
9695	7
9696	31
9697	36
9698	17
9699	37
9700	40
9701	36
9702	85
9703	48
9704	40
9705	54
9706	12
9707	42
9708	37
9709	28
9710	14
9711	69
9712	45
9713	25
9714	18
9715	22
9716	24
9717	19
9718	25
9719	21
9720	34
9721	31
9722	31
9723	93
9724	46
9725	4
9726	23
9727	79
9728	24
9729	28
9730	6
9731	31
9732	36
9733	23
9734	72
9735	68
9736	63
9737	59
9738	53
9739	53
9740	33
9741	58
9742	53
9743	60
9744	17
9745	11
9746	25
9747	9
9748	30
9749	77
9750	76
9751	30
9752	67
9753	117
9754	23
9755	63
9756	25
9757	62
9758	10
9759	3
9760	4
9761	3
9762	1
9763	48
9764	52
9765	43
9766	31
9767	16
9768	34
9769	82
9770	60
9771	42
9772	14
9773	51
9774	61
9775	35
9776	36
9777	61
9778	26
9779	37
9780	59
9781	45
9782	51
9783	46
9784	52
9785	64
9786	7
9787	48
9788	49
9789	14
9790	71
9791	18
9792	64
9793	5
9794	2
9795	108
9796	10
9797	15
9798	12
9799	145
9800	18
9801	24
9802	34
9803	30
9804	35
9805	41
9806	28
9807	44
9808	44
9809	42
9810	43
9811	111
9812	91
9813	27
9814	78
9815	34
9816	37
9817	36
9818	14
9819	6
9820	4
9821	29
9822	35
9823	38
9824	51
9825	56
9826	26
9827	26
9828	28
9829	13
9830	27
9831	32
9832	38
9833	20
9834	46
9835	63
9836	34
9837	82
9838	14
9839	79
9840	36
9841	73
9842	12
9843	48
9844	28
9845	66
9846	34
9847	17
9848	37
9849	17
9850	16
9851	64
9852	5
9853	47
9854	26
9855	21
9856	32
9857	42
9858	47
9859	70
9860	26
9861	47
9862	45
9863	31
9864	103
9865	252
9866	91
9867	58
9868	57
9869	104
9870	57
9871	38
9872	19
9873	34
9874	8
9875	101
9876	80
9877	24
9878	21
9879	24
9880	25
9881	24
9882	25
9883	32
9884	18
9885	37
9886	15
9887	73
9888	64
9889	17
9890	21
9891	16
9892	38
9893	25
9894	43
9895	42
9896	102
9897	29
9898	30
9899	27
9900	59
9901	53
9902	34
9903	41
9904	55
9905	22
9906	52
9907	160
9908	51
9909	40
9910	54
9911	35
9912	56
9913	33
9914	49
9915	44
9916	71
9917	7
9918	7
9919	21
9920	59
9921	46
9922	50
9923	45
9924	42
9925	10
9926	11
9927	6
9928	16
9929	37
9930	17
9931	38
9932	13
9933	11
9934	8
9935	42
9936	26
9937	13
9938	27
9939	44
9940	10
9941	32
9942	19
9943	8
9944	9
9945	11
9946	42
9947	25
9948	36
9949	49
9950	19
9951	12
9952	6
9953	48
9954	33
9955	12
9956	47
9957	32
9958	48
9959	21
9960	42
9961	56
9962	31
9963	88
9964	34
9965	31
9966	30
9967	64
9968	88
9969	77
9970	37
9971	33
9972	26
9973	26
9974	32
9975	26
9976	27
9977	21
9978	30
9979	16
9980	23
9981	58
9982	27
9983	55
9984	16
9985	4
9986	13
9987	14
9988	75
9989	15
9990	43
9991	17
9992	12
9993	37
9994	17
9995	10
9996	40
9997	5
9998	36
9999	19
10000	44
10001	24
10002	39
10003	31
10004	4
10005	20
10006	12
10007	21
10008	14
10009	17
10010	29
10011	16
10012	9
10013	16
10014	21
10015	27
10016	36
10017	39
10018	43
10019	20
10020	11
10021	3
10022	42
10023	46
10024	40
10025	88
10026	48
10027	25
10028	43
10029	37
10030	28
10031	40
10032	39
10033	41
10034	40
10035	41
10036	36
10037	65
10038	42
10039	62
10040	55
10041	43
10042	35
10043	8
10044	15
10045	45
10046	47
10047	48
10048	26
10049	30
10050	20
10051	5
10052	8
10053	14
10054	51
10055	52
10056	47
10057	38
10058	43
10059	28
10060	32
10061	19
10062	49
10063	14
10064	60
10065	32
10066	35
10067	41
10068	35
10069	56
10070	25
10071	72
10072	49
10073	228
10074	28
10075	34
10076	20
10077	32
10078	36
10079	39
10080	43
10081	58
10082	11
10083	16
10084	13
10085	14
10086	17
10087	10
10088	21
10089	8
10090	20
10091	19
10092	38
10093	31
10094	23
10095	16
10096	39
10097	6
10098	36
10099	20
10100	30
10101	36
10102	21
10103	33
10104	27
10105	38
10106	38
10107	85
10108	11
10109	38
10110	32
10111	45
10112	58
10113	74
10114	43
10115	7
10116	34
10117	5
10118	32
10119	29
10120	21
10121	3
10122	3
10123	15
10124	9
10125	11
10126	9
10127	49
10128	51
10129	24
10130	20
10131	27
10132	74
10133	30
10134	76
10135	31
10136	76
10137	13
10138	30
10139	31
10140	9
10141	11
10142	6
10143	54
10144	25
10145	28
10146	98
10147	23
10148	31
10149	31
10150	27
10151	29
10152	31
10153	77
10154	33
10155	7
10156	25
10157	71
10158	24
10159	10
10160	44
10161	33
10162	11
10163	29
10164	72
10165	23
10166	24
10167	16
10168	61
10169	25
10170	60
10171	51
10172	27
10173	60
10174	32
10175	49
10176	37
10177	56
10178	35
10179	29
10180	56
10181	57
10182	22
10183	56
10184	14
10185	57
10186	11
10187	11
10188	17
10189	54
10190	30
10191	59
10192	15
10193	60
10194	24
10195	29
10196	50
10197	33
10198	48
10199	38
10200	45
10201	40
10202	41
10203	144
10204	22
10205	35
10206	16
10207	40
10208	46
10209	52
10210	12
10211	7
10212	30
10213	29
10214	31
10215	33
10216	15
10217	22
10218	25
10219	44
10220	59
10221	6
10222	23
10223	18
10224	15
10225	30
10226	31
10227	40
10228	43
10229	50
10230	40
10231	47
10232	47
10233	30
10234	13
10235	18
10236	22
10237	35
10238	15
10239	6
10240	15
10241	NaN
10242	NaN
10243	26
10244	24
10245	1
10246	23
10247	41
10248	18
10249	41
10250	9
10251	28
10252	26
10253	23
10254	22
10255	16
10256	21
10257	20
10258	17
10259	12
10260	22
10261	22
10262	19
10263	43
10264	46
10265	7
10266	3
10267	25
10268	28
10269	35
10270	13
10271	44
10272	122
10273	38
10274	65
10275	44
10276	29
10277	29
10278	32
10279	13
10280	8
10281	31
10282	5
10283	37
10284	28
10285	28
10286	27
10287	42
10288	46
10289	35
10290	43
10291	32
10292	92
10293	39
10294	24
10295	26
10296	66
10297	51
10298	44
10299	5
10300	7
10301	10
10302	34
10303	36
10304	18
10305	12
10306	6
10307	42
10308	23
10309	6
10310	50
10311	46
10312	19
10313	48
10314	12
10315	61
10316	26
10317	45
10318	32
10319	47
10320	26
10321	50
10322	21
10323	53
10324	16
10325	36
10326	37
10327	13
10328	60
10329	28
10330	9
10331	108
10332	33
10333	39
10334	112
10335	48
10336	32
10337	79
10338	68
10339	99
10340	36
10341	13
10342	10
10343	7
10344	13
10345	4
10346	16
10347	16
10348	31
10349	27
10350	17
10351	36
10352	4
10353	41
10354	10
10355	73
10356	33
10357	35
10358	33
10359	50
10360	51
10361	23
10362	18
10363	21
10364	22
10365	15
10366	41
10367	80
10368	102
10369	58
10370	43
10371	46
10372	43
10373	37
10374	4
10375	16
10376	39
10377	133
10378	36
10379	36
10380	38
10381	16
10382	21
10383	5
10384	1
10385	2
10386	2
10387	3
10388	4
10389	28
10390	4
10391	18
10392	14
10393	42
10394	14
10395	9
10396	18
10397	25
10398	22
10399	17
10400	4
10401	42
10402	40
10403	44
10404	42
10405	45
10406	29
10407	41
10408	83
10409	37
10410	21
10411	13
10412	60
10413	22
10414	60
10415	30
10416	23
10417	122
10418	102
10419	45
10420	63
10421	25
10422	47
10423	18
10424	22
10425	15
10426	20
10427	81
10428	25
10429	29
10430	57
10431	54
10432	50
10433	40
10434	39
10435	28
10436	37
10437	21
10438	21
10439	48
10440	49
10441	50
10442	53
10443	54
10444	4
10445	58
10446	5
10447	39
10448	35
10449	34
10450	8
10451	23
10452	61
10453	17
10454	26
10455	23
10456	22
10457	26
10458	32
10459	8
10460	49
10461	62
10462	63
10463	59
10464	42
10465	45
10466	20
10467	99
10468	73
10469	12
10470	3
10471	60
10472	49
10473	2
10474	2
10475	20
10476	110
10477	37
10478	27
10479	43
10480	14
10481	23
10482	149
10483	26
10484	109
10485	31
10486	38
10487	6
10488	41
10489	8
10490	39
10491	33
10492	16
10493	30
10494	19
10495	56
10496	135
10497	61
10498	31
10499	28
10500	46
10501	23
10502	17
10503	49
10504	9
10505	20
10506	39
10507	44
10508	107
10509	1
10510	12
10511	15
10512	60
10513	7
10514	8
10515	13
10516	8
10517	15
10518	22
10519	17
10520	16
10521	3
10522	28
10523	26
10524	40
10525	47
10526	33
10527	11
10528	9
10529	79
10530	57
10531	82
10532	41
10533	55
10534	98
10535	98
10536	5
10537	8
10538	11
10539	12
10540	56
10541	67
10542	44
10543	7
10544	17
10545	132
10546	58
10547	67
10548	23
10549	18
10550	13
10551	35
10552	14
10553	51
10554	13
10555	17
10556	48
10557	47
10558	45
10559	11
10560	91
10561	56
10562	14
10563	89
10564	32
10565	46
10566	12
10567	25
10568	26
10569	30
10570	17
10571	40
10572	22
10573	33
10574	50
10575	31
10576	42
10577	15
10578	17
10579	13
10580	18
10581	28
10582	6
10583	23
10584	27
10585	161
10586	21
10587	112
10588	43
10589	12
10590	56
10591	4
10592	11
10593	7
10594	36
10595	25
10596	37
10597	38
10598	60
10599	5
10600	8
10601	45
10602	75
10603	72
10604	39
10605	34
10606	5
10607	17
10608	5
10609	37
10610	22
10611	39
10612	21
10613	39
10614	16
10615	39
10616	11
10617	36
10618	5
10619	36
10620	7
10621	6
10622	36
10623	7
10624	35
10625	17
10626	18
10627	26
10628	11
10629	32
10630	7
10631	13
10632	16
10633	68
10634	12
10635	48
10636	34
10637	26
10638	59
10639	22
10640	7
10641	23
10642	21
10643	52
10644	18
10645	21
10646	40
10647	16
10648	25
10649	36
10650	46
10651	24
10652	56
10653	26
10654	18
10655	42
10656	52
10657	38
10658	42
10659	46
10660	34
10661	34
10662	40
10663	5
10664	40
10665	11
10666	34
10667	25
10668	39
10669	21
10670	68
10671	8
10672	47
10673	18
10674	18
10675	21
10676	14
10677	28
10678	10
10679	31
10680	23
10681	11
10682	21
10683	23
10684	48
10685	22
10686	49
10687	44
10688	43
10689	16
10690	5
10691	2
10692	41
10693	27
10694	42
10695	31
10696	34
10697	34
10698	33
10699	71
10700	69
10701	20
10702	27
10703	20
10704	6
10705	23
10706	23
10707	33
10708	29
10709	45
10710	71
10711	42
10712	83
10713	32
10714	11
10715	31
10716	11
10717	6
10718	37
10719	35
10720	7
10721	31
10722	11
10723	28
10724	14
10725	26
10726	18
10727	25
10728	26
10729	25
10730	22
10731	40
10732	6
10733	30
10734	32
10735	51
10736	56
10737	16
10738	65
10739	11
10740	8
10741	735
10742	22
10743	37
10744	10
10745	43
10746	8
10747	131
10748	7
10749	13
10750	1
10751	29
10752	16
10753	30
10754	22
10755	28
10756	45
10757	29
10758	6
10759	34
10760	7
10761	28
10762	42
10763	13
10764	42
10765	55
10766	47
10767	62
10768	105
10769	32
10770	286
10771	4
10772	7
10773	12
10774	44
10775	49
10776	51
10777	23
10778	41
10779	26
10780	34
10781	32
10782	31
10783	9
10784	33
10785	11
10786	26
10787	94
10788	28
10789	101
10790	47
10791	49
10792	25
10793	17
10794	13
10795	12
10796	9
10797	8
10798	24
10799	258
10800	33
10801	11
10802	19
10803	134
10804	26
10805	35
10806	27
10807	22
10808	38
10809	25
10810	35
10811	29
10812	37
10813	48
10814	98
10815	19
10816	47
10817	39
10818	45
10819	16
10820	47
10821	48
10822	42
10823	42
10824	46
10825	34
10826	19
10827	31
10828	9
10829	23
10830	31
10831	51
10832	199
10833	24
10834	37
10835	34
10836	282
10837	10
10838	26
10839	14
10840	23
10841	55
10842	18
10843	6
10844	12
10845	47
10846	27
10847	113
10848	7
10849	43
10850	10
10851	42
10852	14
10853	38
10854	38
10855	29
10856	30
10857	23
10858	9
10859	42
10860	66
10861	9
10862	44
10863	26
10864	8
10865	39
10866	48
10867	25
10868	8
10869	27
10870	70
10871	45
10872	27
10873	85
10874	12
10875	23
10876	35
10877	50
10878	13
10879	15
10880	80
10881	262
10882	6
10883	17
10884	11
10885	433
10886	5
10887	27
10888	16
10889	21
10890	23
10891	15
10892	25
10893	20
10894	23
10895	64
10896	62
10897	57
10898	59
10899	27
10900	39
10901	15
10902	64
10903	52
10904	20
10905	45
10906	4
10907	7
10908	7
10909	11
10910	48
10911	20
10912	138
10913	77
10914	29
10915	35
10916	22
10917	28
10918	43
10919	52
10920	16
10921	22
10922	13
10923	39
10924	22
10925	25
10926	31
10927	63
10928	264
10929	37
10930	13
10931	46
10932	41
10933	3
10934	13
10935	14
10936	3
10937	96
10938	26
10939	30
10940	26
10941	43
10942	63
10943	46
10944	72
10945	29
10946	68
10947	44
10948	29
10949	32
10950	210
10951	18
10952	18
10953	23
10954	25
10955	30
10956	4
10957	16
10958	4
10959	4
10960	173
10961	184
10962	22
10963	22
10964	6
10965	50
10966	23
10967	12
10968	54
10969	18
10970	28
10971	46
10972	13
10973	50
10974	22
10975	52
10976	168
10977	27
10978	54
10979	57
10980	4
10981	82
10982	9
10983	91
10984	98
10985	2
10986	10
10987	32
10988	55
10989	34
10990	54
10991	14
10992	342
10993	26
10994	403
10995	8
10996	7
10997	23
10998	145
10999	14
11000	85
11001	19
11002	83
11003	23
11004	82
11005	23
11006	83
11007	11
11008	8
11009	6
