0	0
1	104
2	35
3	139
4	50
5	524
6	59
7	246
8	54
9	178
10	110
11	216
12	118
13	94
14	147
15	124
16	99
17	129
18	93
19	158
20	149
21	241
22	183
23	228
24	43
25	189
26	156
27	150
28	214
29	179
30	157
31	31
32	336
33	43
34	48
35	93
36	79
37	194
38	70
39	66
40	76
41	33
42	46
43	23
44	120
45	115
46	50
47	63
48	122
49	123
50	123
51	125
52	130
53	62
54	19
55	32
56	82
57	154
58	105
59	129
60	28
61	107
62	70
63	126
64	67
65	128
66	65
67	51
68	60
69	83
70	137
71	60
72	258
73	241
74	102
75	77
76	67
77	10
78	50
79	110
80	48
81	155
82	20
83	26
84	37
85	73
86	54
87	96
88	57
89	93
90	67
91	94
92	73
93	48
94	66
95	74
96	74
97	77
98	99
99	100
100	150
101	21
102	30
103	112
104	63
105	76
106	80
107	106
108	76
109	89
110	85
111	91
112	63
113	108
114	72
115	104
116	47
117	40
118	50
119	58
120	34
121	110
122	116
123	116
124	124
125	59
126	65
127	28
128	52
129	41
130	168
131	125
132	85
133	151
134	218
135	147
136	226
137	55
138	138
139	76
140	347
141	129
142	290
143	127
144	296
145	59
146	129
147	79
148	60
149	47
150	62
151	154
152	151
153	68
154	78
155	95
156	169
157	93
158	161
159	57
160	89
161	60
162	83
163	65
164	76
165	117
166	120
167	126
168	122
169	123
170	87
171	57
172	68
173	74
174	35
175	39
176	40
177	139
178	168
179	270
180	74
181	69
182	202
183	71
184	218
185	70
186	117
187	74
188	163
189	78
190	160
191	107
192	202
193	184
194	307
195	182
196	164
197	161
198	200
199	154
200	127
201	58
202	125
203	85
204	201
205	115
206	191
207	104
208	112
209	44
210	347
211	102
212	66
213	27
214	80
215	33
216	73
217	39
218	64
219	49
220	60
221	85
222	35
223	156
224	111
225	179
226	29
227	35
228	18
229	16
230	93
231	27
232	88
233	151
234	36
235	39
236	78
237	196
238	65
239	152
240	105
241	171
242	83
243	96
244	90
245	61
246	100
247	84
248	132
249	66
250	74
251	180
252	76
253	85
254	88
255	93
256	39
257	28
258	17
259	74
260	180
261	11
262	154
263	133
264	69
265	9
266	51
267	60
268	204
269	79
270	81
271	97
272	93
273	154
274	150
275	220
276	93
277	162
278	97
279	116
280	178
281	100
282	89
283	89
284	101
285	144
286	73
287	82
288	69
289	86
290	100
291	91
292	26
293	14
294	139
295	16
296	86
297	52
298	149
299	97
300	183
301	84
302	324
303	86
304	243
305	90
306	247
307	47
308	175
309	104
310	104
311	235
312	154
313	231
314	90
315	125
316	202
317	198
318	195
319	95
320	217
321	162
322	133
323	165
324	124
325	152
326	71
327	151
328	119
329	99
330	154
331	58
332	79
333	50
334	152
335	53
336	63
337	61
338	84
339	127
340	41
341	421
342	37
343	202
344	39
345	209
346	45
347	80
348	55
349	172
350	59
351	65
352	113
353	71
354	115
355	107
356	87
357	101
358	93
359	143
360	97
361	98
362	101
363	103
364	177
365	136
366	171
367	187
368	116
369	214
370	177
371	206
372	158
373	48
374	42
375	264
376	190
377	258
378	189
379	244
380	62
381	115
382	90
383	71
384	94
385	95
386	78
387	39
388	77
389	41
390	15
391	61
392	133
393	53
394	69
395	113
396	89
397	81
398	31
399	88
400	89
401	98
402	53
403	110
404	31
405	103
406	98
407	209
408	204
409	230
410	116
411	134
412	114
413	96
414	55
415	215
416	51
417	242
418	57
419	257
420	62
421	279
422	207
423	518
424	100
425	39
426	13
427	122
428	59
429	171
430	59
431	133
432	172
433	36
434	39
435	50
436	57
437	117
438	103
439	112
440	162
441	40
442	64
443	55
444	103
445	63
446	130
447	78
448	39
449	55
450	69
451	107
452	96
453	100
454	88
455	111
456	81
457	120
458	73
459	39
460	114
461	90
462	72
463	31
464	37
465	56
466	136
467	131
468	49
469	122
470	76
471	90
472	135
473	55
474	118
475	85
476	129
477	72
478	102
479	100
480	111
481	86
482	63
483	99
484	111
485	94
486	76
487	118
488	82
489	107
490	63
491	110
492	49
493	120
494	146
495	35
496	142
497	22
498	139
499	94
500	125
501	61
502	49
503	265
504	54
505	57
506	66
507	47
508	34
509	100
510	42
511	93
512	55
513	93
514	62
515	62
516	74
517	77
518	232
519	153
520	300
521	164
522	196
523	70
524	153
525	276
526	168
527	147
528	166
529	100
530	103
531	173
532	143
533	77
534	45
535	107
536	53
537	120
538	41
539	83
540	65
541	481
542	471
543	60
544	121
545	200
546	136
547	139
548	85
549	145
550	71
551	100
552	163
553	88
554	121
555	170
556	127
557	183
558	86
559	185
560	30
561	107
562	132
563	67
564	89
565	70
566	82
567	98
568	102
569	106
570	84
571	122
572	65
573	18
574	213
575	67
576	98
577	93
578	57
579	255
580	87
581	50
582	58
583	163
584	71
585	166
586	174
587	245
588	30
589	198
590	88
591	35
592	82
593	44
594	78
595	49
596	50
597	122
598	60
599	22
600	118
601	67
602	117
603	81
604	75
605	73
606	48
607	31
608	51
609	115
610	114
611	246
612	148
613	17
614	147
615	22
616	111
617	22
618	95
619	418
620	30
621	88
622	147
623	146
624	177
625	172
626	178
627	173
628	174
629	76
630	213
631	113
632	88
633	104
634	87
635	98
636	55
637	39
638	59
639	32
640	71
641	95
642	26
643	77
644	32
645	170
646	39
647	166
648	164
649	172
650	77
651	82
652	219
653	237
654	158
655	170
656	161
657	169
658	156
659	165
660	152
661	166
662	138
663	156
664	108
665	111
666	103
667	109
668	100
669	107
670	35
671	45
672	50
673	43
674	54
675	62
676	127
677	73
678	118
679	179
680	83
681	118
682	38
683	52
684	112
685	103
686	100
687	64
688	114
689	54
690	118
691	38
692	22
693	49
694	19
695	56
696	159
697	54
698	69
699	157
700	78
701	175
702	159
703	89
704	163
705	97
706	150
707	154
708	38
709	96
710	47
711	167
712	94
713	55
714	62
715	158
716	74
717	158
718	76
719	354
720	102
721	92
722	105
723	103
724	98
725	70
726	91
727	76
728	81
729	171
730	95
731	72
732	98
733	61
734	102
735	47
736	100
737	37
738	162
739	22
740	282
741	90
742	12
743	46
744	112
745	63
746	115
747	70
748	121
749	86
750	45
751	61
752	96
753	49
754	91
755	60
756	84
757	161
758	75
759	69
760	64
761	29
762	181
763	62
764	64
765	92
766	99
767	36
768	130
769	105
770	153
771	65
772	19
773	113
774	36
775	111
776	42
777	37
778	112
779	52
780	113
781	45
782	69
783	43
784	40
785	78
786	86
787	26
788	84
789	16
790	122
791	114
792	176
793	104
794	171
795	105
796	35
797	180
798	38
799	147
800	51
801	171
802	61
803	20
804	68
805	172
806	53
807	62
808	79
809	95
810	97
811	107
812	94
813	117
814	74
815	93
816	172
817	78
818	170
819	81
820	97
821	42
822	156
823	106
824	107
825	33
826	227
827	120
828	217
829	130
830	89
831	106
832	77
833	96
834	73
835	65
836	74
837	97
838	66
839	169
840	75
841	163
842	67
843	164
844	140
845	134
846	90
847	88
848	202
849	38
850	74
851	83
852	44
853	73
854	18
855	54
856	144
857	152
858	91
859	166
860	76
861	53
862	73
863	87
864	84
865	97
866	99
867	13
868	89
869	72
870	75
871	67
872	52
873	78
874	30
875	62
876	81
877	93
878	87
879	108
880	64
881	48
882	55
883	79
884	25
885	76
886	57
887	122
888	142
889	116
890	23
891	63
892	34
893	56
894	35
895	43
896	37
897	48
898	44
899	95
900	102
901	88
902	100
903	78
904	71
905	55
906	52
907	63
908	62
909	118
910	45
911	66
912	65
913	29
914	81
915	196
916	88
917	57
918	158
919	19
920	28
921	166
922	37
923	163
924	50
925	76
926	94
927	156
928	251
929	133
930	77
931	173
932	79
933	178
934	65
935	105
936	64
937	74
938	126
939	87
940	63
941	60
942	72
943	53
944	79
945	37
946	158
947	142
948	143
949	43
950	118
951	158
952	195
953	164
954	213
955	308
956	113
957	117
958	17
959	46
960	58
961	64
962	206
963	14
964	53
965	44
966	113
967	170
968	68
969	16
970	175
971	164
972	127
973	166
974	46
975	210
976	212
977	116
978	213
979	128
980	112
981	43
982	114
983	119
984	114
985	50
986	28
987	72
988	48
989	77
990	45
991	82
992	95
993	95
994	160
995	57
996	158
997	114
998	50
999	52
1000	44
1001	71
1002	111
1003	75
1004	25
1005	71
1006	52
1007	129
1008	57
1009	58
1010	126
1011	67
1012	124
1013	73
1014	128
1015	79
1016	132
1017	132
1018	200
1019	199
1020	139
1021	116
1022	105
1023	28
1024	135
1025	111
1026	124
1027	113
1028	120
1029	114
1030	117
1031	67
1032	213
1033	35
1034	22
1035	15
1036	75
1037	112
1038	247
1039	69
1040	261
1041	71
1042	263
1043	36
1044	24
1045	76
1046	30
1047	75
1048	81
1049	356
1050	208
1051	59
1052	233
1053	308
1054	93
1055	56
1056	89
1057	66
1058	87
1059	76
1060	85
1061	42
1062	97
1063	138
1064	102
1065	75
1066	60
1067	114
1068	54
1069	115
1070	46
1071	101
1072	37
1073	39
1074	147
1075	82
1076	146
1077	66
1078	211
1079	82
1080	152
1081	113
1082	125
1083	46
1084	65
1085	118
1086	46
1087	63
1088	57
1089	58
1090	51
1091	61
1092	92
1093	49
1094	61
1095	40
1096	66
1097	33
1098	17
1099	145
1100	4
1101	106
1102	142
1103	181
1104	24
1105	12
1106	48
1107	86
1108	72
1109	54
1110	57
1111	85
1112	40
1113	30
1114	62
1115	23
1116	154
1117	70
1118	142
1119	58
1120	88
1121	83
1122	49
1123	39
1124	52
1125	56
1126	61
1127	79
1128	67
1129	67
1130	78
1131	56
1132	106
1133	85
1134	49
1135	96
1136	41
1137	101
1138	29
1139	112
1140	19
1141	124
1142	123
1143	77
1144	121
1145	120
1146	90
1147	210
1148	212
1149	199
1150	248
1151	225
1152	62
1153	99
1154	115
1155	84
1156	96
1157	72
1158	91
1159	33
1160	83
1161	29
1162	35
1163	86
1164	231
1165	161
1166	75
1167	55
1168	64
1169	64
1170	53
1171	66
1172	40
1173	71
1174	54
1175	327
1176	114
1177	65
1178	117
1179	15
1180	42
1181	104
1182	29
1183	34
1184	93
1185	117
1186	43
1187	82
1188	50
1189	76
1190	61
1191	69
1192	70
1193	64
1194	72
1195	43
1196	64
1197	125
1198	79
1199	35
1200	77
1201	25
1202	155
1203	151
1204	159
1205	43
1206	49
1207	127
1208	131
1209	134
1210	133
1211	139
1212	138
1213	109
1214	66
1215	129
1216	43
1217	120
1218	51
1219	163
1220	122
1221	56
1222	126
1223	37
1224	37
1225	11
1226	54
1227	23
1228	126
1229	30
1230	174
1231	130
1232	42
1233	122
1234	54
1235	123
1236	18
1237	130
1238	78
1239	122
1240	94
1241	158
1242	116
1243	103
1244	107
1245	108
1246	104
1247	39
1248	157
1249	50
1250	179
1251	173
1252	52
1253	179
1254	28
1255	186
1256	37
1257	83
1258	48
1259	79
1260	56
1261	116
1262	88
1263	94
1264	222
1265	78
1266	77
1267	84
1268	68
1269	42
1270	62
1271	95
1272	129
1273	45
1274	98
1275	73
1276	93
1277	66
1278	98
1279	55
1280	96
1281	74
1282	73
1283	58
1284	46
1285	68
1286	58
1287	59
1288	45
1289	58
1290	52
1291	83
1292	46
1293	255
1294	81
1295	33
1296	76
1297	24
1298	84
1299	65
1300	32
1301	219
1302	65
1303	68
1304	20
1305	29
1306	35
1307	105
1308	112
1309	36
1310	100
1311	21
1312	179
1313	81
1314	75
1315	87
1316	69
1317	160
1318	166
1319	164
1320	59
1321	72
1322	58
1323	63
1324	92
1325	99
1326	44
1327	91
1328	11
1329	75
1330	28
1331	82
1332	108
1333	91
1334	206
1335	94
1336	202
1337	90
1338	82
1339	174
1340	72
1341	86
1342	155
1343	95
1344	169
1345	50
1346	58
1347	163
1348	121
1349	66
1350	149
1351	111
1352	70
1353	67
1354	64
1355	143
1356	128
1357	107
1358	125
1359	21
1360	105
1361	52
1362	32
1363	47
1364	40
1365	45
1366	81
1367	82
1368	79
1369	53
1370	102
1371	33
1372	141
1373	146
1374	154
1375	86
1376	81
1377	101
1378	76
1379	109
1380	68
1381	105
1382	38
1383	75
1384	25
1385	82
1386	94
1387	114
1388	234
1389	120
1390	311
1391	34
1392	108
1393	34
1394	104
1395	44
1396	96
1397	64
1398	61
1399	70
1400	49
1401	85
1402	135
1403	77
1404	38
1405	87
1406	21
1407	31
1408	46
1409	38
1410	50
1411	40
1412	322
1413	31
1414	64
1415	33
1416	41
1417	42
1418	128
1419	36
1420	91
1421	23
1422	91
1423	138
1424	129
1425	130
1426	24
1427	32
1428	118
1429	42
1430	119
1431	130
1432	147
1433	236
1434	91
1435	94
1436	59
1437	66
1438	111
1439	59
1440	60
1441	148
1442	118
1443	68
1444	107
1445	73
1446	113
1447	78
1448	158
1449	195
1450	159
1451	195
1452	254
1453	130
1454	111
1455	122
1456	218
1457	126
1458	115
1459	260
1460	199
1461	121
1462	111
1463	137
1464	119
1465	104
1466	119
1467	101
1468	35
1469	40
1470	49
1471	53
1472	15
1473	31
1474	245
1475	133
1476	118
1477	108
1478	22
1479	17
1480	52
1481	85
1482	123
1483	278
1484	36
1485	45
1486	36
1487	82
1488	121
1489	21
1490	26
1491	68
1492	33
1493	61
1494	55
1495	52
1496	69
1497	37
1498	39
1499	150
1500	56
1501	63
1502	71
1503	74
1504	70
1505	73
1506	18
1507	54
1508	32
1509	39
1510	45
1511	54
1512	51
1513	127
1514	65
1515	206
1516	37
1517	77
1518	234
1519	55
1520	69
1521	94
1522	169
1523	83
1524	108
1525	93
1526	119
1527	82
1528	47
1529	72
1530	86
1531	37
1532	118
1533	87
1534	139
1535	59
1536	132
1537	81
1538	135
1539	66
1540	130
1541	74
1542	71
1543	107
1544	68
1545	38
1546	90
1547	73
1548	84
1549	127
1550	136
1551	106
1552	67
1553	61
1554	77
1555	90
1556	55
1557	18
1558	82
1559	29
1560	76
1561	27
1562	69
1563	112
1564	49
1565	92
1566	110
1567	106
1568	108
1569	84
1570	174
1571	79
1572	36
1573	103
1574	82
1575	107
1576	82
1577	63
1578	24
1579	67
1580	18
1581	71
1582	10
1583	53
1584	47
1585	78
1586	48
1587	60
1588	150
1589	77
1590	49
1591	52
1592	87
1593	66
1594	73
1595	97
1596	75
1597	63
1598	53
1599	73
1600	76
1601	49
1602	55
1603	63
1604	40
1605	81
1606	69
1607	218
1608	105
1609	156
1610	146
1611	138
1612	149
1613	98
1614	115
1615	120
1616	86
1617	19
1618	28
1619	79
1620	145
1621	23
1622	34
1623	94
1624	49
1625	137
1626	67
1627	52
1628	129
1629	61
1630	129
1631	125
1632	53
1633	58
1634	63
1635	30
1636	29
1637	70
1638	20
1639	79
1640	38
1641	46
1642	71
1643	36
1644	53
1645	70
1646	35
1647	41
1648	50
1649	60
1650	65
1651	65
1652	131
1653	70
1654	78
1655	125
1656	178
1657	131
1658	133
1659	177
1660	133
1661	173
1662	84
1663	113
1664	85
1665	107
1666	82
1667	100
1668	89
1669	93
1670	89
1671	84
1672	123
1673	90
1674	58
1675	96
1676	46
1677	99
1678	36
1679	113
1680	28
1681	119
1682	16
1683	22
1684	121
1685	48
1686	60
1687	135
1688	27
1689	36
1690	86
1691	65
1692	86
1693	84
1694	63
1695	42
1696	30
1697	50
1698	58
1699	60
1700	51
1701	65
1702	40
1703	29
1704	72
1705	27
1706	23
1707	51
1708	95
1709	59
1710	94
1711	65
1712	90
1713	80
1714	68
1715	86
1716	82
1717	74
1718	91
1719	70
1720	74
1721	74
1722	85
1723	71
1724	64
1725	100
1726	325
1727	39
1728	49
1729	48
1730	51
1731	139
1732	111
1733	126
1734	101
1735	19
1736	51
1737	105
1738	101
1739	111
1740	95
1741	34
1742	45
1743	56
1744	58
1745	62
1746	70
1747	88
1748	54
1749	84
1750	68
1751	130
1752	79
1753	77
1754	70
1755	81
1756	64
1757	81
1758	57
1759	91
1760	49
1761	73
1762	21
1763	79
1764	9
1765	77
1766	37
1767	41
1768	21
1769	74
1770	39
1771	30
1772	41
1773	48
1774	52
1775	23
1776	14
1777	12
1778	29
1779	30
1780	51
1781	22
1782	52
1783	65
1784	97
1785	77
1786	106
1787	109
1788	48
1789	41
1790	49
1791	138
1792	104
1793	74
1794	72
1795	56
1796	80
1797	46
1798	66
1799	106
1800	85
1801	61
1802	93
1803	51
1804	108
1805	16
1806	108
1807	30
1808	72
1809	158
1810	67
1811	47
1812	64
1813	52
1814	60
1815	157
1816	163
1817	151
1818	153
1819	130
1820	117
1821	137
1822	113
1823	104
1824	122
1825	126
1826	113
1827	136
1828	92
1829	100
1830	212
1831	59
1832	107
1833	66
1834	68
1835	76
1836	70
1837	83
1838	94
1839	89
1840	101
1841	55
1842	100
1843	111
1844	35
1845	46
1846	52
1847	75
1848	80
1849	69
1850	99
1851	74
1852	157
1853	63
1854	60
1855	31
1856	34
1857	86
1858	88
1859	95
1860	57
1861	27
1862	35
1863	57
1864	78
1865	24
1866	32
1867	79
1868	46
1869	110
1870	58
1871	110
1872	67
1873	107
1874	77
1875	109
1876	71
1877	113
1878	81
1879	86
1880	101
1881	133
1882	81
1883	79
1884	81
1885	9
1886	49
1887	156
1888	59
1889	66
1890	115
1891	114
1892	111
1893	184
1894	75
1895	94
1896	58
1897	44
1898	190
1899	113
1900	115
1901	120
1902	111
1903	46
1904	49
1905	126
1906	54
1907	123
1908	66
1909	114
1910	70
1911	82
1912	98
1913	114
1914	120
1915	99
1916	86
1917	150
1918	85
1919	66
1920	132
1921	96
1922	98
1923	119
1924	103
1925	103
1926	109
1927	66
1928	162
1929	46
1930	204
1931	52
1932	205
1933	55
1934	101
1935	181
1936	245
1937	165
1938	259
1939	266
1940	111
1941	59
1942	113
1943	27
1944	31
1945	36
1946	131
1947	129
1948	83
1949	97
1950	155
1951	145
1952	102
1953	158
1954	42
1955	52
1956	60
1957	230
1958	140
1959	139
1960	186
1961	103
1962	71
1963	113
1964	106
1965	62
1966	110
1967	51
1968	72
1969	44
1970	66
1971	73
1972	27
1973	150
1974	68
1975	68
1976	14
1977	71
1978	85
1979	60
1980	92
1981	111
1982	85
1983	153
1984	50
1985	101
1986	42
1987	104
1988	34
1989	102
1990	13
1991	105
1992	26
1993	99
1994	41
1995	89
1996	58
1997	74
1998	17
1999	98
2000	69
2001	104
2002	60
2003	155
2004	73
2005	62
2006	86
2007	56
2008	17
2009	89
2010	108
2011	47
2012	238
2013	58
2014	68
2015	117
2016	50
2017	110
2018	53
2019	64
2020	103
2021	55
2022	90
2023	42
2024	74
2025	94
2026	81
2027	48
2028	56
2029	85
2030	138
2031	49
2032	133
2033	83
2034	26
2035	39
2036	47
2037	57
2038	47
2039	102
2040	100
2041	110
2042	11
2043	96
2044	17
2045	90
2046	29
2047	79
2048	66
2049	43
2050	159
2051	77
2052	151
2053	78
2054	151
2055	48
2056	83
2057	86
2058	190
2059	14
2060	53
2061	82
2062	23
2063	36
2064	22
2065	42
2066	10
2067	44
2068	33
2069	44
2070	53
2071	31
2072	66
2073	155
2074	99
2075	91
2076	41
2077	23
2078	48
2079	293
2080	287
2081	50
2082	59
2083	70
2084	81
2085	55
2086	70
2087	28
2088	29
2089	76
2090	37
2091	123
2092	95
2093	129
2094	93
2095	89
2096	129
2097	83
2098	59
2099	55
2100	44
2101	141
2102	86
2103	31
2104	124
2105	205
2106	18
2107	109
2108	26
2109	119
2110	35
2111	94
2112	89
2113	119
2114	88
2115	139
2116	233
2117	152
2118	139
2119	160
2120	81
2121	47
2122	25
2123	33
2124	34
2125	78
2126	74
2127	59
2128	57
2129	25
2130	87
2131	32
2132	75
2133	40
2134	60
2135	63
2136	54
2137	67
2138	50
2139	73
2140	89
2141	42
2142	70
2143	34
2144	47
2145	32
2146	39
2147	161
2148	154
2149	207
2150	150
2151	216
2152	230
2153	96
2154	162
2155	100
2156	171
2157	93
2158	148
2159	76
2160	48
2161	69
2162	86
2163	40
2164	49
2165	51
2166	60
2167	55
2168	63
2169	109
2170	114
2171	93
2172	53
2173	115
2174	86
2175	76
2176	101
2177	85
2178	84
2179	44
2180	51
2181	202
2182	38
2183	21
2184	47
2185	53
2186	45
2187	65
2188	26
2189	72
2190	10
2191	58
2192	41
2193	76
2194	131
2195	79
2196	85
2197	55
2198	58
2199	64
2200	52
2201	107
2202	110
2203	178
2204	13
2205	27
2206	37
2207	107
2208	119
2209	122
2210	104
2211	124
2212	23
2213	51
2214	112
2215	50
2216	44
2217	39
2218	56
2219	20
2220	49
2221	46
2222	54
2223	35
2224	65
2225	350
2226	27
2227	117
2228	47
2229	32
2230	33
2231	25
2232	43
2233	40
2234	51
2235	121
2236	60
2237	129
2238	211
2239	206
2240	86
2241	20
2242	86
2243	38
2244	128
2245	113
2246	15
2247	23
2248	56
2249	97
2250	59
2251	39
2252	61
2253	422
2254	65
2255	50
2256	60
2257	60
2258	57
2259	70
2260	53
2261	83
2262	57
2263	19
2264	91
2265	59
2266	14
2267	99
2268	125
2269	125
2270	33
2271	165
2272	32
2273	63
2274	46
2275	160
2276	305
2277	60
2278	68
2279	62
2280	51
2281	124
2282	78
2283	75
2284	76
2285	88
2286	34
2287	330
2288	83
2289	25
2290	79
2291	16
2292	28
2293	38
2294	84
2295	49
2296	72
2297	70
2298	85
2299	59
2300	74
2301	55
2302	80
2303	46
2304	89
2305	34
2306	93
2307	22
2308	90
2309	46
2310	81
2311	80
2312	58
2313	120
2314	30
2315	43
2316	63
2317	29
2318	62
2319	373
2320	65
2321	33
2322	40
2323	39
2324	61
2325	47
2326	54
2327	21
2328	20
2329	24
2330	96
2331	80
2332	64
2333	43
2334	42
2335	23
2336	67
2337	289
2338	94
2339	75
2340	81
2341	71
2342	61
2343	22
2344	108
2345	72
2346	140
2347	13
2348	86
2349	22
2350	69
2351	29
2352	73
2353	202
2354	105
2355	67
2356	57
2357	63
2358	64
2359	70
2360	13
2361	21
2362	26
2363	68
2364	79
2365	123
2366	50
2367	56
2368	26
2369	66
2370	71
2371	175
2372	198
2373	73
2374	116
2375	116
2376	119
2377	126
2378	59
2379	100
2380	83
2381	13
2382	41
2383	21
2384	32
2385	24
2386	22
2387	35
2388	191
2389	23
2390	14
2391	45
2392	51
2393	236
2394	35
2395	231
2396	34
2397	81
2398	108
2399	47
2400	112
2401	51
2402	109
2403	75
2404	78
2405	65
2406	103
2407	117
2408	127
2409	122
2410	65
2411	86
2412	131
2413	230
2414	224
2415	44
2416	127
2417	32
2418	48
2419	111
2420	61
2421	101
2422	69
2423	100
2424	81
2425	96
2426	95
2427	90
2428	87
2429	98
2430	84
2431	86
2432	76
2433	114
2434	68
2435	32
2436	107
2437	48
2438	43
2439	101
2440	59
2441	104
2442	72
2443	92
2444	79
2445	91
2446	91
2447	25
2448	69
2449	100
2450	36
2451	108
2452	63
2453	102
2454	42
2455	104
2456	46
2457	55
2458	105
2459	70
2460	115
2461	52
2462	171
2463	141
2464	141
2465	18
2466	48
2467	159
2468	78
2469	21
2470	59
2471	85
2472	55
2473	39
2474	36
2475	104
2476	80
2477	88
2478	53
2479	93
2480	118
2481	93
2482	83
2483	74
2484	72
2485	130
2486	126
2487	11
2488	134
2489	28
2490	123
2491	119
2492	117
2493	124
2494	195
2495	102
2496	53
2497	130
2498	79
2499	62
2500	83
2501	69
2502	132
2503	18
2504	57
2505	25
2506	69
2507	13
2508	66
2509	73
2510	68
2511	32
2512	77
2513	22
2514	64
2515	132
2516	81
2517	123
2518	86
2519	78
2520	98
2521	11
2522	51
2523	52
2524	38
2525	21
2526	129
2527	11
2528	74
2529	43
2530	127
2531	21
2532	21
2533	79
2534	89
2535	88
2536	69
2537	63
2538	72
2539	75
2540	52
2541	91
2542	146
2543	100
2544	152
2545	109
2546	153
2547	157
2548	165
2549	69
2550	16
2551	89
2552	72
2553	92
2554	97
2555	57
2556	170
2557	93
2558	62
2559	104
2560	214
2561	53
2562	50
2563	60
2564	41
2565	59
2566	165
2567	35
2568	76
2569	43
2570	68
2571	16
2572	79
2573	80
2574	43
2575	51
2576	90
2577	153
2578	75
2579	71
2580	52
2581	65
2582	60
2583	130
2584	93
2585	69
2586	42
2587	89
2588	36
2589	129
2590	79
2591	152
2592	39
2593	134
2594	53
2595	102
2596	33
2597	28
2598	234
2599	17
2600	14
2601	133
2602	98
2603	113
2604	103
2605	81
2606	48
2607	46
2608	148
2609	75
2610	63
2611	24
2612	93
2613	29
2614	73
2615	125
2616	67
2617	123
2618	126
2619	48
2620	129
2621	37
2622	105
2623	86
2624	92
2625	93
2626	54
2627	167
2628	36
2629	75
2630	109
2631	95
2632	90
2633	31
2634	123
2635	21
2636	127
2637	12
2638	18
2639	16
2640	45
2641	34
2642	31
2643	32
2644	19
2645	84
2646	24
2647	99
2648	153
2649	11
2650	157
2651	69
2652	78
2653	92
2654	187
2655	36
2656	59
2657	61
2658	101
2659	62
2660	49
2661	63
2662	192
2663	45
2664	173
2665	119
2666	18
2667	113
2668	104
2669	81
2670	116
2671	9
2672	68
2673	109
2674	21
2675	62
2676	27
2677	83
2678	40
2679	103
2680	47
2681	20
2682	39
2683	173
2684	62
2685	76
2686	104
2687	52
2688	64
2689	68
2690	47
2691	74
2692	41
2693	74
2694	38
2695	117
2696	180
2697	386
2698	38
2699	51
2700	86
2701	33
2702	89
2703	150
2704	390
2705	117
2706	114
2707	20
2708	34
2709	27
2710	27
2711	81
2712	58
2713	58
2714	38
2715	149
2716	114
2717	120
2718	25
2719	77
2720	97
2721	39
2722	234
2723	81
2724	84
2725	16
2726	95
2727	11
2728	99
2729	92
2730	105
2731	13
2732	39
2733	69
2734	70
2735	107
2736	83
2737	73
2738	116
2739	118
2740	34
2741	105
2742	283
2743	70
2744	100
2745	146
2746	26
2747	31
2748	13
2749	56
2750	119
2751	90
2752	83
2753	60
2754	98
2755	76
2756	88
2757	127
2758	43
2759	47
2760	60
2761	101
2762	113
2763	22
2764	132
2765	42
2766	20
2767	25
2768	50
2769	35
2770	32
2771	40
2772	99
2773	25
2774	51
2775	55
2776	17
2777	61
2778	89
2779	59
2780	123
2781	117
2782	100
2783	104
2784	42
2785	14
2786	174
2787	124
2788	95
2789	11
2790	41
2791	97
2792	44
2793	51
2794	141
2795	56
2796	64
2797	73
2798	75
2799	84
2800	32
2801	104
2802	49
2803	57
2804	67
2805	71
2806	12
2807	52
2808	108
2809	94
2810	113
2811	117
2812	96
2813	216
2814	465
2815	207
2816	80
2817	78
2818	101
2819	12
2820	145
2821	136
2822	115
2823	177
2824	18
2825	57
2826	60
2827	96
2828	66
2829	103
2830	89
2831	77
2832	64
2833	85
2834	59
2835	85
2836	57
2837	97
2838	98
2839	95
2840	120
2841	119
2842	14
2843	36
2844	45
2845	59
2846	109
2847	76
2848	70
2849	91
2850	75
2851	87
2852	93
2853	84
2854	104
2855	91
2856	79
2857	142
2858	31
2859	65
2860	50
2861	87
2862	55
2863	82
2864	39
2865	62
2866	71
2867	71
2868	67
2869	76
2870	60
2871	58
2872	16
2873	85
2874	29
2875	117
2876	65
2877	72
2878	33
2879	74
2880	45
2881	62
2882	54
2883	63
2884	62
2885	55
2886	96
2887	58
2888	12
2889	39
2890	25
2891	29
2892	35
2893	19
2894	11
2895	106
2896	188
2897	83
2898	136
2899	266
2900	50
2901	95
2902	43
2903	19
2904	141
2905	51
2906	8
2907	21
2908	27
2909	89
2910	60
2911	10
2912	25
2913	38
2914	47
2915	53
2916	59
2917	128
2918	123
2919	65
2920	71
2921	65
2922	35
2923	64
2924	39
2925	65
2926	65
2927	30
2928	36
2929	16
2930	103
2931	98
2932	121
2933	44
2934	12
2935	20
2936	27
2937	31
2938	59
2939	78
2940	165
2941	63
2942	60
2943	38
2944	137
2945	37
2946	65
2947	69
2948	248
2949	96
2950	94
2951	85
2952	73
2953	350
2954	74
2955	55
2956	82
2957	73
2958	59
2959	19
2960	191
2961	115
2962	108
2963	28
2964	56
2965	24
2966	50
2967	65
2968	114
2969	55
2970	62
2971	56
2972	68
2973	79
2974	119
2975	11
2976	181
2977	21
2978	31
2979	40
2980	50
2981	55
2982	63
2983	72
2984	81
2985	14
2986	20
2987	155
2988	32
2989	42
2990	50
2991	55
2992	68
2993	79
2994	130
2995	117
2996	67
2997	49
2998	73
2999	122
3000	45
3001	66
3002	57
3003	188
3004	74
3005	57
3006	84
3007	35
3008	73
3009	9
3010	92
3011	87
3012	33
3013	70
3014	79
3015	63
3016	29
3017	23
3018	223
3019	146
3020	62
3021	122
3022	60
3023	73
3024	56
3025	83
3026	48
3027	93
3028	34
3029	126
3030	75
3031	50
3032	96
3033	56
3034	41
3035	63
3036	238
3037	136
3038	85
3039	91
3040	55
3041	23
3042	69
3043	236
3044	102
3045	72
3046	70
3047	18
3048	131
3049	20
3050	26
3051	60
3052	73
3053	145
3054	80
3055	89
3056	10
3057	68
3058	63
3059	69
3060	17
3061	103
3062	145
3063	61
3064	28
3065	49
3066	75
3067	65
3068	147
3069	155
3070	60
3071	70
3072	138
3073	33
3074	141
3075	30
3076	123
3077	36
3078	129
3079	17
3080	21
3081	24
3082	120
3083	32
3084	18
3085	180
3086	93
3087	100
3088	106
3089	56
3090	9
3091	56
3092	56
3093	18
3094	184
3095	84
3096	25
3097	79
3098	148
3099	17
3100	16
3101	39
3102	27
3103	34
3104	93
3105	19
3106	27
3107	146
3108	113
3109	111
3110	12
3111	107
3112	147
3113	23
3114	46
3115	89
3116	147
3117	68
3118	107
3119	111
3120	70
3121	81
3122	110
3123	104
3124	17
3125	74
3126	154
3127	16
3128	34
3129	238
3130	123
3131	82
3132	79
3133	49
3134	88
3135	118
3136	81
3137	66
3138	69
3139	35
3140	17
3141	24
3142	36
3143	27
3144	25
3145	31
3146	137
3147	15
3148	86
3149	187
3150	138
3151	45
3152	93
3153	16
3154	100
3155	107
3156	174
3157	238
3158	30
3159	97
3160	23
3161	100
3162	16
3163	16
3164	100
3165	28
3166	38
3167	97
3168	55
3169	81
3170	78
3171	46
3172	125
3173	190
3174	69
3175	89
3176	91
3177	162
3178	56
3179	24
3180	53
3181	13
3182	18
3183	125
3184	108
3185	138
3186	60
3187	16
3188	193
3189	17
3190	7
3191	141
3192	101
3193	118
3194	77
3195	84
3196	147
3197	78
3198	59
3199	170
3200	84
3201	97
3202	89
3203	66
3204	45
3205	84
3206	52
3207	105
3208	47
3209	26
3210	64
3211	23
3212	78
3213	78
3214	49
3215	76
3216	85
3217	40
3218	87
3219	29
3220	127
3221	84
3222	108
3223	24
3224	85
3225	62
3226	77
3227	86
3228	40
3229	70
3230	27
3231	79
3232	23
3233	83
3234	86
3235	17
3236	100
3237	13
3238	22
3239	69
3240	79
3241	76
3242	64
3243	161
3244	84
3245	175
3246	174
3247	80
3248	49
3249	171
3250	46
3251	52
3252	59
3253	151
3254	165
3255	88
3256	59
3257	37
3258	4
3259	76
3260	66
3261	224
3262	74
3263	61
3264	31
3265	96
3266	65
3267	102
3268	129
3269	136
3270	79
3271	52
3272	88
3273	31
3274	52
3275	55
3276	75
3277	148
3278	61
3279	171
3280	65
3281	169
3282	219
3283	77
3284	90
3285	87
3286	113
3287	276
3288	63
3289	148
3290	86
3291	37
3292	44
3293	212
3294	77
3295	132
3296	63
3297	50
3298	38
3299	68
3300	120
3301	68
3302	46
3303	67
3304	74
3305	71
3306	79
3307	33
3308	85
3309	24
3310	19
3311	187
3312	183
3313	128
3314	97
3315	82
3316	18
3317	133
3318	53
3319	13
3320	145
3321	40
3322	126
3323	131
3324	57
3325	94
3326	57
3327	133
3328	113
3329	57
3330	56
3331	166
3332	34
3333	62
3334	30
3335	127
3336	46
3337	48
3338	69
3339	30
3340	51
3341	39
3342	69
3343	64
3344	26
3345	15
3346	130
3347	86
3348	98
3349	150
3350	124
3351	98
3352	148
3353	103
3354	139
3355	108
3356	23
3357	32
3358	80
3359	72
3360	18
3361	81
3362	79
3363	122
3364	82
3365	78
3366	188
3367	344
3368	117
3369	107
3370	129
3371	57
3372	43
3373	41
3374	57
3375	34
3376	206
3377	156
3378	104
3379	10
3380	60
3381	65
3382	65
3383	62
3384	246
3385	70
3386	61
3387	71
3388	53
3389	153
3390	156
3391	55
3392	39
3393	81
3394	82
3395	35
3396	66
3397	51
3398	72
3399	137
3400	131
3401	155
3402	165
3403	59
3404	63
3405	150
3406	99
3407	54
3408	152
3409	6
3410	73
3411	27
3412	118
3413	46
3414	67
3415	53
3416	29
3417	69
3418	139
3419	170
3420	190
3421	64
3422	73
3423	66
3424	56
3425	16
3426	88
3427	71
3428	217
3429	76
3430	227
3431	123
3432	77
3433	78
3434	190
3435	16
3436	100
3437	92
3438	81
3439	73
3440	56
3441	74
3442	64
3443	218
3444	189
3445	213
3446	180
3447	71
3448	17
3449	72
3450	7
3451	52
3452	100
3453	85
3454	15
3455	134
3456	60
3457	130
3458	76
3459	95
3460	123
3461	136
3462	129
3463	132
3464	131
3465	42
3466	69
3467	65
3468	71
3469	48
3470	179
3471	18
3472	100
3473	136
3474	80
3475	73
3476	174
3477	86
3478	165
3479	45
3480	46
3481	132
3482	130
3483	107
3484	106
3485	95
3486	107
3487	73
3488	79
3489	105
3490	46
3491	130
3492	38
3493	126
3494	56
3495	60
3496	81
3497	64
3498	76
3499	73
3500	74
3501	179
3502	58
3503	55
3504	75
3505	79
3506	58
3507	121
3508	105
3509	62
3510	96
3511	91
3512	85
3513	44
3514	48
3515	85
3516	115
3517	172
3518	184
3519	38
3520	120
3521	85
3522	50
3523	236
3524	68
3525	69
3526	103
3527	104
3528	85
3529	23
3530	125
3531	115
3532	116
3533	70
3534	114
3535	142
3536	136
3537	112
3538	139
3539	85
3540	283
3541	188
3542	84
3543	151
3544	159
3545	60
3546	154
3547	16
3548	78
3549	80
3550	8
3551	79
3552	185
3553	140
3554	117
3555	120
3556	22
3557	65
3558	68
3559	74
3560	78
3561	61
3562	147
3563	154
3564	47
3565	271
3566	70
3567	120
3568	121
3569	143
3570	89
3571	25
3572	99
3573	14
3574	78
3575	50
3576	188
3577	81
3578	97
3579	86
3580	71
3581	93
3582	126
3583	47
3584	206
3585	73
3586	62
3587	82
3588	60
3589	82
3590	87
3591	68
3592	100
3593	86
3594	85
3595	50
3596	121
3597	134
3598	20
3599	116
3600	127
3601	63
3602	68
3603	192
3604	48
3605	72
3606	40
3607	81
3608	30
3609	196
3610	36
3611	202
3612	64
3613	328
3614	25
3615	18
3616	29
3617	126
3618	79
3619	69
3620	20
3621	37
3622	114
3623	93
3624	149
3625	41
3626	48
3627	44
3628	8
3629	67
3630	128
3631	165
3632	32
3633	236
3634	50
3635	61
3636	77
3637	22
3638	42
3639	16
3640	54
3641	29
3642	59
3643	15
3644	47
3645	20
3646	92
3647	61
3648	84
3649	75
3650	85
3651	67
3652	73
3653	25
3654	75
3655	41
3656	161
3657	110
3658	40
3659	67
3660	72
3661	75
3662	66
3663	96
3664	69
3665	116
3666	106
3667	109
3668	84
3669	61
3670	34
3671	75
3672	101
3673	121
3674	136
3675	104
3676	36
3677	84
3678	22
3679	98
3680	91
3681	15
3682	93
3683	17
3684	99
3685	33
3686	97
3687	36
3688	97
3689	52
3690	101
3691	100
3692	119
3693	120
3694	96
3695	135
3696	110
3697	114
3698	139
3699	101
3700	89
3701	82
3702	198
3703	72
3704	41
3705	85
3706	94
3707	94
3708	83
3709	119
3710	51
3711	52
3712	77
3713	78
3714	91
3715	117
3716	46
3717	72
3718	150
3719	80
3720	94
3721	20
3722	77
3723	125
3724	23
3725	62
3726	90
3727	16
3728	107
3729	20
3730	31
3731	105
3732	42
3733	67
3734	95
3735	27
3736	70
3737	46
3738	51
3739	110
3740	66
3741	57
3742	51
3743	127
3744	179
3745	55
3746	124
3747	64
3748	322
3749	134
3750	161
3751	53
3752	49
3753	69
3754	69
3755	28
3756	106
3757	84
3758	119
3759	122
3760	114
3761	121
3762	116
3763	108
3764	14
3765	12
3766	95
3767	135
3768	104
3769	54
3770	104
3771	79
3772	54
3773	140
3774	245
3775	91
3776	71
3777	28
3778	132
3779	54
3780	438
3781	39
3782	19
3783	104
3784	76
3785	105
3786	43
3787	152
3788	95
3789	49
3790	226
3791	79
3792	95
3793	74
3794	89
3795	105
3796	70
3797	61
3798	134
3799	95
3800	93
3801	21
3802	9
3803	95
3804	74
3805	36
3806	76
3807	28
3808	40
3809	54
3810	59
3811	176
3812	15
3813	71
3814	99
3815	82
3816	24
3817	91
3818	11
3819	25
3820	27
3821	54
3822	33
3823	43
3824	21
3825	15
3826	138
3827	14
3828	40
3829	24
3830	32
3831	30
3832	58
3833	13
3834	50
3835	25
3836	42
3837	29
3838	31
3839	20
3840	23
3841	63
3842	17
3843	18
3844	69
3845	26
3846	12
3847	99
3848	138
3849	123
3850	169
3851	81
3852	27
3853	44
3854	312
3855	117
3856	88
3857	51
3858	151
3859	6
3860	34
3861	31
3862	77
3863	40
3864	103
3865	76
3866	34
3867	94
3868	87
3869	75
3870	123
3871	88
3872	39
3873	84
3874	42
3875	174
3876	145
3877	53
3878	93
3879	131
3880	63
3881	170
3882	81
3883	59
3884	40
3885	23
3886	55
3887	103
3888	13
3889	80
3890	9
3891	76
3892	23
3893	32
3894	38
3895	10
3896	38
3897	22
3898	32
3899	140
3900	79
3901	36
3902	179
3903	62
3904	56
3905	252
3906	123
3907	68
3908	40
3909	103
3910	148
3911	106
3912	60
3913	119
3914	141
3915	293
3916	102
3917	331
3918	49
3919	170
3920	29
3921	38
3922	98
3923	18
3924	12
3925	175
3926	74
3927	71
3928	158
3929	185
3930	138
3931	177
3932	179
3933	104
3934	126
3935	29
3936	140
3937	86
3938	148
3939	145
3940	59
3941	78
3942	94
3943	99
3944	30
3945	92
3946	34
3947	89
3948	49
3949	86
3950	60
3951	77
3952	73
3953	103
3954	83
3955	84
3956	143
3957	93
3958	148
3959	84
3960	73
3961	93
3962	54
3963	47
3964	71
3965	62
3966	112
3967	66
3968	144
3969	38
3970	40
3971	92
3972	88
3973	45
3974	179
3975	223
3976	23
3977	229
3978	23
3979	33
3980	41
3981	73
3982	59
3983	56
3984	104
3985	110
3986	111
3987	237
3988	66
3989	78
3990	82
3991	44
3992	103
3993	26
3994	54
3995	29
3996	68
3997	73
3998	39
3999	68
4000	181
4001	20
4002	145
4003	94
4004	241
4005	121
4006	109
4007	134
4008	75
4009	131
4010	50
4011	38
4012	260
4013	95
4014	52
4015	174
4016	37
4017	10
4018	23
4019	16
4020	67
4021	52
4022	110
4023	106
4024	108
4025	133
4026	14
4027	13
4028	48
4029	83
4030	57
4031	141
4032	50
4033	103
4034	26
4035	104
4036	105
4037	46
4038	10
4039	20
4040	73
4041	41
4042	30
4043	64
4044	46
4045	36
4046	49
4047	54
4048	111
4049	176
4050	14
4051	70
4052	43
4053	70
4054	35
4055	42
4056	58
4057	94
4058	166
4059	92
4060	69
4061	181
4062	181
4063	56
4064	125
4065	45
4066	70
4067	26
4068	55
4069	104
4070	53
4071	62
4072	62
4073	74
4074	44
4075	156
4076	99
4077	32
4078	16
4079	114
4080	152
4081	128
4082	77
4083	66
4084	99
4085	361
4086	295
4087	99
4088	101
4089	16
4090	27
4091	36
4092	48
4093	56
4094	91
4095	82
4096	85
4097	7
4098	12
4099	72
4100	26
4101	116
4102	78
4103	145
4104	89
4105	54
4106	22
4107	139
4108	49
4109	91
4110	16
4111	26
4112	97
4113	42
4114	72
4115	15
4116	57
4117	66
4118	40
4119	87
4120	63
4121	99
4122	30
4123	50
4124	47
4125	93
4126	95
4127	73
4128	94
4129	98
4130	131
4131	106
4132	104
4133	16
4134	25
4135	35
4136	50
4137	54
4138	61
4139	290
4140	132
4141	71
4142	308
4143	287
4144	268
4145	87
4146	64
4147	19
4148	42
4149	19
4150	66
4151	28
4152	57
4153	61
4154	49
4155	102
4156	52
4157	124
4158	136
4159	116
4160	137
4161	11
4162	41
4163	19
4164	11
4165	44
4166	19
4167	71
4168	44
4169	125
4170	34
4171	46
4172	54
4173	18
4174	76
4175	117
4176	49
4177	94
4178	128
4179	89
4180	73
4181	63
4182	89
4183	72
4184	67
4185	79
4186	52
4187	44
4188	47
4189	113
4190	127
4191	67
4192	14
4193	22
4194	52
4195	46
4196	48
4197	59
4198	80
4199	71
4200	10
4201	24
4202	131
4203	108
4204	34
4205	52
4206	60
4207	66
4208	79
4209	81
4210	84
4211	15
4212	18
4213	51
4214	29
4215	41
4216	50
4217	52
4218	63
4219	71
4220	77
4221	63
4222	108
4223	70
4224	19
4225	195
4226	45
4227	35
4228	35
4229	43
4230	101
4231	35
4232	57
4233	101
4234	55
4235	139
4236	74
4237	128
4238	95
4239	59
4240	62
4241	78
4242	163
4243	73
4244	33
4245	65
4246	81
4247	53
4248	107
4249	49
4250	36
4251	66
4252	53
4253	154
4254	88
4255	155
4256	84
4257	81
4258	145
4259	11
4260	85
4261	89
4262	19
4263	43
4264	55
4265	56
4266	68
4267	101
4268	128
4269	123
4270	56
4271	77
4272	149
4273	29
4274	52
4275	167
4276	35
4277	151
4278	156
4279	67
4280	147
4281	47
4282	282
4283	120
4284	67
4285	16
4286	157
4287	85
4288	112
4289	309
4290	50
4291	27
4292	28
4293	106
4294	61
4295	93
4296	339
4297	105
4298	328
4299	118
4300	385
4301	15
4302	133
4303	415
4304	66
4305	459
4306	269
4307	32
4308	26
4309	95
4310	39
4311	86
4312	55
4313	81
4314	78
4315	80
4316	94
4317	88
4318	164
4319	165
4320	165
4321	165
4322	161
4323	154
4324	45
4325	126
4326	48
4327	109
4328	258
4329	65
4330	146
4331	54
4332	132
4333	82
4334	131
4335	58
4336	53
4337	30
4338	176
4339	149
4340	73
4341	21
4342	27
4343	113
4344	71
4345	25
4346	53
4347	120
4348	109
4349	123
4350	112
4351	41
4352	107
4353	61
4354	92
4355	64
4356	37
4357	72
4358	32
4359	140
4360	88
4361	90
4362	147
4363	94
4364	149
4365	95
4366	71
4367	73
4368	70
4369	98
4370	59
4371	67
4372	72
4373	129
4374	79
4375	131
4376	84
4377	130
4378	83
4379	74
4380	253
4381	296
4382	126
4383	296
4384	130
4385	309
4386	443
4387	186
4388	139
4389	70
4390	77
4391	128
4392	434
4393	137
4394	181
4395	57
4396	181
4397	88
4398	133
4399	87
4400	64
4401	110
4402	77
4403	72
4404	171
4405	107
4406	82
4407	47
4408	63
4409	38
4410	67
4411	25
4412	67
4413	12
4414	111
4415	23
4416	80
4417	83
4418	80
4419	63
4420	17
4421	80
4422	95
4423	55
4424	137
4425	66
4426	47
4427	27
4428	60
4429	80
4430	56
4431	68
4432	45
4433	256
4434	72
4435	47
4436	77
4437	81
4438	149
4439	213
4440	138
4441	218
4442	134
4443	3
4444	44
4445	98
4446	129
4447	61
4448	29
4449	198
4450	62
4451	89
4452	82
4453	54
4454	417
4455	51
4456	231
4457	169
4458	37
4459	68
4460	46
4461	67
4462	76
4463	68
4464	82
4465	56
4466	92
4467	95
4468	188
4469	86
4470	102
4471	76
4472	78
4473	97
4474	104
4475	106
4476	53
4477	234
4478	10
4479	19
4480	115
4481	106
4482	107
4483	158
4484	114
4485	86
4486	277
4487	184
4488	29
4489	73
4490	53
4491	70
4492	66
4493	71
4494	82
4495	82
4496	90
4497	59
4498	77
4499	67
4500	79
4501	83
4502	30
4503	22
4504	32
4505	79
4506	48
4507	58
4508	174
4509	64
4510	298
4511	50
4512	50
4513	146
4514	117
4515	157
4516	219
4517	23
4518	80
4519	256
4520	37
4521	78
4522	114
4523	153
4524	115
4525	227
4526	120
4527	231
4528	48
4529	81
4530	110
4531	50
4532	70
4533	53
4534	66
4535	115
4536	105
4537	121
4538	127
4539	217
4540	132
4541	217
4542	162
4543	133
4544	64
4545	101
4546	63
4547	74
4548	191
4549	115
4550	84
4551	202
4552	92
4553	223
4554	165
4555	122
4556	131
4557	117
4558	114
4559	70
4560	102
4561	49
4562	81
4563	107
4564	60
4565	69
4566	81
4567	15
4568	79
4569	23
4570	32
4571	21
4572	43
4573	96
4574	375
4575	105
4576	269
4577	114
4578	280
4579	117
4580	294
4581	120
4582	30
4583	302
4584	73
4585	77
4586	235
4587	79
4588	123
4589	64
4590	116
4591	71
4592	107
4593	121
4594	76
4595	83
4596	83
4597	86
4598	51
4599	85
4600	58
4601	79
4602	62
4603	73
4604	51
4605	73
4606	78
4607	93
4608	94
4609	89
4610	11
4611	20
4612	69
4613	76
4614	233
4615	110
4616	13
4617	56
4618	178
4619	57
4620	187
4621	28
4622	102
4623	132
4624	35
4625	95
4626	47
4627	101
4628	56
4629	105
4630	59
4631	75
4632	69
4633	90
4634	189
4635	72
4636	143
4637	77
4638	140
4639	83
4640	144
4641	87
4642	106
4643	177
4644	109
4645	183
4646	110
4647	171
4648	115
4649	186
4650	178
4651	126
4652	36
4653	41
4654	96
4655	48
4656	155
4657	104
4658	26
4659	106
4660	200
4661	180
4662	106
4663	200
4664	110
4665	194
4666	204
4667	133
4668	142
4669	62
4670	106
4671	99
4672	70
4673	106
4674	77
4675	91
4676	81
4677	89
4678	85
4679	70
4680	27
4681	90
4682	60
4683	88
4684	56
4685	91
4686	49
4687	164
4688	111
4689	171
4690	108
4691	98
4692	121
4693	37
4694	88
4695	48
4696	89
4697	436
4698	205
4699	80
4700	11
4701	51
4702	45
4703	76
4704	263
4705	56
4706	34
4707	29
4708	33
4709	37
4710	49
4711	58
4712	67
4713	67
4714	78
4715	92
4716	190
4717	125
4718	54
4719	60
4720	64
4721	70
4722	65
4723	67
4724	73
4725	79
4726	254
4727	226
4728	21
4729	34
4730	50
4731	56
4732	70
4733	79
4734	85
4735	88
4736	94
4737	100
4738	77
4739	58
4740	62
4741	70
4742	78
4743	229
4744	35
4745	34
4746	32
4747	84
4748	94
4749	100
4750	106
4751	43
4752	59
4753	72
4754	80
4755	87
4756	96
4757	167
4758	152
4759	371
4760	300
4761	88
4762	62
4763	39
4764	105
4765	109
4766	204
4767	70
4768	72
4769	110
4770	68
4771	78
4772	85
4773	89
4774	94
4775	101
4776	102
4777	101
4778	112
4779	83
4780	131
4781	87
4782	225
4783	142
4784	143
4785	73
4786	74
4787	167
4788	114
4789	116
4790	81
4791	58
4792	29
4793	160
4794	216
4795	149
4796	112
4797	46
4798	31
4799	54
4800	66
4801	50
4802	71
4803	15
4804	25
4805	445
4806	444
4807	143
4808	254
4809	240
4810	68
4811	14
4812	47
4813	199
4814	115
4815	125
4816	138
4817	128
4818	287
4819	278
4820	262
4821	244
4822	230
4823	137
4824	138
4825	118
4826	128
4827	337
4828	157
4829	189
4830	123
4831	204
4832	149
4833	119
4834	100
4835	124
4836	69
4837	139
4838	119
4839	109
4840	421
4841	36
4842	44
4843	54
4844	67
4845	78
4846	83
4847	106
4848	108
4849	110
4850	112
4851	168
4852	110
4853	103
4854	11
4855	78
4856	143
4857	140
4858	78
4859	78
4860	143
4861	268
4862	292
4863	274
4864	268
4865	247
4866	21
4867	179
4868	168
4869	171
4870	175
4871	172
4872	170
4873	166
4874	893
4875	212
4876	74
4877	79
4878	181
4879	230
4880	149
4881	210
4882	121
4883	80
4884	201
4885	153
4886	81
4887	185
4888	72
4889	58
4890	70
4891	87
4892	46
4893	122
4894	189
4895	157
4896	102
4897	108
4898	79
4899	6
4900	103
4901	107
4902	112
4903	117
4904	120
4905	127
4906	122
4907	124
4908	119
4909	114
4910	6
4911	20
4912	34
4913	44
4914	51
4915	58
4916	72
4917	80
4918	85
4919	91
4920	103
4921	132
4922	154
4923	66
4924	11
4925	39
4926	46
4927	100
4928	100
4929	115
4930	118
4931	107
4932	32
4933	74
4934	48
4935	107
4936	110
4937	193
4938	160
4939	215
4940	213
4941	226
4942	197
4943	286
4944	89
4945	126
4946	222
4947	28
4948	33
4949	12
4950	18
4951	333
4952	166
4953	22
4954	109
4955	61
4956	108
4957	321
4958	51
4959	154
4960	148
4961	100
4962	115
4963	114
4964	116
4965	121
4966	56
4967	116
4968	59
4969	85
4970	380
4971	50
4972	100
4973	49
4974	56
4975	56
4976	42
4977	129
4978	71
4979	300
4980	179
4981	107
4982	61
4983	74
4984	84
4985	73
4986	78
4987	45
4988	90
4989	325
4990	340
4991	112
4992	43
4993	161
4994	196
4995	49
4996	41
4997	50
4998	51
4999	58
5000	62
5001	73
5002	73
5003	128
5004	134
5005	138
5006	94
5007	91
5008	23
5009	79
5010	14
5011	127
5012	121
5013	62
5014	124
5015	124
5016	198
5017	234
5018	273
5019	265
5020	42
5021	258
5022	252
5023	222
5024	113
5025	83
5026	107
5027	106
5028	48
5029	22
5030	29
5031	36
5032	101
5033	75
5034	56
5035	60
5036	70
5037	79
5038	132
5039	62
5040	95
5041	200
5042	228
5043	157
5044	155
5045	89
5046	53
5047	56
5048	82
5049	89
5050	158
5051	87
5052	49
5053	34
5054	82
5055	51
5056	91
5057	82
5058	158
5059	106
5060	163
5061	98
5062	152
5063	94
5064	154
5065	212
5066	253
5067	78
5068	359
5069	309
5070	332
5071	167
5072	299
5073	270
5074	307
5075	31
5076	116
5077	130
5078	19
5079	115
5080	129
5081	30
5082	122
5083	231
5084	196
5085	193
5086	34
5087	89
5088	93
5089	10
5090	16
5091	28
5092	21
5093	15
5094	47
5095	14
5096	23
5097	39
5098	55
5099	14
5100	22
5101	31
5102	38
5103	43
5104	42
5105	53
5106	62
5107	70
5108	83
5109	89
5110	96
5111	101
5112	94
5113	113
5114	106
5115	213
5116	195
5117	150
5118	157
5119	251
5120	243
5121	262
5122	386
5123	310
5124	264
5125	218
5126	153
5127	554
5128	321
5129	105
5130	301
5131	292
5132	107
5133	68
5134	155
5135	101
5136	105
5137	313
5138	55
5139	55
5140	162
5141	105
5142	107
5143	127
5144	97
5145	240
5146	122
5147	132
5148	136
5149	187
5150	28
5151	46
5152	271
5153	55
5154	150
5155	95
5156	85
5157	154
5158	151
5159	164
5160	40
5161	31
5162	218
5163	80
5164	84
5165	33
5166	71
5167	53
5168	72
5169	66
5170	217
5171	80
5172	74
5173	68
5174	74
5175	62
5176	59
5177	23
5178	71
5179	85
5180	92
5181	91
5182	91
5183	98
5184	61
5185	139
5186	58
5187	313
5188	26
5189	157
5190	249
5191	214
5192	60
5193	41
5194	68
5195	525
5196	528
5197	588
5198	94
5199	83
5200	71
5201	61
5202	98
5203	120
5204	300
5205	89
5206	103
5207	175
5208	163
5209	40
5210	82
5211	152
5212	99
5213	148
5214	126
5215	129
5216	118
5217	21
5218	109
5219	28
5220	171
5221	35
5222	75
5223	85
5224	77
5225	83
5226	62
5227	78
5228	72
5229	100
5230	56
5231	28
5232	21
5233	37
5234	41
5235	16
5236	79
5237	67
5238	76
5239	78
5240	77
5241	59
5242	66
5243	70
5244	213
5245	169
5246	87
5247	18
5248	138
5249	142
5250	141
5251	64
5252	70
5253	167
5254	68
5255	188
5256	211
5257	26
5258	126
5259	129
5260	330
5261	110
5262	201
5263	114
5264	125
5265	25
5266	186
5267	184
5268	66
5269	160
5270	110
5271	47
5272	94
5273	101
5274	287
5275	273
5276	153
5277	95
5278	103
5279	100
5280	30
5281	38
5282	150
5283	150
5284	152
5285	161
5286	108
5287	112
5288	122
5289	125
5290	54
5291	42
5292	115
5293	55
5294	65
5295	74
5296	86
5297	85
5298	38
5299	103
5300	111
5301	174
5302	258
5303	200
5304	66
5305	10
5306	18
5307	126
5308	184
5309	61
5310	91
5311	89
5312	171
5313	31
5314	38
5315	46
5316	55
5317	59
5318	31
5319	16
5320	27
5321	73
5322	385
5323	47
5324	105
5325	136
5326	49
5327	86
5328	90
5329	51
5330	54
5331	52
5332	62
5333	193
5334	62
5335	204
5336	110
5337	132
5338	129
5339	14
5340	185
5341	181
5342	176
5343	128
5344	51
5345	65
5346	146
5347	73
5348	82
5349	143
5350	61
5351	74
5352	98
5353	94
5354	93
5355	155
5356	32
5357	137
5358	111
5359	103
5360	130
5361	134
5362	211
5363	208
5364	153
5365	146
5366	151
5367	190
5368	214
5369	212
5370	198
5371	192
5372	97
5373	189
5374	45
5375	50
5376	181
5377	273
5378	10
5379	21
5380	26
5381	33
5382	64
5383	8
5384	28
5385	39
5386	65
5387	75
5388	87
5389	23
5390	32
5391	37
5392	55
5393	66
5394	19
5395	79
5396	34
5397	168
5398	104
5399	145
5400	126
5401	223
5402	131
5403	52
5404	121
5405	13
5406	26
5407	78
5408	82
5409	83
5410	34
5411	93
5412	71
5413	28
5414	18
5415	164
5416	145
5417	112
5418	75
5419	160
5420	76
5421	10
5422	301
5423	115
5424	92
5425	32
5426	47
5427	89
5428	76
5429	45
5430	127
5431	171
5432	246
5433	244
5434	221
5435	222
5436	217
5437	253
5438	250
5439	82
5440	264
5441	212
5442	302
5443	277
5444	264
5445	242
5446	47
5447	58
5448	227
5449	121
5450	288
5451	234
5452	22
5453	62
5454	120
5455	84
5456	37
5457	49
5458	49
5459	118
5460	125
5461	120
5462	199
5463	65
5464	427
5465	398
5466	119
5467	36
5468	137
5469	143
5470	171
5471	226
5472	209
5473	262
5474	236
5475	28
5476	56
5477	686
5478	21
5479	69
5480	112
5481	70
5482	53
5483	71
5484	237
5485	79
5486	144
5487	29
5488	73
5489	196
5490	61
5491	214
5492	122
5493	164
5494	166
5495	128
5496	40
5497	76
5498	92
5499	71
5500	51
5501	47
5502	137
5503	106
5504	43
5505	74
5506	15
5507	337
5508	92
5509	342
5510	88
5511	23
5512	114
5513	46
5514	113
5515	52
5516	62
5517	96
5518	71
5519	117
5520	123
5521	135
5522	189
5523	58
5524	197
5525	200
5526	87
5527	81
5528	201
5529	82
5530	82
5531	12
5532	22
5533	70
5534	69
5535	31
5536	90
5537	125
5538	72
5539	50
5540	37
5541	93
5542	26
5543	92
5544	155
5545	154
5546	153
5547	154
5548	123
5549	96
5550	180
5551	119
5552	46
5553	171
5554	140
5555	79
5556	118
5557	8
5558	66
5559	98
5560	108
5561	100
5562	97
5563	94
5564	84
5565	45
5566	15
5567	82
5568	201
5569	155
5570	109
5571	292
5572	31
5573	126
5574	36
5575	119
5576	108
5577	45
5578	91
5579	99
5580	202
5581	52
5582	99
5583	93
5584	62
5585	195
5586	110
5587	92
5588	122
5589	120
5590	158
5591	84
5592	85
5593	368
5594	31
5595	119
5596	91
5597	203
5598	390
5599	116
5600	82
5601	172
5602	136
5603	134
5604	128
5605	133
5606	95
5607	121
5608	83
5609	165
5610	99
5611	135
5612	136
5613	72
5614	309
5615	84
5616	39
5617	132
5618	298
5619	97
5620	161
5621	147
5622	33
5623	86
5624	132
5625	150
5626	383
5627	155
5628	195
5629	152
5630	167
5631	77
5632	242
5633	39
5634	201
5635	197
5636	40
5637	87
5638	87
5639	367
5640	70
5641	99
5642	82
5643	220
5644	218
5645	30
5646	99
5647	224
5648	132
5649	101
5650	106
5651	180
5652	99
5653	89
5654	143
5655	148
5656	49
5657	42
5658	49
5659	52
5660	70
5661	78
5662	43
5663	237
5664	132
5665	252
5666	136
5667	291
5668	303
5669	203
5670	169
5671	96
5672	133
5673	179
5674	133
5675	176
5676	134
5677	176
5678	172
5679	138
5680	79
5681	141
5682	41
5683	78
5684	107
5685	114
5686	113
5687	115
5688	111
5689	118
5690	145
5691	82
5692	98
5693	76
5694	200
5695	190
5696	78
5697	132
5698	119
5699	32
5700	61
5701	54
5702	92
5703	10
5704	95
5705	56
5706	84
5707	72
5708	107
5709	133
5710	98
5711	105
5712	76
5713	100
5714	44
5715	82
5716	39
5717	66
5718	66
5719	67
5720	141
5721	183
5722	111
5723	165
5724	63
5725	119
5726	73
5727	87
5728	106
5729	105
5730	105
5731	57
5732	79
5733	18
5734	78
5735	94
5736	199
5737	101
5738	198
5739	82
5740	126
5741	219
5742	13
5743	146
5744	190
5745	48
5746	116
5747	67
5748	53
5749	61
5750	122
5751	117
5752	122
5753	109
5754	123
5755	103
5756	131
5757	131
5758	131
5759	127
5760	140
5761	116
5762	145
5763	105
5764	104
5765	148
5766	90
5767	264
5768	24
5769	85
5770	77
5771	92
5772	33
5773	71
5774	84
5775	57
5776	26
5777	86
5778	36
5779	28
5780	131
5781	45
5782	97
5783	43
5784	84
5785	85
5786	193
5787	416
5788	118
5789	98
5790	106
5791	112
5792	121
5793	101
5794	100
5795	97
5796	37
5797	53
5798	125
5799	64
5800	55
5801	124
5802	47
5803	126
5804	125
5805	36
5806	129
5807	134
5808	25
5809	107
5810	231
5811	109
5812	76
5813	210
5814	176
5815	34
5816	69
5817	153
5818	14
5819	28
5820	82
5821	75
5822	84
5823	269
5824	206
5825	274
5826	200
5827	17
5828	111
5829	120
5830	157
5831	88
5832	105
5833	126
5834	111
5835	130
5836	130
5837	159
5838	90
5839	87
5840	91
5841	120
5842	51
5843	94
5844	108
5845	107
5846	459
5847	51
5848	154
5849	23
5850	165
5851	117
5852	166
5853	211
5854	305
5855	13
5856	119
5857	235
5858	85
5859	120
5860	73
5861	94
5862	125
5863	91
5864	60
5865	140
5866	97
5867	303
5868	103
5869	167
5870	242
5871	73
5872	62
5873	79
5874	35
5875	34
5876	85
5877	76
5878	176
5879	228
5880	106
5881	124
5882	33
5883	87
5884	17
5885	32
5886	87
5887	115
5888	17
5889	41
5890	298
5891	53
5892	37
5893	126
5894	43
5895	49
5896	60
5897	43
5898	55
5899	54
5900	12
5901	18
5902	45
5903	148
5904	48
5905	115
5906	56
5907	725
5908	375
5909	103
5910	82
5911	87
5912	164
5913	46
5914	169
5915	174
5916	172
5917	173
5918	63
5919	121
5920	127
5921	112
5922	36
5923	123
5924	49
5925	83
5926	83
5927	487
5928	38
5929	366
5930	125
5931	244
5932	228
5933	45
5934	142
5935	66
5936	58
5937	51
5938	91
5939	69
5940	99
5941	88
5942	21
5943	97
5944	59
5945	80
5946	37
5947	49
5948	55
5949	925
5950	148
5951	18
5952	12
5953	18
5954	44
5955	9
5956	31
5957	50
5958	68
5959	73
5960	126
5961	50
5962	89
5963	97
5964	39
5965	172
5966	98
5967	30
5968	76
5969	80
5970	30
5971	43
5972	72
5973	150
5974	91
5975	98
5976	71
5977	119
5978	104
5979	71
5980	92
5981	63
5982	148
5983	37
5984	119
5985	41
5986	115
5987	144
5988	10
5989	80
5990	133
5991	67
5992	155
5993	55
5994	21
5995	33
5996	51
5997	120
5998	139
5999	94
6000	91
6001	121
6002	145
6003	141
6004	7
6005	40
6006	68
6007	13
6008	80
6009	19
6010	146
6011	282
6012	38
6013	57
6014	86
6015	78
6016	90
6017	34
6018	202
6019	57
6020	79
6021	156
6022	72
6023	68
6024	145
6025	71
6026	156
6027	57
6028	75
6029	63
6030	83
6031	147
6032	87
6033	93
6034	172
6035	169
6036	51
6037	77
6038	45
6039	152
6040	72
6041	87
6042	87
6043	80
6044	51
6045	104
6046	62
6047	104
6048	78
6049	80
6050	63
6051	54
6052	87
6053	22
6054	43
6055	55
6056	82
6057	190
6058	123
6059	67
6060	87
6061	300
6062	74
6063	71
6064	75
6065	57
6066	74
6067	140
6068	190
6069	94
6070	263
6071	79
6072	42
6073	95
6074	39
6075	101
6076	53
6077	62
6078	63
6079	61
6080	96
6081	122
6082	41
6083	53
6084	115
6085	64
6086	48
6087	233
6088	63
6089	59
6090	88
6091	58
6092	82
6093	132
6094	87
6095	75
6096	71
6097	104
6098	100
6099	63
6100	473
6101	93
6102	52
6103	290
6104	44
6105	165
6106	40
6107	169
6108	21
6109	163
6110	52
6111	45
6112	57
6113	149
6114	103
6115	104
6116	149
6117	61
6118	103
6119	69
6120	150
6121	128
6122	146
6123	43
6124	49
6125	69
6126	88
6127	102
6128	24
6129	188
6130	317
6131	162
6132	229
6133	31
6134	40
6135	57
6136	279
6137	194
6138	195
6139	115
6140	97
6141	137
6142	141
6143	85
6144	72
6145	64
6146	46
6147	47
6148	117
6149	103
6150	169
6151	181
6152	119
6153	123
6154	33
6155	36
6156	50
6157	55
6158	59
6159	115
6160	52
6161	35
6162	93
6163	42
6164	49
6165	54
6166	63
6167	176
6168	106
6169	58
6170	171
6171	59
6172	173
6173	213
6174	81
6175	98
6176	86
6177	90
6178	88
6179	94
6180	142
6181	172
6182	144
6183	173
6184	302
6185	299
6186	123
6187	53
6188	81
6189	154
6190	54
6191	30
6192	56
6193	81
6194	139
6195	83
6196	139
6197	51
6198	132
6199	58
6200	170
6201	93
6202	38
6203	66
6204	113
6205	69
6206	111
6207	78
6208	100
6209	106
6210	141
6211	46
6212	71
6213	55
6214	115
6215	134
6216	117
6217	139
6218	127
6219	142
6220	64
6221	132
6222	138
6223	137
6224	126
6225	138
6226	142
6227	134
6228	146
6229	127
6230	148
6231	130
6232	126
6233	144
6234	157
6235	117
6236	155
6237	114
6238	252
6239	67
6240	153
6241	109
6242	154
6243	102
6244	200
6245	98
6246	100
6247	166
6248	95
6249	172
6250	191
6251	70
6252	116
6253	92
6254	106
6255	77
6256	81
6257	72
6258	96
6259	51
6260	83
6261	63
6262	83
6263	72
6264	90
6265	84
6266	83
6267	166
6268	74
6269	162
6270	64
6271	166
6272	52
6273	168
6274	179
6275	158
6276	28
6277	28
6278	93
6279	52
6280	88
6281	45
6282	46
6283	120
6284	80
6285	170
6286	159
6287	214
6288	217
6289	216
6290	117
6291	74
6292	54
6293	226
6294	13
6295	57
6296	184
6297	65
6298	187
6299	69
6300	252
6301	42
6302	172
6303	114
6304	304
6305	116
6306	267
6307	64
6308	235
6309	157
6310	195
6311	118
6312	32
6313	195
6314	162
6315	99
6316	57
6317	273
6318	205
6319	108
6320	251
6321	89
6322	244
6323	55
6324	87
6325	259
6326	145
6327	362
6328	23
6329	21
6330	51
6331	27
6332	22
6333	99
6334	320
6335	106
6336	86
6337	68
6338	96
6339	119
6340	45
6341	34
6342	19
6343	147
6344	81
6345	109
6346	26
6347	272
6348	26
6349	62
6350	82
6351	124
6352	16
6353	96
6354	93
6355	90
6356	124
6357	113
6358	78
6359	155
6360	378
6361	223
6362	91
6363	197
6364	59
6365	95
6366	93
6367	84
6368	89
6369	32
6370	119
6371	71
6372	140
6373	160
6374	220
6375	179
6376	225
6377	24
6378	27
6379	109
6380	94
6381	44
6382	74
6383	185
6384	93
6385	259
6386	108
6387	54
6388	181
6389	63
6390	116
6391	65
6392	136
6393	259
6394	84
6395	78
6396	62
6397	90
6398	49
6399	91
6400	61
6401	40
6402	54
6403	61
6404	56
6405	79
6406	214
6407	109
6408	112
6409	111
6410	108
6411	26
6412	140
6413	88
6414	180
6415	152
6416	152
6417	201
6418	142
6419	182
6420	263
6421	277
6422	143
6423	107
6424	437
6425	80
6426	128
6427	122
6428	155
6429	56
6430	89
6431	127
6432	81
6433	113
6434	103
6435	90
6436	57
6437	58
6438	106
6439	99
6440	43
6441	50
6442	97
6443	80
6444	95
6445	96
6446	101
6447	118
6448	117
6449	117
6450	30
6451	40
6452	45
6453	45
6454	6
6455	12
6456	33
6457	60
6458	72
6459	76
6460	81
6461	89
6462	103
6463	100
6464	109
6465	115
6466	124
6467	98
6468	68
6469	64
6470	102
6471	101
6472	107
6473	204
6474	19
6475	121
6476	31
6477	114
6478	126
6479	36
6480	102
6481	35
6482	153
6483	51
6484	76
6485	91
6486	30
6487	47
6488	118
6489	92
6490	105
6491	92
6492	104
6493	48
6494	60
6495	163
6496	66
6497	163
6498	100
6499	194
6500	95
6501	202
6502	38
6503	87
6504	42
6505	77
6506	51
6507	74
6508	126
6509	90
6510	133
6511	84
6512	96
6513	73
6514	59
6515	171
6516	47
6517	161
6518	97
6519	91
6520	118
6521	71
6522	54
6523	61
6524	57
6525	68
6526	11
6527	68
6528	79
6529	89
6530	103
6531	58
6532	38
6533	98
6534	100
6535	113
6536	60
6537	29
6538	41
6539	150
6540	155
6541	158
6542	104
6543	106
6544	106
6545	142
6546	146
6547	61
6548	31
6549	93
6550	160
6551	94
6552	160
6553	57
6554	201
6555	122
6556	268
6557	117
6558	133
6559	133
6560	112
6561	96
6562	68
6563	29
6564	264
6565	51
6566	49
6567	35
6568	61
6569	84
6570	71
6571	77
6572	76
6573	70
6574	77
6575	82
6576	68
6577	42
6578	103
6579	61
6580	87
6581	382
6582	110
6583	68
6584	71
6585	67
6586	76
6587	78
6588	62
6589	97
6590	95
6591	102
6592	189
6593	132
6594	96
6595	103
6596	161
6597	82
6598	86
6599	49
6600	52
6601	79
6602	86
6603	98
6604	157
6605	12
6606	119
6607	204
6608	60
6609	67
6610	125
6611	156
6612	82
6613	78
6614	69
6615	63
6616	56
6617	45
6618	42
6619	101
6620	106
6621	104
6622	102
6623	10
6624	14
6625	110
6626	35
6627	69
6628	100
6629	31
6630	114
6631	132
6632	103
6633	59
6634	91
6635	46
6636	101
6637	98
6638	74
6639	77
6640	66
6641	73
6642	186
6643	63
6644	45
6645	67
6646	38
6647	78
6648	73
6649	134
6650	38
6651	130
6652	77
6653	72
6654	266
6655	175
6656	112
6657	73
6658	31
6659	171
6660	80
6661	58
6662	64
6663	42
6664	73
6665	120
6666	90
6667	47
6668	63
6669	22
6670	83
6671	82
6672	34
6673	116
6674	125
6675	59
6676	37
6677	86
6678	182
6679	78
6680	101
6681	70
6682	111
6683	65
6684	86
6685	90
6686	155
6687	35
6688	52
6689	39
6690	252
6691	177
6692	25
6693	120
6694	147
6695	207
6696	32
6697	122
6698	23
6699	40
6700	103
6701	13
6702	97
6703	44
6704	51
6705	105
6706	63
6707	113
6708	73
6709	82
6710	108
6711	118
6712	89
6713	18
6714	124
6715	28
6716	75
6717	44
6718	72
6719	49
6720	69
6721	127
6722	55
6723	88
6724	61
6725	43
6726	96
6727	51
6728	19
6729	78
6730	65
6731	44
6732	75
6733	71
6734	68
6735	73
6736	65
6737	74
6738	60
6739	82
6740	16
6741	83
6742	176
6743	34
6744	17
6745	176
6746	75
6747	110
6748	93
6749	81
6750	8
6751	114
6752	126
6753	38
6754	104
6755	48
6756	13
6757	42
6758	379
6759	168
6760	72
6761	100
6762	69
6763	75
6764	85
6765	52
6766	74
6767	190
6768	121
6769	188
6770	106
6771	70
6772	71
6773	73
6774	62
6775	101
6776	7
6777	45
6778	104
6779	133
6780	77
6781	67
6782	137
6783	136
6784	104
6785	195
6786	235
6787	303
6788	406
6789	386
6790	372
6791	61
6792	18
6793	117
6794	133
6795	102
6796	99
6797	125
6798	169
6799	163
6800	154
6801	155
6802	95
6803	122
6804	211
6805	41
6806	228
6807	127
6808	49
6809	49
6810	25
6811	51
6812	135
6813	99
6814	97
6815	102
6816	115
6817	123
6818	133
6819	101
6820	140
6821	90
6822	81
6823	123
6824	142
6825	18
6826	55
6827	25
6828	103
6829	62
6830	54
6831	33
6832	59
6833	24
6834	41
6835	282
6836	103
6837	254
6838	116
6839	67
6840	94
6841	92
6842	80
6843	131
6844	91
6845	146
6846	104
6847	76
6848	56
6849	140
6850	144
6851	143
6852	147
6853	147
6854	187
6855	224
6856	184
6857	227
6858	90
6859	102
6860	95
6861	110
6862	90
6863	80
6864	74
6865	65
6866	33
6867	17
6868	101
6869	84
6870	101
6871	124
6872	63
6873	125
6874	69
6875	52
6876	60
6877	108
6878	3
6879	120
6880	15
6881	46
6882	62
6883	46
6884	56
6885	105
6886	97
6887	27
6888	66
6889	248
6890	104
6891	130
6892	69
6893	46
6894	83
6895	16
6896	83
6897	30
6898	34
6899	89
6900	116
6901	78
6902	143
6903	59
6904	164
6905	51
6906	52
6907	113
6908	87
6909	26
6910	18
6911	146
6912	139
6913	23
6914	162
6915	137
6916	44
6917	60
6918	21
6919	137
6920	108
6921	16
6922	65
6923	24
6924	50
6925	41
6926	48
6927	39
6928	40
6929	50
6930	89
6931	90
6932	83
6933	91
6934	80
6935	102
6936	77
6937	24
6938	67
6939	36
6940	171
6941	75
6942	70
6943	151
6944	140
6945	142
6946	113
6947	140
6948	145
6949	117
6950	116
6951	241
6952	70
6953	118
6954	120
6955	40
6956	121
6957	115
6958	23
6959	177
6960	67
6961	85
6962	113
6963	133
6964	154
6965	9
6966	71
6967	25
6968	31
6969	18
6970	71
6971	9
6972	55
6973	106
6974	88
6975	91
6976	175
6977	157
6978	23
6979	85
6980	94
6981	129
6982	6
6983	29
6984	89
6985	13
6986	43
6987	53
6988	166
6989	81
6990	90
6991	0
6992	11
6993	11
6994	100
6995	256
6996	135
6997	70
6998	83
6999	28
7000	45
7001	57
7002	48
7003	88
7004	58
7005	64
7006	72
7007	86
7008	71
7009	63
7010	78
7011	13
7012	88
7013	127
7014	131
7015	54
7016	63
7017	55
7018	146
7019	83
7020	10
7021	112
7022	117
7023	250
7024	31
7025	47
7026	93
7027	109
7028	69
7029	71
7030	60
7031	71
7032	140
7033	133
7034	111
7035	199
7036	87
7037	10
7038	26
7039	81
7040	51
7041	41
7042	67
7043	109
7044	79
7045	90
7046	69
7047	17
7048	30
7049	113
7050	121
7051	59
7052	38
7053	142
7054	15
7055	71
7056	68
7057	182
7058	176
7059	101
7060	102
7061	68
7062	146
7063	48
7064	181
7065	55
7066	38
7067	79
7068	82
7069	83
7070	49
7071	71
7072	45
7073	38
7074	49
7075	54
7076	63
7077	67
7078	91
7079	110
7080	132
7081	49
7082	82
7083	98
7084	147
7085	160
7086	152
7087	165
7088	157
7089	177
7090	186
7091	129
7092	159
7093	133
7094	174
7095	183
7096	123
7097	92
7098	111
7099	134
7100	60
7101	53
7102	262
7103	69
7104	54
7105	85
7106	108
7107	67
7108	74
7109	92
7110	90
7111	38
7112	329
7113	483
7114	61
7115	45
7116	43
7117	40
7118	25
7119	42
7120	228
7121	200
7122	149
7123	234
7124	147
7125	174
7126	149
7127	174
7128	244
7129	135
7130	154
7131	83
7132	161
7133	96
7134	165
7135	101
7136	166
7137	30
7138	116
7139	141
7140	132
7141	130
7142	143
7143	134
7144	10
7145	24
7146	16
7147	29
7148	21
7149	31
7150	38
7151	75
7152	282
7153	135
7154	75
7155	145
7156	56
7157	244
7158	23
7159	119
7160	308
7161	130
7162	77
7163	82
7164	88
7165	67
7166	107
7167	125
7168	144
7169	35
7170	28
7171	164
7172	223
7173	180
7174	104
7175	161
7176	158
7177	118
7178	92
7179	14
7180	46
7181	146
7182	63
7183	67
7184	76
7185	58
7186	69
7187	199
7188	51
7189	11
7190	90
7191	266
7192	241
7193	211
7194	153
7195	38
7196	48
7197	66
7198	70
7199	79
7200	84
7201	180
7202	81
7203	92
7204	87
7205	85
7206	89
7207	97
7208	97
7209	102
7210	101
7211	102
7212	84
7213	96
7214	12
7215	23
7216	62
7217	36
7218	128
7219	269
7220	134
7221	436
7222	76
7223	85
7224	90
7225	85
7226	94
7227	102
7228	103
7229	104
7230	40
7231	48
7232	54
7233	65
7234	68
7235	87
7236	89
7237	99
7238	106
7239	103
7240	93
7241	80
7242	194
7243	106
7244	188
7245	107
7246	141
7247	128
7248	115
7249	73
7250	84
7251	92
7252	50
7253	26
7254	95
7255	74
7256	92
7257	180
7258	66
7259	89
7260	40
7261	108
7262	55
7263	97
7264	42
7265	59
7266	51
7267	39
7268	215
7269	74
7270	95
7271	62
7272	32
7273	102
7274	55
7275	145
7276	89
7277	150
7278	139
7279	28
7280	65
7281	88
7282	76
7283	77
7284	56
7285	55
7286	120
7287	61
7288	81
7289	22
7290	111
7291	48
7292	117
7293	119
7294	114
7295	94
7296	62
7297	12
7298	24
7299	37
7300	83
7301	115
7302	67
7303	23
7304	27
7305	36
7306	63
7307	55
7308	48
7309	112
7310	68
7311	129
7312	109
7313	109
7314	42
7315	11
7316	322
7317	79
7318	54
7319	50
7320	267
7321	151
7322	181
7323	58
7324	449
7325	103
7326	71
7327	98
7328	107
7329	109
7330	43
7331	91
7332	51
7333	83
7334	56
7335	76
7336	93
7337	63
7338	66
7339	35
7340	36
7341	27
7342	22
7343	45
7344	142
7345	55
7346	129
7347	67
7348	126
7349	105
7350	85
7351	113
7352	10
7353	130
7354	104
7355	110
7356	138
7357	136
7358	134
7359	27
7360	93
7361	112
7362	17
7363	111
7364	103
7365	84
7366	106
7367	88
7368	288
7369	227
7370	52
7371	100
7372	22
7373	82
7374	122
7375	33
7376	36
7377	112
7378	46
7379	114
7380	56
7381	109
7382	51
7383	199
7384	92
7385	103
7386	84
7387	100
7388	39
7389	164
7390	82
7391	60
7392	48
7393	54
7394	55
7395	47
7396	53
7397	40
7398	85
7399	72
7400	51
7401	116
7402	125
7403	34
7404	191
7405	49
7406	221
7407	35
7408	44
7409	127
7410	83
7411	22
7412	76
7413	85
7414	84
7415	37
7416	83
7417	136
7418	143
7419	60
7420	84
7421	60
7422	25
7423	174
7424	58
7425	40
7426	90
7427	140
7428	140
7429	139
7430	142
7431	245
7432	172
7433	60
7434	44
7435	62
7436	160
7437	22
7438	54
7439	71
7440	38
7441	51
7442	58
7443	123
7444	57
7445	72
7446	101
7447	48
7448	8
7449	163
7450	100
7451	111
7452	154
7453	66
7454	221
7455	48
7456	203
7457	219
7458	87
7459	87
7460	87
7461	71
7462	78
7463	71
7464	78
7465	67
7466	167
7467	43
7468	57
7469	134
7470	199
7471	235
7472	128
7473	53
7474	80
7475	389
7476	108
7477	128
7478	80
7479	189
7480	79
7481	71
7482	79
7483	211
7484	76
7485	40
7486	83
7487	27
7488	108
7489	105
7490	72
7491	74
7492	116
7493	147
7494	47
7495	40
7496	77
7497	93
7498	23
7499	100
7500	78
7501	46
7502	63
7503	65
7504	60
7505	48
7506	55
7507	62
7508	57
7509	65
7510	102
7511	54
7512	103
7513	51
7514	106
7515	100
7516	99
7517	68
7518	113
7519	150
7520	132
7521	144
7522	34
7523	13
7524	18
7525	99
7526	92
7527	104
7528	174
7529	98
7530	53
7531	45
7532	34
7533	154
7534	250
7535	87
7536	293
7537	76
7538	44
7539	60
7540	68
7541	19
7542	39
7543	88
7544	42
7545	87
7546	108
7547	22
7548	77
7549	72
7550	26
7551	31
7552	36
7553	108
7554	40
7555	112
7556	112
7557	103
7558	196
7559	50
7560	89
7561	96
7562	93
7563	15
7564	91
7565	38
7566	88
7567	63
7568	102
7569	30
7570	42
7571	62
7572	37
7573	72
7574	12
7575	67
7576	43
7577	169
7578	105
7579	36
7580	40
7581	58
7582	32
7583	57
7584	25
7585	68
7586	72
7587	16
7588	55
7589	75
7590	3
7591	42
7592	42
7593	90
7594	134
7595	56
7596	124
7597	76
7598	17
7599	71
7600	19
7601	6
7602	64
7603	52
7604	111
7605	68
7606	82
7607	167
7608	170
7609	72
7610	59
7611	21
7612	63
7613	22
7614	145
7615	144
7616	131
7617	93
7618	63
7619	92
7620	60
7621	86
7622	58
7623	149
7624	149
7625	154
7626	47
7627	116
7628	37
7629	109
7630	30
7631	18
7632	95
7633	37
7634	161
7635	222
7636	61
7637	107
7638	221
7639	105
7640	223
7641	133
7642	162
7643	107
7644	55
7645	55
7646	54
7647	43
7648	28
7649	17
7650	45
7651	79
7652	56
7653	70
7654	69
7655	70
7656	65
7657	93
7658	252
7659	145
7660	43
7661	52
7662	30
7663	36
7664	27
7665	56
7666	49
7667	82
7668	58
7669	126
7670	125
7671	68
7672	61
7673	177
7674	166
7675	51
7676	39
7677	58
7678	27
7679	17
7680	26
7681	12
7682	67
7683	160
7684	172
7685	147
7686	168
7687	152
7688	148
7689	163
7690	129
7691	435
7692	232
7693	107
7694	5
7695	31
7696	38
7697	269
7698	79
7699	61
7700	27
7701	58
7702	175
7703	50
7704	22
7705	105
7706	47
7707	299
7708	33
7709	265
7710	208
7711	72
7712	25
7713	74
7714	18
7715	115
7716	87
7717	112
7718	218
7719	15
7720	220
7721	114
7722	121
7723	112
7724	108
7725	39
7726	119
7727	126
7728	78
7729	107
7730	66
7731	95
7732	49
7733	112
7734	162
7735	132
7736	55
7737	134
7738	129
7739	145
7740	104
7741	85
7742	70
7743	103
7744	110
7745	28
7746	51
7747	33
7748	71
7749	25
7750	53
7751	123
7752	12
7753	75
7754	55
7755	61
7756	51
7757	229
7758	39
7759	122
7760	97
7761	88
7762	52
7763	47
7764	82
7765	82
7766	106
7767	34
7768	35
7769	68
7770	31
7771	59
7772	82
7773	88
7774	84
7775	84
7776	80
7777	80
7778	85
7779	101
7780	108
7781	202
7782	41
7783	149
7784	65
7785	24
7786	64
7787	91
7788	71
7789	88
7790	77
7791	83
7792	80
7793	72
7794	102
7795	134
7796	84
7797	252
7798	114
7799	332
7800	87
7801	209
7802	94
7803	55
7804	64
7805	65
7806	29
7807	86
7808	90
7809	99
7810	90
7811	14
7812	24
7813	32
7814	70
7815	51
7816	124
7817	88
7818	18
7819	25
7820	46
7821	144
7822	37
7823	86
7824	41
7825	107
7826	118
7827	23
7828	63
7829	49
7830	47
7831	33
7832	123
7833	18
7834	29
7835	34
7836	13
7837	10
7838	121
7839	353
7840	117
7841	342
7842	62
7843	30
7844	79
7845	22
7846	35
7847	17
7848	15
7849	37
7850	108
7851	179
7852	234
7853	130
7854	135
7855	277
7856	58
7857	211
7858	49
7859	72
7860	53
7861	61
7862	123
7863	75
7864	130
7865	132
7866	59
7867	90
7868	51
7869	76
7870	54
7871	50
7872	66
7873	21
7874	47
7875	115
7876	155
7877	83
7878	5
7879	107
7880	105
7881	62
7882	125
7883	154
7884	11
7885	53
7886	60
7887	75
7888	7
7889	86
7890	83
7891	20
7892	85
7893	108
7894	128
7895	46
7896	119
7897	145
7898	119
7899	119
7900	143
7901	156
7902	66
7903	67
7904	76
7905	78
7906	74
7907	74
7908	72
7909	179
7910	151
7911	69
7912	47
7913	31
7914	87
7915	58
7916	62
7917	63
7918	70
7919	41
7920	55
7921	56
7922	46
7923	8
7924	25
7925	44
7926	74
7927	90
7928	210
7929	49
7930	97
7931	41
7932	72
7933	100
7934	117
7935	213
7936	38
7937	64
7938	70
7939	63
7940	46
7941	22
7942	16
7943	52
7944	139
7945	6
7946	60
7947	31
7948	112
7949	76
7950	52
7951	63
7952	178
7953	160
7954	92
7955	232
7956	146
7957	177
7958	174
7959	150
7960	59
7961	73
7962	92
7963	120
7964	45
7965	281
7966	269
7967	13
7968	127
7969	57
7970	25
7971	114
7972	86
7973	46
7974	24
7975	49
7976	28
7977	40
7978	40
7979	88
7980	93
7981	26
7982	112
7983	110
7984	114
7985	116
7986	117
7987	189
7988	12
7989	115
7990	18
7991	42
7992	27
7993	42
7994	21
7995	62
7996	208
7997	130
7998	130
7999	112
8000	67
8001	91
8002	86
8003	99
8004	32
8005	36
8006	217
8007	66
8008	84
8009	528
8010	40
8011	57
8012	97
8013	43
8014	46
8015	36
8016	30
8017	158
8018	184
8019	151
8020	55
8021	80
8022	53
8023	20
8024	94
8025	87
8026	112
8027	88
8028	252
8029	69
8030	64
8031	59
8032	75
8033	55
8034	132
8035	74
8036	79
8037	81
8038	16
8039	30
8040	39
8041	93
8042	38
8043	152
8044	26
8045	88
8046	22
8047	90
8048	19
8049	77
8050	8
8051	70
8052	178
8053	92
8054	96
8055	174
8056	38
8057	73
8058	55
8059	99
8060	131
8061	127
8062	83
8063	29
8064	24
8065	59
8066	71
8067	58
8068	72
8069	45
8070	52
8071	32
8072	20
8073	18
8074	79
8075	74
8076	168
8077	89
8078	110
8079	36
8080	75
8081	172
8082	55
8083	243
8084	64
8085	75
8086	86
8087	37
8088	81
8089	71
8090	64
8091	164
8092	101
8093	105
8094	167
8095	54
8096	74
8097	155
8098	162
8099	90
8100	90
8101	92
8102	92
8103	144
8104	127
8105	64
8106	179
8107	31
8108	73
8109	85
8110	59
8111	98
8112	148
8113	109
8114	56
8115	63
8116	80
8117	64
8118	83
8119	59
8120	91
8121	52
8122	91
8123	48
8124	62
8125	66
8126	235
8127	32
8128	42
8129	85
8130	22
8131	84
8132	63
8133	58
8134	16
8135	87
8136	59
8137	82
8138	120
8139	54
8140	125
8141	89
8142	67
8143	79
8144	45
8145	185
8146	118
8147	185
8148	178
8149	36
8150	127
8151	138
8152	78
8153	40
8154	77
8155	21
8156	88
8157	113
8158	101
8159	95
8160	63
8161	89
8162	68
8163	87
8164	79
8165	81
8166	88
8167	90
8168	63
8169	53
8170	65
8171	2
8172	177
8173	95
8174	98
8175	60
8176	49
8177	55
8178	32
8179	55
8180	66
8181	63
8182	76
8183	76
8184	23
8185	20
8186	25
8187	57
8188	129
8189	217
8190	56
8191	111
8192	106
8193	55
8194	40
8195	90
8196	19
8197	99
8198	155
8199	79
8200	84
8201	51
8202	69
8203	72
8204	158
8205	254
8206	47
8207	22
8208	58
8209	12
8210	61
8211	137
8212	116
8213	161
8214	103
8215	83
8216	151
8217	63
8218	101
8219	57
8220	80
8221	89
8222	95
8223	167
8224	73
8225	23
8226	9
8227	46
8228	126
8229	81
8230	129
8231	72
8232	131
8233	91
8234	105
8235	123
8236	125
8237	89
8238	93
8239	107
8240	53
8241	30
8242	17
8243	47
8244	101
8245	71
8246	97
8247	94
8248	62
8249	104
8250	79
8251	85
8252	20
8253	144
8254	53
8255	64
8256	60
8257	52
8258	68
8259	41
8260	147
8261	58
8262	75
8263	47
8264	200
8265	217
8266	32
8267	63
8268	54
8269	112
8270	73
8271	102
8272	144
8273	47
8274	58
8275	65
8276	40
8277	142
8278	124
8279	113
8280	114
8281	42
8282	34
8283	10
8284	77
8285	105
8286	85
8287	190
8288	40
8289	45
8290	62
8291	56
8292	97
8293	81
8294	79
8295	97
8296	72
8297	82
8298	52
8299	45
8300	75
8301	84
8302	156
8303	128
8304	173
8305	10
8306	48
8307	51
8308	72
8309	81
8310	78
8311	263
8312	76
8313	107
8314	35
8315	42
8316	94
8317	94
8318	94
8319	9
8320	15
8321	110
8322	444
8323	87
8324	41
8325	43
8326	105
8327	76
8328	61
8329	72
8330	69
8331	223
8332	24
8333	88
8334	79
8335	74
8336	69
8337	71
8338	77
8339	66
8340	70
8341	72
8342	73
8343	35
8344	44
8345	49
8346	39
8347	62
8348	26
8349	78
8350	19
8351	27
8352	120
8353	128
8354	32
8355	45
8356	73
8357	47
8358	57
8359	161
8360	10
8361	74
8362	76
8363	48
8364	48
8365	109
8366	102
8367	114
8368	97
8369	58
8370	132
8371	129
8372	101
8373	107
8374	90
8375	157
8376	94
8377	118
8378	58
8379	11
8380	64
8381	107
8382	35
8383	55
8384	54
8385	60
8386	91
8387	68
8388	83
8389	151
8390	12
8391	166
8392	44
8393	78
8394	80
8395	207
8396	61
8397	22
8398	39
8399	112
8400	38
8401	26
8402	112
8403	20
8404	57
8405	97
8406	110
8407	26
8408	46
8409	174
8410	81
8411	88
8412	107
8413	134
8414	109
8415	78
8416	128
8417	15
8418	191
8419	13
8420	18
8421	14
8422	66
8423	56
8424	64
8425	64
8426	78
8427	45
8428	79
8429	33
8430	81
8431	18
8432	74
8433	25
8434	36
8435	140
8436	137
8437	133
8438	100
8439	50
8440	115
8441	142
8442	144
8443	225
8444	75
8445	22
8446	84
8447	138
8448	63
8449	128
8450	84
8451	139
8452	85
8453	34
8454	131
8455	55
8456	126
8457	36
8458	58
8459	41
8460	54
8461	62
8462	75
8463	90
8464	101
8465	114
8466	117
8467	125
8468	56
8469	221
8470	219
8471	65
8472	24
8473	57
8474	33
8475	54
8476	13
8477	67
8478	82
8479	68
8480	91
8481	66
8482	92
8483	56
8484	92
8485	63
8486	74
8487	97
8488	45
8489	62
8490	90
8491	63
8492	63
8493	76
8494	61
8495	15
8496	19
8497	70
8498	53
8499	80
8500	63
8501	139
8502	27
8503	81
8504	10
8505	190
8506	45
8507	25
8508	197
8509	36
8510	47
8511	59
8512	193
8513	78
8514	84
8515	97
8516	101
8517	17
8518	24
8519	28
8520	35
8521	73
8522	36
8523	60
8524	199
8525	69
8526	77
8527	71
8528	92
8529	84
8530	200
8531	122
8532	163
8533	109
8534	162
8535	103
8536	164
8537	45
8538	36
8539	29
8540	18
8541	57
8542	53
8543	176
8544	117
8545	226
8546	134
8547	142
8548	169
8549	161
8550	54
8551	55
8552	32
8553	115
8554	39
8555	48
8556	111
8557	100
8558	60
8559	107
8560	129
8561	29
8562	239
8563	186
8564	65
8565	10
8566	32
8567	14
8568	30
8569	1357
8570	41
8571	854
8572	30
8573	57
8574	20
8575	38
8576	74
8577	47
8578	106
8579	106
8580	57
8581	111
8582	105
8583	62
8584	104
8585	66
8586	73
8587	99
8588	29
8589	59
8590	50
8591	65
8592	58
8593	76
8594	27
8595	51
8596	39
8597	44
8598	92
8599	47
8600	90
8601	75
8602	94
8603	13
8604	32
8605	19
8606	27
8607	134
8608	18
8609	14
8610	209
8611	500
8612	26
8613	37
8614	19
8615	69
8616	87
8617	79
8618	132
8619	33
8620	36
8621	32
8622	43
8623	22
8624	42
8625	9
8626	108
8627	144
8628	144
8629	173
8630	96
8631	162
8632	140
8633	110
8634	40
8635	99
8636	52
8637	96
8638	107
8639	79
8640	78
8641	272
8642	22
8643	23
8644	146
8645	229
8646	100
8647	125
8648	103
8649	66
8650	48
8651	69
8652	33
8653	75
8654	31
8655	83
8656	22
8657	82
8658	15
8659	94
8660	79
8661	75
8662	77
8663	169
8664	151
8665	90
8666	91
8667	77
8668	70
8669	102
8670	116
8671	71
8672	71
8673	72
8674	60
8675	80
8676	68
8677	47
8678	150
8679	40
8680	28
8681	25
8682	198
8683	33
8684	180
8685	229
8686	39
8687	50
8688	231
8689	270
8690	21
8691	32
8692	41
8693	46
8694	83
8695	88
8696	55
8697	65
8698	70
8699	75
8700	79
8701	41
8702	133
8703	185
8704	84
8705	83
8706	46
8707	75
8708	42
8709	107
8710	119
8711	117
8712	17
8713	107
8714	114
8715	33
8716	49
8717	88
8718	13
8719	78
8720	23
8721	75
8722	32
8723	169
8724	135
8725	35
8726	77
8727	69
8728	49
8729	60
8730	65
8731	66
8732	53
8733	77
8734	46
8735	104
8736	80
8737	13
8738	24
8739	133
8740	118
8741	55
8742	52
8743	69
8744	49
8745	109
8746	63
8747	58
8748	67
8749	51
8750	254
8751	47
8752	14
8753	112
8754	25
8755	72
8756	25
8757	65
8758	87
8759	18
8760	192
8761	97
8762	64
8763	42
8764	119
8765	126
8766	137
8767	66
8768	88
8769	169
8770	32
8771	60
8772	56
8773	240
8774	100
8775	103
8776	150
8777	66
8778	57
8779	73
8780	61
8781	120
8782	46
8783	181
8784	65
8785	70
8786	103
8787	86
8788	81
8789	72
8790	146
8791	74
8792	111
8793	211
8794	113
8795	72
8796	76
8797	79
8798	133
8799	55
8800	110
8801	11
8802	93
8803	46
8804	14
8805	37
8806	127
8807	28
8808	12
8809	60
8810	78
8811	62
8812	45
8813	67
8814	61
8815	236
8816	192
8817	65
8818	116
8819	55
8820	115
8821	72
8822	45
8823	92
8824	97
8825	88
8826	21
8827	34
8828	72
8829	68
8830	46
8831	34
8832	53
8833	21
8834	64
8835	13
8836	138
8837	29
8838	36
8839	52
8840	46
8841	65
8842	101
8843	68
8844	23
8845	82
8846	73
8847	88
8848	76
8849	63
8850	27
8851	68
8852	43
8853	35
8854	38
8855	67
8856	72
8857	83
8858	74
8859	77
8860	38
8861	41
8862	134
8863	91
8864	125
8865	122
8866	118
8867	5
8868	64
8869	65
8870	56
8871	59
8872	58
8873	50
8874	64
8875	44
8876	103
8877	106
8878	94
8879	110
8880	94
8881	106
8882	42
8883	87
8884	58
8885	78
8886	84
8887	39
8888	23
8889	168
8890	34
8891	174
8892	145
8893	137
8894	141
8895	32
8896	75
8897	77
8898	83
8899	92
8900	152
8901	98
8902	129
8903	120
8904	150
8905	165
8906	106
8907	165
8908	25
8909	39
8910	83
8911	47
8912	70
8913	83
8914	19
8915	29
8916	39
8917	56
8918	48
8919	86
8920	23
8921	38
8922	130
8923	125
8924	194
8925	50
8926	96
8927	161
8928	8
8929	118
8930	19
8931	15
8932	9
8933	28
8934	3
8935	5
8936	56
8937	84
8938	65
8939	50
8940	200
8941	6
8942	94
8943	97
8944	88
8945	48
8946	163
8947	119
8948	193
8949	21
8950	13
8951	65
8952	96
8953	23
8954	99
8955	36
8956	105
8957	30
8958	11
8959	93
8960	51
8961	38
8962	91
8963	107
8964	60
8965	56
8966	38
8967	28
8968	34
8969	67
8970	47
8971	40
8972	49
8973	33
8974	78
8975	96
8976	107
8977	118
8978	61
8979	53
8980	128
8981	138
8982	134
8983	137
8984	126
8985	123
8986	123
8987	128
8988	177
8989	181
8990	66
8991	113
8992	72
8993	105
8994	77
8995	102
8996	79
8997	109
8998	10
8999	209
9000	112
9001	73
9002	66
9003	66
9004	105
9005	26
9006	98
9007	101
9008	20
9009	65
9010	84
9011	33
9012	81
9013	62
9014	84
9015	141
9016	269
9017	263
9018	120
9019	8
9020	19
9021	116
9022	27
9023	117
9024	40
9025	118
9026	51
9027	113
9028	80
9029	77
9030	86
9031	27
9032	34
9033	42
9034	91
9035	96
9036	106
9037	112
9038	111
9039	59
9040	68
9041	109
9042	81
9043	20
9044	25
9045	43
9046	49
9047	41
9048	13
9049	49
9050	65
9051	104
9052	103
9053	52
9054	102
9055	64
9056	20
9057	133
9058	105
9059	55
9060	101
9061	60
9062	95
9063	60
9064	66
9065	169
9066	147
9067	158
9068	69
9069	68
9070	94
9071	47
9072	260
9073	22
9074	45
9075	76
9076	56
9077	22
9078	115
9079	86
9080	100
9081	103
9082	112
9083	106
9084	85
9085	52
9086	96
9087	56
9088	84
9089	67
9090	75
9091	68
9092	63
9093	99
9094	33
9095	50
9096	194
9097	63
9098	61
9099	114
9100	62
9101	109
9102	64
9103	110
9104	69
9105	113
9106	66
9107	314
9108	79
9109	247
9110	140
9111	132
9112	321
9113	306
9114	55
9115	171
9116	72
9117	74
9118	68
9119	106
9120	116
9121	137
9122	142
9123	62
9124	74
9125	75
9126	44
9127	143
9128	53
9129	60
9130	10
9131	210
9132	161
9133	87
9134	178
9135	120
9136	136
9137	57
9138	227
9139	56
9140	148
9141	38
9142	146
9143	29
9144	10
9145	107
9146	114
9147	67
9148	50
9149	18
9150	63
9151	9
9152	56
9153	2
9154	80
9155	160
9156	75
9157	143
9158	76
9159	53
9160	22
9161	33
9162	86
9163	97
9164	96
9165	70
9166	82
9167	72
9168	43
9169	47
9170	96
9171	107
9172	154
9173	166
9174	19
9175	51
9176	36
9177	30
9178	101
9179	102
9180	35
9181	114
9182	41
9183	110
9184	49
9185	104
9186	60
9187	102
9188	64
9189	101
9190	72
9191	106
9192	81
9193	106
9194	89
9195	82
9196	111
9197	184
9198	132
9199	86
9200	98
9201	98
9202	89
9203	62
9204	76
9205	63
9206	35
9207	27
9208	85
9209	35
9210	86
9211	68
9212	144
9213	148
9214	80
9215	73
9216	44
9217	69
9218	44
9219	74
9220	96
9221	91
9222	97
9223	74
9224	49
9225	67
9226	37
9227	73
9228	13
9229	99
9230	127
9231	13
9232	64
9233	163
9234	8
9235	22
9236	29
9237	37
9238	42
9239	55
9240	50
9241	101
9242	42
9243	52
9244	66
9245	68
9246	22
9247	81
9248	312
9249	64
9250	85
9251	176
9252	54
9253	22
9254	46
9255	124
9256	56
9257	217
9258	103
9259	64
9260	26
9261	120
9262	11
9263	9
9264	10
9265	27
9266	44
9267	31
9268	24
9269	61
9270	73
9271	62
9272	65
9273	54
9274	58
9275	161
9276	65
9277	72
9278	76
9279	48
9280	172
9281	59
9282	184
9283	93
9284	78
9285	75
9286	68
9287	37
9288	6
9289	160
9290	85
9291	121
9292	64
9293	276
9294	41
9295	72
9296	27
9297	152
9298	194
9299	86
9300	67
9301	12
9302	68
9303	23
9304	64
9305	32
9306	20
9307	72
9308	59
9309	35
9310	65
9311	89
9312	96
9313	96
9314	91
9315	90
9316	84
9317	78
9318	56
9319	32
9320	39
9321	62
9322	44
9323	137
9324	139
9325	46
9326	132
9327	111
9328	61
9329	46
9330	108
9331	37
9332	21
9333	162
9334	165
9335	83
9336	295
9337	135
9338	152
9339	84
9340	16
9341	12
9342	101
9343	122
9344	94
9345	66
9346	40
9347	91
9348	81
9349	53
9350	107
9351	3
9352	120
9353	116
9354	119
9355	109
9356	23
9357	27
9358	30
9359	17
9360	85
9361	81
9362	29
9363	113
9364	152
9365	61
9366	53
9367	91
9368	94
9369	95
9370	12
9371	18
9372	43
9373	51
9374	56
9375	85
9376	45
9377	86
9378	52
9379	89
9380	27
9381	118
9382	105
9383	50
9384	38
9385	57
9386	48
9387	51
9388	58
9389	36
9390	94
9391	25
9392	52
9393	72
9394	80
9395	87
9396	105
9397	91
9398	108
9399	36
9400	50
9401	8
9402	10
9403	12
9404	94
9405	92
9406	85
9407	87
9408	34
9409	54
9410	16
9411	33
9412	55
9413	79
9414	106
9415	108
9416	132
9417	39
9418	94
9419	95
9420	93
9421	95
9422	99
9423	298
9424	66
9425	123
9426	206
9427	47
9428	42
9429	51
9430	58
9431	246
9432	350
9433	336
9434	26
9435	77
9436	80
9437	14
9438	81
9439	42
9440	74
9441	42
9442	104
9443	37
9444	104
9445	28
9446	97
9447	17
9448	94
9449	8
9450	68
9451	77
9452	44
9453	175
9454	8
9455	16
9456	108
9457	11
9458	88
9459	83
9460	77
9461	137
9462	146
9463	143
9464	50
9465	286
9466	89
9467	264
9468	215
9469	70
9470	9
9471	28
9472	76
9473	87
9474	75
9475	73
9476	68
9477	83
9478	38
9479	252
9480	73
9481	109
9482	197
9483	61
9484	76
9485	52
9486	79
9487	36
9488	86
9489	26
9490	86
9491	17
9492	81
9493	79
9494	78
9495	24
9496	45
9497	30
9498	107
9499	24
9500	21
9501	67
9502	53
9503	37
9504	76
9505	44
9506	53
9507	16
9508	43
9509	73
9510	82
9511	62
9512	61
9513	86
9514	42
9515	83
9516	50
9517	44
9518	74
9519	37
9520	79
9521	81
9522	61
9523	142
9524	26
9525	46
9526	35
9527	35
9528	22
9529	151
9530	16
9531	25
9532	106
9533	15
9534	26
9535	75
9536	33
9537	42
9538	58
9539	120
9540	115
9541	23
9542	14
9543	24
9544	71
9545	26
9546	73
9547	154
9548	69
9549	74
9550	82
9551	88
9552	95
9553	22
9554	46
9555	33
9556	37
9557	25
9558	177
9559	67
9560	53
9561	66
9562	46
9563	166
9564	56
9565	144
9566	178
9567	22
9568	67
9569	53
9570	31
9571	133
9572	92
9573	119
9574	138
9575	102
9576	121
9577	23
9578	40
9579	30
9580	57
9581	12
9582	34
9583	77
9584	82
9585	127
9586	92
9587	98
9588	49
9589	125
9590	497
9591	107
9592	112
9593	112
9594	324
9595	933
9596	15
9597	66
9598	149
9599	76
9600	152
9601	187
9602	235
9603	80
9604	18
9605	44
9606	38
9607	160
9608	98
9609	68
9610	111
9611	68
9612	270
9613	22
9614	45
9615	44
9616	10
9617	47
9618	66
9619	26
9620	27
9621	72
9622	84
9623	66
9624	136
9625	113
9626	40
9627	26
9628	129
9629	64
9630	116
9631	92
9632	47
9633	54
9634	42
9635	56
9636	35
9637	24
9638	22
9639	30
9640	10
9641	24
9642	21
9643	32
9644	10
9645	35
9646	42
9647	16
9648	27
9649	139
9650	78
9651	76
9652	54
9653	151
9654	42
9655	35
9656	49
9657	60
9658	42
9659	10
9660	42
9661	4
9662	26
9663	56
9664	136
9665	88
9666	45
9667	55
9668	63
9669	117
9670	34
9671	46
9672	27
9673	62
9674	52
9675	23
9676	27
9677	61
9678	61
9679	16
9680	102
9681	16
9682	72
9683	122
9684	54
9685	117
9686	49
9687	65
9688	72
9689	84
9690	113
9691	55
9692	60
9693	95
9694	75
9695	18
9696	76
9697	66
9698	41
9699	104
9700	110
9701	64
9702	164
9703	121
9704	89
9705	114
9706	21
9707	71
9708	91
9709	74
9710	27
9711	125
9712	87
9713	44
9714	33
9715	40
9716	42
9717	33
9718	51
9719	34
9720	66
9721	50
9722	55
9723	170
9724	88
9725	12
9726	52
9727	162
9728	57
9729	62
9730	12
9731	62
9732	70
9733	33
9734	148
9735	122
9736	116
9737	106
9738	97
9739	93
9740	60
9741	114
9742	83
9743	101
9744	45
9745	25
9746	59
9747	18
9748	58
9749	162
9750	138
9751	65
9752	161
9753	233
9754	62
9755	112
9756	62
9757	106
9758	21
9759	6
9760	11
9761	11
9762	2
9763	98
9764	109
9765	89
9766	54
9767	25
9768	63
9769	146
9770	126
9771	92
9772	39
9773	116
9774	115
9775	97
9776	98
9777	120
9778	52
9779	104
9780	120
9781	109
9782	113
9783	101
9784	100
9785	133
9786	16
9787	94
9788	98
9789	22
9790	128
9791	40
9792	134
9793	13
9794	7
9795	210
9796	14
9797	24
9798	16
9799	287
9800	39
9801	45
9802	74
9803	62
9804	67
9805	75
9806	53
9807	82
9808	89
9809	76
9810	78
9811	242
9812	196
9813	61
9814	160
9815	70
9816	75
9817	75
9818	24
9819	16
9820	12
9821	64
9822	76
9823	87
9824	86
9825	111
9826	53
9827	53
9828	60
9829	27
9830	57
9831	72
9832	76
9833	45
9834	97
9835	123
9836	68
9837	166
9838	35
9839	140
9840	73
9841	161
9842	30
9843	113
9844	53
9845	107
9846	61
9847	32
9848	65
9849	28
9850	45
9851	105
9852	11
9853	93
9854	51
9855	46
9856	61
9857	86
9858	88
9859	131
9860	57
9861	94
9862	82
9863	52
9864	181
9865	502
9866	181
9867	107
9868	106
9869	196
9870	131
9871	109
9872	35
9873	70
9874	13
9875	210
9876	158
9877	56
9878	43
9879	51
9880	54
9881	49
9882	55
9883	66
9884	36
9885	75
9886	30
9887	146
9888	107
9889	34
9890	43
9891	36
9892	82
9893	52
9894	82
9895	104
9896	199
9897	55
9898	57
9899	55
9900	117
9901	95
9902	66
9903	76
9904	102
9905	36
9906	92
9907	353
9908	99
9909	76
9910	102
9911	66
9912	103
9913	61
9914	94
9915	88
9916	125
9917	10
9918	18
9919	39
9920	105
9921	95
9922	83
9923	87
9924	79
9925	21
9926	27
9927	15
9928	36
9929	80
9930	46
9931	84
9932	36
9933	29
9934	24
9935	73
9936	50
9937	39
9938	50
9939	69
9940	16
9941	61
9942	35
9943	13
9944	17
9945	25
9946	100
9947	61
9948	69
9949	98
9950	54
9951	31
9952	20
9953	110
9954	60
9955	18
9956	112
9957	61
9958	107
9959	44
9960	89
9961	102
9962	69
9963	195
9964	68
9965	57
9966	70
9967	109
9968	188
9969	144
9970	80
9971	56
9972	63
9973	64
9974	71
9975	59
9976	71
9977	56
9978	77
9979	41
9980	62
9981	100
9982	69
9983	100
9984	40
9985	13
9986	36
9987	31
9988	153
9989	35
9990	87
9991	28
9992	21
9993	77
9994	26
9995	16
9996	78
9997	9
9998	65
9999	39
10000	78
10001	50
10002	70
10003	61
10004	8
10005	41
10006	15
10007	32
10008	38
10009	43
10010	56
10011	24
10012	14
10013	29
10014	41
10015	54
10016	65
10017	72
10018	81
10019	36
10020	21
10021	6
10022	86
10023	74
10024	80
10025	223
10026	95
10027	38
10028	76
10029	63
10030	45
10031	89
10032	85
10033	70
10034	87
10035	76
10036	75
10037	124
10038	82
10039	118
10040	107
10041	87
10042	75
10043	14
10044	30
10045	101
10046	84
10047	103
10048	44
10049	68
10050	35
10051	17
10052	23
10053	29
10054	97
10055	102
10056	95
10057	74
10058	96
10059	47
10060	49
10061	37
10062	108
10063	34
10064	116
10065	78
10066	79
10067	88
10068	77
10069	109
10070	48
10071	144
10072	93
10073	456
10074	48
10075	59
10076	31
10077	64
10078	68
10079	73
10080	92
10081	115
10082	18
10083	42
10084	23
10085	35
10086	32
10087	27
10088	39
10089	19
10090	39
10091	36
10092	77
10093	64
10094	56
10095	41
10096	86
10097	17
10098	84
10099	44
10100	57
10101	82
10102	49
10103	70
10104	62
10105	86
10106	82
10107	161
10108	31
10109	87
10110	62
10111	88
10112	112
10113	149
10114	103
10115	12
10116	89
10117	8
10118	78
10119	69
10120	50
10121	6
10122	6
10123	30
10124	10
10125	19
10126	12
10127	104
10128	94
10129	52
10130	36
10131	52
10132	159
10133	58
10134	163
10135	60
10136	157
10137	27
10138	65
10139	69
10140	19
10141	26
10142	15
10143	130
10144	45
10145	51
10146	216
10147	39
10148	57
10149	61
10150	66
10151	60
10152	59
10153	149
10154	73
10155	17
10156	42
10157	156
10158	46
10159	28
10160	96
10161	56
10162	19
10163	50
10164	127
10165	39
10166	41
10167	26
10168	108
10169	45
10170	95
10171	86
10172	55
10173	98
10174	64
10175	94
10176	61
10177	102
10178	58
10179	52
10180	102
10181	109
10182	42
10183	109
10184	32
10185	112
10186	20
10187	21
10188	32
10189	108
10190	57
10191	117
10192	22
10193	117
10194	34
10195	43
10196	104
10197	50
10198	97
10199	58
10200	96
10201	65
10202	88
10203	286
10204	41
10205	64
10206	29
10207	71
10208	82
10209	96
10210	20
10211	10
10212	73
10213	75
10214	79
10215	83
10216	29
10217	40
10218	45
10219	79
10220	112
10221	8
10222	47
10223	42
10224	38
10225	73
10226	72
10227	75
10228	81
10229	104
10230	78
10231	88
10232	95
10233	61
10234	37
10235	48
10236	58
10237	86
10238	21
10239	8
10240	23
10241	0
10242	0
10243	50
10244	48
10245	1
10246	49
10247	82
10248	40
10249	84
10250	29
10251	57
10252	60
10253	43
10254	54
10255	34
10256	58
10257	56
10258	53
10259	30
10260	49
10261	48
10262	43
10263	79
10264	85
10265	14
10266	9
10267	50
10268	55
10269	66
10270	27
10271	98
10272	268
10273	79
10274	125
10275	109
10276	58
10277	48
10278	58
10279	28
10280	21
10281	63
10282	12
10283	87
10284	76
10285	74
10286	46
10287	80
10288	76
10289	71
10290	75
10291	63
10292	174
10293	71
10294	48
10295	56
10296	121
10297	88
10298	88
10299	9
10300	12
10301	18
10302	59
10303	67
10304	33
10305	20
10306	9
10307	76
10308	45
10309	11
10310	88
10311	80
10312	37
10313	81
10314	26
10315	95
10316	46
10317	70
10318	54
10319	74
10320	43
10321	80
10322	36
10323	86
10324	26
10325	82
10326	64
10327	29
10328	107
10329	53
10330	20
10331	205
10332	59
10333	66
10334	223
10335	93
10336	74
10337	154
10338	140
10339	186
10340	84
10341	29
10342	20
10343	12
10344	34
10345	6
10346	43
10347	43
10348	63
10349	52
10350	31
10351	78
10352	5
10353	82
10354	18
10355	155
10356	68
10357	66
10358	71
10359	94
10360	95
10361	34
10362	33
10363	31
10364	43
10365	30
10366	79
10367	157
10368	223
10369	111
10370	90
10371	88
10372	75
10373	77
10374	8
10375	30
10376	83
10377	239
10378	67
10379	58
10380	78
10381	44
10382	35
10383	17
10384	2
10385	4
10386	5
10387	7
10388	7
10389	63
10390	8
10391	42
10392	29
10393	106
10394	24
10395	15
10396	33
10397	45
10398	40
10399	30
10400	9
10401	104
10402	84
10403	90
10404	90
10405	89
10406	60
10407	80
10408	159
10409	70
10410	51
10411	24
10412	112
10413	42
10414	111
10415	59
10416	42
10417	233
10418	200
10419	82
10420	137
10421	53
10422	88
10423	42
10424	45
10425	24
10426	40
10427	159
10428	57
10429	71
10430	107
10431	103
10432	95
10433	92
10434	79
10435	54
10436	82
10437	45
10438	45
10439	93
10440	96
10441	97
10442	102
10443	105
10444	17
10445	122
10446	9
10447	75
10448	60
10449	67
10450	12
10451	33
10452	113
10453	32
10454	52
10455	44
10456	38
10457	55
10458	64
10459	23
10460	76
10461	130
10462	130
10463	112
10464	71
10465	94
10466	34
10467	202
10468	172
10469	30
10470	6
10471	121
10472	95
10473	2
10474	8
10475	44
10476	229
10477	63
10478	55
10479	72
10480	27
10481	43
10482	281
10483	52
10484	225
10485	69
10486	67
10487	11
10488	91
10489	17
10490	90
10491	78
10492	33
10493	72
10494	46
10495	114
10496	279
10497	128
10498	80
10499	58
10500	106
10501	42
10502	28
10503	115
10504	12
10505	53
10506	75
10507	101
10508	230
10509	8
10510	22
10511	40
10512	124
10513	14
10514	13
10515	26
10516	25
10517	41
10518	51
10519	36
10520	35
10521	10
10522	53
10523	64
10524	78
10525	99
10526	59
10527	31
10528	21
10529	138
10530	116
10531	159
10532	80
10533	125
10534	223
10535	224
10536	11
10537	19
10538	27
10539	33
10540	104
10541	135
10542	88
10543	12
10544	29
10545	260
10546	115
10547	138
10548	44
10549	41
10550	27
10551	60
10552	27
10553	90
10554	25
10555	29
10556	86
10557	90
10558	78
10559	19
10560	199
10561	106
10562	32
10563	186
10564	47
10565	91
10566	17
10567	47
10568	53
10569	63
10570	41
10571	70
10572	48
10573	56
10574	102
10575	61
10576	91
10577	31
10578	34
10579	24
10580	42
10581	56
10582	14
10583	40
10584	61
10585	328
10586	49
10587	212
10588	86
10589	17
10590	106
10591	10
10592	18
10593	15
10594	76
10595	53
10596	80
10597	80
10598	91
10599	16
10600	24
10601	92
10602	141
10603	142
10604	74
10605	54
10606	15
10607	33
10608	15
10609	65
10610	41
10611	73
10612	38
10613	75
10614	27
10615	78
10616	19
10617	73
10618	10
10619	78
10620	10
10621	15
10622	66
10623	14
10624	63
10625	30
10626	33
10627	44
10628	25
10629	55
10630	17
10631	32
10632	34
10633	129
10634	29
10635	93
10636	61
10637	64
10638	110
10639	51
10640	24
10641	49
10642	46
10643	84
10644	35
10645	49
10646	67
10647	28
10648	41
10649	63
10650	78
10651	52
10652	113
10653	60
10654	37
10655	71
10656	85
10657	77
10658	95
10659	93
10660	68
10661	70
10662	86
10663	9
10664	83
10665	18
10666	59
10667	57
10668	67
10669	52
10670	112
10671	18
10672	86
10673	29
10674	32
10675	44
10676	21
10677	55
10678	14
10679	58
10680	41
10681	18
10682	38
10683	37
10684	88
10685	55
10686	92
10687	84
10688	80
10689	51
10690	15
10691	7
10692	71
10693	44
10694	69
10695	49
10696	59
10697	54
10698	55
10699	135
10700	133
10701	36
10702	75
10703	48
10704	14
10705	54
10706	62
10707	73
10708	63
10709	91
10710	153
10711	92
10712	164
10713	57
10714	32
10715	55
10716	37
10717	8
10718	79
10719	69
10720	11
10721	64
10722	18
10723	52
10724	23
10725	44
10726	35
10727	52
10728	52
10729	40
10730	37
10731	87
10732	16
10733	69
10734	70
10735	102
10736	103
10737	30
10738	113
10739	22
10740	14
10741	1515
10742	42
10743	72
10744	18
10745	86
10746	14
10747	235
10748	17
10749	24
10750	4
10751	60
10752	32
10753	55
10754	40
10755	50
10756	75
10757	53
10758	8
10759	60
10760	16
10761	49
10762	63
10763	34
10764	62
10765	84
10766	97
10767	112
10768	259
10769	58
10770	627
10771	8
10772	8
10773	21
10774	94
10775	97
10776	100
10777	36
10778	87
10779	44
10780	71
10781	57
10782	65
10783	17
10784	71
10785	22
10786	62
10787	171
10788	64
10789	179
10790	90
10791	85
10792	52
10793	28
10794	21
10795	22
10796	22
10797	14
10798	39
10799	542
10800	55
10801	16
10802	25
10803	309
10804	42
10805	65
10806	59
10807	39
10808	91
10809	49
10810	85
10811	59
10812	77
10813	103
10814	208
10815	38
10816	106
10817	73
10818	89
10819	32
10820	107
10821	99
10822	89
10823	90
10824	100
10825	77
10826	42
10827	72
10828	13
10829	54
10830	74
10831	96
10832	392
10833	45
10834	74
10835	72
10836	584
10837	21
10838	64
10839	27
10840	56
10841	99
10842	35
10843	20
10844	26
10845	92
10846	48
10847	228
10848	10
10849	78
10850	17
10851	74
10852	29
10853	64
10854	80
10855	62
10856	68
10857	47
10858	22
10859	102
10860	135
10861	18
10862	73
10863	59
10864	22
10865	73
10866	82
10867	56
10868	15
10869	55
10870	139
10871	92
10872	52
10873	169
10874	22
10875	58
10876	63
10877	112
10878	36
10879	27
10880	158
10881	589
10882	9
10883	35
10884	20
10885	891
10886	12
10887	48
10888	29
10889	37
10890	40
10891	29
10892	49
10893	39
10894	39
10895	121
10896	120
10897	114
10898	122
10899	69
10900	81
10901	27
10902	130
10903	102
10904	50
10905	89
10906	14
10907	23
10908	9
10909	22
10910	96
10911	42
10912	280
10913	163
10914	67
10915	74
10916	36
10917	50
10918	94
10919	93
10920	32
10921	41
10922	36
10923	68
10924	40
10925	55
10926	66
10927	127
10928	548
10929	83
10930	20
10931	90
10932	83
10933	13
10934	22
10935	25
10936	9
10937	171
10938	64
10939	66
10940	52
10941	85
10942	116
10943	89
10944	140
10945	53
10946	132
10947	90
10948	49
10949	65
10950	432
10951	35
10952	43
10953	45
10954	49
10955	66
10956	9
10957	28
10958	19
10959	11
10960	312
10961	377
10962	41
10963	44
10964	12
10965	98
10966	53
10967	22
10968	100
10969	49
10970	62
10971	93
10972	21
10973	107
10974	36
10975	113
10976	362
10977	50
10978	119
10979	116
10980	7
10981	178
10982	20
10983	187
10984	191
10985	8
10986	25
10987	61
10988	119
10989	64
10990	117
10991	29
10992	703
10993	59
10994	852
10995	15
10996	17
10997	36
10998	290
10999	26
11000	160
11001	39
11002	156
11003	48
11004	160
11005	57
11006	158
11007	27
11008	19
11009	10
