0	0
1	182
2	69
3	295
4	83
5	1053
6	100
7	480
8	97
9	342
10	227
11	429
12	229
13	177
14	310
15	240
16	224
17	251
18	214
19	321
20	313
21	472
22	380
23	453
24	83
25	392
26	315
27	311
28	436
29	391
30	317
31	45
32	685
33	64
34	79
35	174
36	156
37	405
38	128
39	140
40	146
41	78
42	92
43	56
44	237
45	234
46	93
47	138
48	249
49	259
50	258
51	259
52	262
53	136
54	28
55	68
56	159
57	320
58	186
59	256
60	49
61	221
62	138
63	259
64	136
65	266
66	122
67	89
68	123
69	164
70	252
71	127
72	508
73	462
74	201
75	150
76	125
77	17
78	114
79	213
80	102
81	303
82	33
83	47
84	68
85	142
86	101
87	184
88	114
89	175
90	134
91	169
92	126
93	88
94	124
95	131
96	147
97	146
98	197
99	202
100	305
101	50
102	71
103	259
104	144
105	149
106	179
107	192
108	150
109	194
110	185
111	198
112	135
113	236
114	153
115	231
116	110
117	95
118	120
119	140
120	81
121	221
122	230
123	233
124	240
125	126
126	139
127	57
128	106
129	102
130	345
131	248
132	182
133	297
134	457
135	291
136	467
137	98
138	279
139	133
140	704
141	265
142	576
143	255
144	596
145	120
146	274
147	147
148	114
149	89
150	116
151	285
152	285
153	134
154	154
155	194
156	349
157	187
158	313
159	119
160	178
161	124
162	169
163	131
164	155
165	230
166	237
167	265
168	242
169	241
170	190
171	126
172	148
173	161
174	54
175	88
176	84
177	269
178	350
179	526
180	134
181	141
182	417
183	153
184	445
185	138
186	225
187	151
188	317
189	145
190	320
191	213
192	360
193	329
194	567
195	361
196	311
197	306
198	384
199	289
200	260
201	113
202	251
203	180
204	385
205	244
206	370
207	189
208	237
209	114
210	674
211	188
212	130
213	53
214	161
215	71
216	150
217	89
218	139
219	101
220	122
221	153
222	65
223	304
224	204
225	366
226	58
227	73
228	29
229	37
230	181
231	59
232	168
233	291
234	70
235	78
236	161
237	365
238	131
239	281
240	228
241	362
242	170
243	189
244	198
245	130
246	181
247	169
248	249
249	140
250	146
251	372
252	156
253	169
254	182
255	193
256	85
257	63
258	43
259	144
260	373
261	30
262	332
263	288
264	129
265	28
266	114
267	128
268	391
269	153
270	154
271	222
272	190
273	308
274	311
275	421
276	197
277	317
278	207
279	209
280	335
281	204
282	169
283	170
284	204
285	306
286	143
287	159
288	140
289	163
290	218
291	179
292	43
293	32
294	291
295	37
296	166
297	114
298	288
299	193
300	356
301	160
302	617
303	166
304	466
305	167
306	478
307	87
308	332
309	197
310	234
311	445
312	286
313	459
314	171
315	238
316	392
317	366
318	360
319	187
320	438
321	276
322	279
323	283
324	264
325	269
326	155
327	270
328	236
329	232
330	267
331	126
332	134
333	105
334	296
335	96
336	134
337	113
338	168
339	263
340	83
341	815
342	72
343	385
344	80
345	397
346	89
347	139
348	102
349	380
350	100
351	114
352	204
353	124
354	198
355	193
356	161
357	186
358	175
359	293
360	181
361	183
362	193
363	184
364	364
365	260
366	354
367	372
368	237
369	405
370	389
371	416
372	302
373	93
374	84
375	513
376	384
377	510
378	389
379	484
380	125
381	226
382	199
383	159
384	197
385	200
386	187
387	84
388	186
389	104
390	35
391	137
392	306
393	116
394	133
395	208
396	160
397	153
398	66
399	166
400	169
401	179
402	96
403	214
404	56
405	188
406	206
407	399
408	394
409	458
410	217
411	302
412	217
413	201
414	114
415	430
416	105
417	483
418	116
419	503
420	130
421	548
422	421
423	1048
424	210
425	86
426	34
427	258
428	129
429	363
430	129
431	254
432	348
433	79
434	85
435	102
436	113
437	216
438	195
439	236
440	324
441	94
442	131
443	117
444	194
445	135
446	237
447	169
448	69
449	115
450	138
451	224
452	190
453	216
454	179
455	239
456	169
457	245
458	150
459	64
460	255
461	203
462	155
463	64
464	77
465	116
466	252
467	247
468	101
469	222
470	154
471	193
472	242
473	123
474	217
475	181
476	227
477	159
478	185
479	209
480	193
481	183
482	124
483	174
484	230
485	207
486	139
487	251
488	144
489	222
490	118
491	226
492	91
493	248
494	281
495	67
496	280
497	44
498	273
499	222
500	295
501	134
502	131
503	528
504	110
505	119
506	127
507	100
508	70
509	169
510	88
511	163
512	110
513	159
514	136
515	121
516	139
517	140
518	463
519	292
520	625
521	313
522	406
523	127
524	311
525	542
526	305
527	309
528	302
529	210
530	209
531	346
532	273
533	149
534	67
535	210
536	91
537	257
538	72
539	145
540	127
541	956
542	931
543	127
544	228
545	420
546	264
547	299
548	170
549	307
550	144
551	204
552	335
553	172
554	235
555	356
556	249
557	375
558	180
559	372
560	63
561	217
562	252
563	131
564	166
565	141
566	151
567	175
568	204
569	189
570	154
571	233
572	146
573	38
574	433
575	150
576	221
577	214
578	121
579	521
580	187
581	112
582	124
583	338
584	142
585	335
586	329
587	471
588	59
589	390
590	176
591	73
592	162
593	95
594	154
595	111
596	121
597	269
598	135
599	45
600	260
601	150
602	258
603	167
604	165
605	165
606	107
607	72
608	121
609	255
610	214
611	508
612	313
613	46
614	277
615	55
616	197
617	56
618	164
619	852
620	74
621	143
622	302
623	293
624	332
625	340
626	338
627	345
628	327
629	165
630	419
631	207
632	181
633	192
634	187
635	184
636	112
637	78
638	124
639	64
640	137
641	182
642	48
643	146
644	54
645	343
646	63
647	336
648	313
649	332
650	126
651	135
652	441
653	471
654	297
655	316
656	305
657	308
658	303
659	302
660	304
661	309
662	278
663	291
664	216
665	222
666	213
667	219
668	213
669	212
670	66
671	80
672	86
673	91
674	96
675	133
676	236
677	141
678	218
679	349
680	161
681	230
682	65
683	114
684	215
685	207
686	199
687	126
688	225
689	106
690	229
691	75
692	52
693	102
694	41
695	118
696	318
697	122
698	143
699	328
700	154
701	354
702	332
703	177
704	346
705	196
706	341
707	348
708	77
709	213
710	91
711	307
712	211
713	107
714	127
715	343
716	147
717	347
718	162
719	701
720	191
721	188
722	191
723	176
724	168
725	159
726	155
727	172
728	135
729	330
730	200
731	119
732	201
733	103
734	209
735	78
736	212
737	59
738	289
739	37
740	580
741	198
742	21
743	81
744	244
745	121
746	242
747	135
748	254
749	194
750	89
751	125
752	198
753	102
754	185
755	121
756	168
757	322
758	147
759	133
760	127
761	50
762	351
763	117
764	124
765	169
766	208
767	64
768	245
769	218
770	280
771	134
772	32
773	198
774	54
775	193
776	71
777	73
778	194
779	97
780	197
781	83
782	138
783	96
784	85
785	165
786	178
787	52
788	189
789	30
790	270
791	223
792	352
793	220
794	353
795	215
796	79
797	353
798	88
799	288
800	100
801	337
802	116
803	35
804	134
805	333
806	104
807	123
808	148
809	180
810	178
811	202
812	178
813	217
814	151
815	167
816	305
817	137
818	307
819	167
820	175
821	82
822	301
823	219
824	194
825	72
826	398
827	240
828	378
829	253
830	179
831	213
832	151
833	215
834	149
835	144
836	158
837	187
838	140
839	323
840	163
841	309
842	151
843	310
844	295
845	275
846	191
847	177
848	397
849	84
850	147
851	161
852	88
853	143
854	29
855	96
856	268
857	294
858	180
859	322
860	160
861	89
862	120
863	166
864	172
865	188
866	198
867	31
868	185
869	129
870	156
871	126
872	113
873	143
874	71
875	130
876	154
877	195
878	168
879	220
880	122
881	102
882	117
883	159
884	60
885	149
886	124
887	261
888	254
889	265
890	46
891	117
892	62
893	101
894	59
895	81
896	68
897	91
898	84
899	181
900	194
901	169
902	188
903	157
904	139
905	100
906	104
907	113
908	122
909	238
910	84
911	115
912	120
913	53
914	147
915	377
916	163
917	117
918	310
919	32
920	57
921	318
922	73
923	312
924	110
925	153
926	188
927	308
928	513
929	265
930	148
931	367
932	155
933	379
934	132
935	179
936	122
937	138
938	243
939	196
940	110
941	121
942	128
943	101
944	143
945	75
946	300
947	263
948	276
949	83
950	232
951	312
952	382
953	317
954	433
955	636
956	214
957	216
958	32
959	79
960	106
961	123
962	421
963	27
964	102
965	79
966	243
967	340
968	157
969	30
970	346
971	332
972	251
973	318
974	107
975	457
976	419
977	204
978	429
979	260
980	201
981	77
982	204
983	246
984	237
985	100
986	42
987	132
988	94
989	142
990	83
991	148
992	172
993	177
994	322
995	107
996	317
997	196
998	82
999	96
1000	83
1001	135
1002	247
1003	141
1004	58
1005	134
1006	103
1007	244
1008	116
1009	127
1010	246
1011	146
1012	237
1013	156
1014	241
1015	166
1016	237
1017	280
1018	428
1019	397
1020	302
1021	255
1022	226
1023	54
1024	266
1025	227
1026	246
1027	232
1028	243
1029	234
1030	234
1031	130
1032	440
1033	63
1034	42
1035	26
1036	148
1037	210
1038	498
1039	140
1040	535
1041	153
1042	558
1043	74
1044	45
1045	178
1046	61
1047	170
1048	171
1049	703
1050	425
1051	125
1052	468
1053	635
1054	189
1055	110
1056	184
1057	128
1058	170
1059	142
1060	164
1061	88
1062	178
1063	269
1064	191
1065	153
1066	131
1067	207
1068	121
1069	217
1070	108
1071	199
1072	77
1073	88
1074	277
1075	177
1076	280
1077	148
1078	392
1079	168
1080	299
1081	236
1082	241
1083	85
1084	144
1085	252
1086	80
1087	134
1088	99
1089	122
1090	93
1091	101
1092	181
1093	102
1094	111
1095	82
1096	119
1097	62
1098	31
1099	297
1100	10
1101	201
1102	289
1103	366
1104	41
1105	23
1106	97
1107	163
1108	129
1109	109
1110	116
1111	151
1112	87
1113	59
1114	127
1115	51
1116	301
1117	138
1118	294
1119	111
1120	196
1121	152
1122	99
1123	66
1124	85
1125	101
1126	111
1127	152
1128	124
1129	133
1130	143
1131	113
1132	220
1133	156
1134	99
1135	174
1136	83
1137	184
1138	63
1139	200
1140	47
1141	224
1142	265
1143	152
1144	223
1145	260
1146	190
1147	421
1148	416
1149	385
1150	485
1151	427
1152	105
1153	189
1154	231
1155	148
1156	183
1157	125
1158	166
1159	61
1160	157
1161	47
1162	68
1163	163
1164	452
1165	324
1166	150
1167	111
1168	114
1169	126
1170	87
1171	130
1172	66
1173	150
1174	112
1175	623
1176	229
1177	131
1178	229
1179	37
1180	91
1181	214
1182	61
1183	78
1184	196
1185	238
1186	99
1187	169
1188	116
1189	154
1190	139
1191	145
1192	150
1193	129
1194	152
1195	93
1196	120
1197	229
1198	164
1199	73
1200	166
1201	49
1202	320
1203	320
1204	333
1205	76
1206	99
1207	260
1208	276
1209	260
1210	250
1211	269
1212	263
1213	218
1214	141
1215	253
1216	82
1217	240
1218	107
1219	314
1220	250
1221	124
1222	252
1223	62
1224	69
1225	29
1226	125
1227	45
1228	265
1229	64
1230	373
1231	269
1232	84
1233	261
1234	103
1235	261
1236	27
1237	275
1238	141
1239	261
1240	166
1241	310
1242	250
1243	182
1244	239
1245	197
1246	242
1247	77
1248	323
1249	99
1250	377
1251	346
1252	110
1253	361
1254	58
1255	367
1256	71
1257	165
1258	91
1259	160
1260	108
1261	230
1262	161
1263	181
1264	419
1265	147
1266	142
1267	161
1268	126
1269	92
1270	110
1271	190
1272	280
1273	76
1274	198
1275	139
1276	199
1277	133
1278	211
1279	119
1280	209
1281	150
1282	143
1283	122
1284	109
1285	143
1286	130
1287	131
1288	97
1289	141
1290	108
1291	164
1292	96
1293	526
1294	167
1295	64
1296	163
1297	51
1298	180
1299	129
1300	64
1301	409
1302	144
1303	126
1304	41
1305	61
1306	61
1307	206
1308	221
1309	75
1310	188
1311	35
1312	371
1313	159
1314	155
1315	168
1316	142
1317	313
1318	323
1319	314
1320	119
1321	157
1322	124
1323	129
1324	191
1325	206
1326	94
1327	209
1328	20
1329	162
1330	52
1331	165
1332	194
1333	180
1334	379
1335	185
1336	368
1337	176
1338	160
1339	345
1340	168
1341	168
1342	316
1343	189
1344	344
1345	87
1346	100
1347	296
1348	224
1349	149
1350	269
1351	200
1352	151
1353	137
1354	144
1355	288
1356	265
1357	213
1358	260
1359	36
1360	232
1361	117
1362	55
1363	111
1364	76
1365	102
1366	161
1367	165
1368	160
1369	109
1370	224
1371	69
1372	270
1373	277
1374	283
1375	180
1376	160
1377	189
1378	142
1379	205
1380	124
1381	202
1382	73
1383	145
1384	47
1385	160
1386	176
1387	226
1388	479
1389	212
1390	639
1391	71
1392	183
1393	74
1394	179
1395	94
1396	167
1397	124
1398	111
1399	137
1400	90
1401	160
1402	294
1403	152
1404	72
1405	171
1406	39
1407	58
1408	93
1409	76
1410	95
1411	88
1412	660
1413	68
1414	126
1415	66
1416	74
1417	82
1418	244
1419	70
1420	168
1421	47
1422	175
1423	292
1424	238
1425	248
1426	49
1427	61
1428	200
1429	75
1430	199
1431	246
1432	272
1433	482
1434	163
1435	159
1436	101
1437	115
1438	207
1439	111
1440	118
1441	309
1442	209
1443	142
1444	198
1445	150
1446	198
1447	142
1448	296
1449	345
1450	291
1451	344
1452	519
1453	238
1454	202
1455	227
1456	435
1457	224
1458	203
1459	525
1460	376
1461	269
1462	216
1463	293
1464	272
1465	206
1466	277
1467	201
1468	56
1469	71
1470	93
1471	102
1472	27
1473	51
1474	502
1475	238
1476	222
1477	213
1478	53
1479	36
1480	92
1481	171
1482	235
1483	558
1484	79
1485	96
1486	91
1487	174
1488	231
1489	44
1490	61
1491	127
1492	55
1493	115
1494	110
1495	113
1496	131
1497	80
1498	93
1499	304
1500	110
1501	127
1502	146
1503	158
1504	157
1505	168
1506	40
1507	120
1508	63
1509	80
1510	97
1511	119
1512	100
1513	239
1514	124
1515	389
1516	71
1517	141
1518	466
1519	103
1520	120
1521	187
1522	329
1523	147
1524	217
1525	170
1526	231
1527	149
1528	83
1529	146
1530	157
1531	70
1532	213
1533	181
1534	282
1535	114
1536	269
1537	159
1538	273
1539	131
1540	269
1541	157
1542	148
1543	197
1544	139
1545	94
1546	164
1547	146
1548	158
1549	251
1550	269
1551	220
1552	147
1553	119
1554	167
1555	172
1556	114
1557	34
1558	157
1559	50
1560	148
1561	61
1562	136
1563	233
1564	94
1565	182
1566	227
1567	223
1568	225
1569	180
1570	353
1571	168
1572	87
1573	208
1574	156
1575	224
1576	159
1577	126
1578	57
1579	133
1580	38
1581	141
1582	19
1583	108
1584	88
1585	154
1586	106
1587	109
1588	318
1589	180
1590	115
1591	107
1592	173
1593	147
1594	142
1595	198
1596	166
1597	116
1598	103
1599	162
1600	143
1601	102
1602	114
1603	135
1604	81
1605	163
1606	129
1607	438
1608	213
1609	316
1610	283
1611	273
1612	277
1613	178
1614	211
1615	238
1616	174
1617	31
1618	44
1619	156
1620	287
1621	68
1622	89
1623	189
1624	117
1625	291
1626	131
1627	130
1628	286
1629	145
1630	281
1631	275
1632	121
1633	130
1634	144
1635	73
1636	52
1637	159
1638	36
1639	167
1640	72
1641	93
1642	150
1643	88
1644	121
1645	141
1646	74
1647	93
1648	111
1649	111
1650	121
1651	129
1652	254
1653	138
1654	152
1655	271
1656	334
1657	276
1658	276
1659	325
1660	271
1661	317
1662	180
1663	201
1664	181
1665	191
1666	172
1667	180
1668	184
1669	168
1670	179
1671	151
1672	244
1673	180
1674	106
1675	191
1676	89
1677	194
1678	73
1679	215
1680	58
1681	221
1682	38
1683	44
1684	225
1685	92
1686	115
1687	285
1688	45
1689	64
1690	191
1691	131
1692	181
1693	166
1694	136
1695	94
1696	78
1697	92
1698	103
1699	111
1700	91
1701	131
1702	76
1703	60
1704	144
1705	62
1706	48
1707	85
1708	198
1709	98
1710	186
1711	114
1712	176
1713	167
1714	124
1715	161
1716	153
1717	143
1718	165
1719	134
1720	140
1721	147
1722	155
1723	135
1724	116
1725	187
1726	655
1727	72
1728	92
1729	96
1730	95
1731	266
1732	229
1733	255
1734	208
1735	35
1736	109
1737	202
1738	207
1739	216
1740	196
1741	69
1742	88
1743	109
1744	115
1745	120
1746	137
1747	168
1748	117
1749	166
1750	134
1751	231
1752	158
1753	150
1754	141
1755	156
1756	131
1757	163
1758	115
1759	183
1760	100
1761	149
1762	48
1763	167
1764	24
1765	161
1766	76
1767	82
1768	40
1769	145
1770	94
1771	70
1772	83
1773	101
1774	108
1775	56
1776	34
1777	22
1778	73
1779	76
1780	120
1781	47
1782	90
1783	140
1784	171
1785	171
1786	185
1787	209
1788	95
1789	70
1790	97
1791	295
1792	185
1793	158
1794	120
1795	121
1796	140
1797	95
1798	138
1799	193
1800	149
1801	119
1802	161
1803	98
1804	185
1805	36
1806	188
1807	64
1808	127
1809	335
1810	105
1811	98
1812	153
1813	109
1814	138
1815	325
1816	318
1817	308
1818	306
1819	263
1820	222
1821	271
1822	214
1823	204
1824	227
1825	242
1826	237
1827	244
1828	185
1829	200
1830	416
1831	110
1832	209
1833	123
1834	139
1835	139
1836	145
1837	155
1838	164
1839	161
1840	190
1841	99
1842	180
1843	208
1844	68
1845	88
1846	102
1847	153
1848	158
1849	145
1850	189
1851	149
1852	307
1853	112
1854	103
1855	61
1856	76
1857	154
1858	181
1859	187
1860	112
1861	66
1862	86
1863	125
1864	151
1865	43
1866	58
1867	165
1868	78
1869	248
1870	92
1871	245
1872	114
1873	236
1874	134
1875	238
1876	139
1877	236
1878	150
1879	174
1880	213
1881	248
1882	168
1883	155
1884	179
1885	34
1886	102
1887	286
1888	120
1889	137
1890	252
1891	251
1892	222
1893	351
1894	144
1895	177
1896	96
1897	89
1898	367
1899	244
1900	207
1901	225
1902	247
1903	112
1904	97
1905	228
1906	108
1907	224
1908	126
1909	215
1910	134
1911	153
1912	185
1913	226
1914	235
1915	194
1916	158
1917	304
1918	168
1919	134
1920	267
1921	179
1922	188
1923	224
1924	199
1925	200
1926	202
1927	145
1928	317
1929	81
1930	404
1931	93
1932	413
1933	106
1934	196
1935	367
1936	494
1937	334
1938	512
1939	528
1940	238
1941	126
1942	218
1943	64
1944	77
1945	89
1946	289
1947	289
1948	166
1949	187
1950	301
1951	286
1952	199
1953	314
1954	96
1955	111
1956	127
1957	459
1958	268
1959	276
1960	370
1961	193
1962	140
1963	213
1964	204
1965	128
1966	216
1967	110
1968	134
1969	97
1970	122
1971	138
1972	55
1973	290
1974	137
1975	139
1976	29
1977	149
1978	166
1979	99
1980	180
1981	201
1982	149
1983	294
1984	86
1985	189
1986	74
1987	194
1988	60
1989	194
1990	22
1991	205
1992	40
1993	187
1994	71
1995	177
1996	102
1997	144
1998	40
1999	174
2000	138
2001	187
2002	122
2003	291
2004	154
2005	125
2006	174
2007	116
2008	35
2009	179
2010	199
2011	102
2012	486
2013	103
2014	151
2015	208
2016	85
2017	203
2018	117
2019	109
2020	188
2021	101
2022	166
2023	84
2024	135
2025	170
2026	166
2027	91
2028	107
2029	178
2030	258
2031	87
2032	249
2033	144
2034	50
2035	76
2036	90
2037	105
2038	88
2039	193
2040	196
2041	215
2042	23
2043	169
2044	43
2045	156
2046	66
2047	145
2048	140
2049	74
2050	292
2051	158
2052	283
2053	169
2054	282
2055	107
2056	194
2057	199
2058	356
2059	37
2060	109
2061	150
2062	58
2063	75
2064	46
2065	89
2066	23
2067	91
2068	66
2069	87
2070	105
2071	53
2072	127
2073	279
2074	175
2075	164
2076	80
2077	56
2078	100
2079	590
2080	550
2081	112
2082	121
2083	125
2084	140
2085	109
2086	122
2087	48
2088	52
2089	137
2090	76
2091	255
2092	176
2093	259
2094	175
2095	171
2096	261
2097	166
2098	112
2099	111
2100	95
2101	250
2102	153
2103	67
2104	246
2105	387
2106	37
2107	194
2108	53
2109	230
2110	74
2111	163
2112	159
2113	240
2114	154
2115	294
2116	475
2117	322
2118	294
2119	333
2120	144
2121	92
2122	59
2123	73
2124	80
2125	147
2126	153
2127	128
2128	126
2129	52
2130	165
2131	66
2132	139
2133	77
2134	105
2135	114
2136	113
2137	129
2138	98
2139	139
2140	156
2141	87
2142	142
2143	84
2144	97
2145	83
2146	80
2147	334
2148	322
2149	423
2150	314
2151	438
2152	459
2153	213
2154	319
2155	224
2156	329
2157	181
2158	293
2159	150
2160	99
2161	127
2162	174
2163	89
2164	98
2165	111
2166	130
2167	114
2168	128
2169	220
2170	219
2171	180
2172	119
2173	229
2174	181
2175	150
2176	220
2177	160
2178	162
2179	71
2180	94
2181	394
2182	98
2183	37
2184	108
2185	106
2186	97
2187	121
2188	60
2189	129
2190	25
2191	124
2192	79
2193	158
2194	241
2195	168
2196	175
2197	103
2198	110
2199	120
2200	97
2201	208
2202	215
2203	339
2204	25
2205	53
2206	76
2207	203
2208	228
2209	234
2210	198
2211	231
2212	48
2213	113
2214	225
2215	112
2216	94
2217	65
2218	112
2219	40
2220	107
2221	85
2222	118
2223	63
2224	136
2225	660
2226	46
2227	248
2228	89
2229	63
2230	67
2231	58
2232	89
2233	92
2234	115
2235	235
2236	131
2237	245
2238	440
2239	427
2240	172
2241	44
2242	174
2243	70
2244	251
2245	224
2246	30
2247	50
2248	105
2249	199
2250	119
2251	83
2252	125
2253	840
2254	138
2255	109
2256	124
2257	124
2258	119
2259	137
2260	108
2261	170
2262	108
2263	45
2264	169
2265	114
2266	30
2267	197
2268	241
2269	246
2270	69
2271	326
2272	56
2273	126
2274	83
2275	289
2276	606
2277	106
2278	130
2279	114
2280	95
2281	241
2282	159
2283	154
2284	149
2285	171
2286	63
2287	644
2288	164
2289	45
2290	164
2291	30
2292	51
2293	69
2294	169
2295	100
2296	135
2297	135
2298	158
2299	110
2300	148
2301	102
2302	157
2303	83
2304	168
2305	63
2306	174
2307	39
2308	180
2309	84
2310	155
2311	148
2312	116
2313	235
2314	67
2315	74
2316	114
2317	68
2318	131
2319	739
2320	136
2321	73
2322	89
2323	67
2324	123
2325	81
2326	113
2327	44
2328	46
2329	62
2330	206
2331	177
2332	123
2333	86
2334	78
2335	53
2336	130
2337	561
2338	179
2339	149
2340	156
2341	133
2342	112
2343	51
2344	181
2345	146
2346	256
2347	25
2348	177
2349	41
2350	142
2351	60
2352	147
2353	395
2354	195
2355	128
2356	104
2357	123
2358	129
2359	136
2360	32
2361	38
2362	52
2363	131
2364	158
2365	254
2366	101
2367	131
2368	51
2369	147
2370	150
2371	333
2372	394
2373	156
2374	236
2375	233
2376	241
2377	260
2378	115
2379	193
2380	159
2381	24
2382	90
2383	34
2384	55
2385	53
2386	44
2387	61
2388	400
2389	40
2390	27
2391	100
2392	113
2393	448
2394	89
2395	428
2396	73
2397	166
2398	192
2399	92
2400	186
2401	101
2402	179
2403	149
2404	130
2405	112
2406	212
2407	246
2408	246
2409	256
2410	156
2411	178
2412	251
2413	444
2414	424
2415	92
2416	247
2417	70
2418	99
2419	229
2420	121
2421	212
2422	130
2423	202
2424	149
2425	194
2426	203
2427	161
2428	176
2429	169
2430	166
2431	170
2432	158
2433	198
2434	138
2435	65
2436	214
2437	100
2438	81
2439	208
2440	108
2441	200
2442	130
2443	180
2444	145
2445	170
2446	198
2447	55
2448	140
2449	185
2450	74
2451	205
2452	124
2453	197
2454	86
2455	198
2456	106
2457	109
2458	198
2459	136
2460	197
2461	107
2462	324
2463	262
2464	254
2465	23
2466	95
2467	292
2468	172
2469	36
2470	120
2471	172
2472	105
2473	77
2474	78
2475	213
2476	170
2477	186
2478	125
2479	197
2480	233
2481	170
2482	149
2483	134
2484	158
2485	250
2486	248
2487	21
2488	271
2489	49
2490	271
2491	226
2492	224
2493	263
2494	390
2495	190
2496	108
2497	221
2498	155
2499	142
2500	134
2501	108
2502	274
2503	47
2504	100
2505	41
2506	122
2507	23
2508	147
2509	147
2510	134
2511	66
2512	151
2513	45
2514	131
2515	244
2516	165
2517	268
2518	179
2519	161
2520	213
2521	30
2522	102
2523	92
2524	65
2525	45
2526	239
2527	26
2528	166
2529	92
2530	250
2531	48
2532	38
2533	171
2534	172
2535	190
2536	137
2537	105
2538	146
2539	150
2540	90
2541	182
2542	283
2543	198
2544	289
2545	205
2546	290
2547	317
2548	331
2549	142
2550	26
2551	212
2552	125
2553	164
2554	175
2555	111
2556	326
2557	172
2558	121
2559	166
2560	439
2561	93
2562	104
2563	112
2564	82
2565	118
2566	328
2567	67
2568	149
2569	85
2570	133
2571	32
2572	166
2573	152
2574	81
2575	101
2576	190
2577	290
2578	162
2579	141
2580	92
2581	121
2582	113
2583	260
2584	201
2585	134
2586	99
2587	159
2588	78
2589	263
2590	168
2591	291
2592	75
2593	280
2594	128
2595	209
2596	65
2597	58
2598	465
2599	39
2600	28
2601	245
2602	207
2603	233
2604	219
2605	172
2606	92
2607	100
2608	289
2609	152
2610	118
2611	54
2612	196
2613	60
2614	142
2615	252
2616	122
2617	239
2618	238
2619	84
2620	245
2621	64
2622	217
2623	187
2624	191
2625	175
2626	113
2627	319
2628	80
2629	151
2630	223
2631	196
2632	174
2633	67
2634	230
2635	45
2636	264
2637	36
2638	37
2639	26
2640	103
2641	56
2642	65
2643	59
2644	43
2645	181
2646	40
2647	206
2648	310
2649	23
2650	282
2651	137
2652	157
2653	179
2654	376
2655	59
2656	120
2657	136
2658	201
2659	142
2660	106
2661	144
2662	399
2663	82
2664	364
2665	219
2666	33
2667	235
2668	230
2669	163
2670	244
2671	23
2672	151
2673	226
2674	42
2675	135
2676	53
2677	171
2678	70
2679	219
2680	83
2681	47
2682	76
2683	370
2684	139
2685	168
2686	220
2687	103
2688	122
2689	151
2690	96
2691	152
2692	80
2693	143
2694	65
2695	213
2696	365
2697	751
2698	67
2699	85
2700	141
2701	58
2702	188
2703	305
2704	760
2705	244
2706	227
2707	43
2708	70
2709	64
2710	54
2711	181
2712	120
2713	114
2714	74
2715	308
2716	202
2717	210
2718	43
2719	189
2720	185
2721	64
2722	462
2723	188
2724	153
2725	33
2726	166
2727	20
2728	176
2729	160
2730	218
2731	27
2732	79
2733	137
2734	134
2735	200
2736	187
2737	131
2738	234
2739	240
2740	57
2741	207
2742	521
2743	156
2744	213
2745	277
2746	46
2747	54
2748	24
2749	89
2750	237
2751	199
2752	177
2753	98
2754	201
2755	126
2756	181
2757	255
2758	84
2759	118
2760	118
2761	209
2762	217
2763	52
2764	259
2765	106
2766	36
2767	50
2768	97
2769	72
2770	67
2771	81
2772	208
2773	47
2774	96
2775	102
2776	27
2777	126
2778	178
2779	115
2780	265
2781	221
2782	206
2783	199
2784	81
2785	21
2786	308
2787	240
2788	188
2789	21
2790	88
2791	207
2792	101
2793	97
2794	310
2795	133
2796	131
2797	144
2798	147
2799	162
2800	60
2801	205
2802	107
2803	121
2804	137
2805	147
2806	29
2807	99
2808	243
2809	205
2810	220
2811	216
2812	205
2813	439
2814	917
2815	426
2816	174
2817	164
2818	202
2819	21
2820	310
2821	302
2822	211
2823	343
2824	32
2825	111
2826	119
2827	194
2828	126
2829	209
2830	180
2831	151
2832	126
2833	171
2834	115
2835	176
2836	111
2837	176
2838	181
2839	189
2840	250
2841	245
2842	23
2843	80
2844	88
2845	110
2846	216
2847	140
2848	128
2849	167
2850	137
2851	158
2852	180
2853	151
2854	195
2855	184
2856	144
2857	289
2858	71
2859	132
2860	106
2861	155
2862	116
2863	150
2864	81
2865	129
2866	135
2867	142
2868	129
2869	158
2870	119
2871	115
2872	25
2873	171
2874	47
2875	211
2876	116
2877	155
2878	58
2879	154
2880	78
2881	132
2882	97
2883	131
2884	111
2885	113
2886	190
2887	128
2888	24
2889	86
2890	43
2891	68
2892	62
2893	50
2894	28
2895	216
2896	374
2897	168
2898	257
2899	512
2900	116
2901	188
2902	77
2903	45
2904	285
2905	111
2906	24
2907	53
2908	73
2909	188
2910	132
2911	22
2912	50
2913	80
2914	101
2915	119
2916	135
2917	239
2918	239
2919	140
2920	155
2921	151
2922	68
2923	151
2924	94
2925	123
2926	148
2927	61
2928	74
2929	30
2930	215
2931	181
2932	242
2933	84
2934	21
2935	41
2936	55
2937	72
2938	106
2939	145
2940	351
2941	126
2942	123
2943	82
2944	272
2945	86
2946	125
2947	138
2948	486
2949	185
2950	190
2951	180
2952	143
2953	714
2954	153
2955	119
2956	159
2957	132
2958	101
2959	34
2960	392
2961	232
2962	199
2963	61
2964	112
2965	48
2966	102
2967	128
2968	225
2969	108
2970	123
2971	116
2972	134
2973	152
2974	212
2975	25
2976	377
2977	44
2978	56
2979	74
2980	92
2981	100
2982	120
2983	137
2984	147
2985	34
2986	51
2987	281
2988	73
2989	95
2990	108
2991	118
2992	140
2993	157
2994	249
2995	277
2996	130
2997	104
2998	144
2999	257
3000	93
3001	129
3002	104
3003	351
3004	156
3005	98
3006	167
3007	63
3008	150
3009	21
3010	185
3011	169
3012	81
3013	136
3014	141
3015	113
3016	69
3017	54
3018	460
3019	272
3020	132
3021	243
3022	114
3023	145
3024	106
3025	160
3026	96
3027	176
3028	72
3029	261
3030	171
3031	107
3032	181
3033	123
3034	87
3035	137
3036	454
3037	270
3038	162
3039	192
3040	111
3041	44
3042	135
3043	449
3044	200
3045	146
3046	136
3047	29
3048	267
3049	43
3050	58
3051	100
3052	149
3053	276
3054	156
3055	176
3056	19
3057	132
3058	127
3059	127
3060	43
3061	185
3062	276
3063	111
3064	49
3065	109
3066	142
3067	130
3068	271
3069	281
3070	115
3071	143
3072	291
3073	75
3074	301
3075	68
3076	219
3077	80
3078	221
3079	32
3080	44
3081	55
3082	220
3083	76
3084	35
3085	350
3086	193
3087	222
3088	213
3089	141
3090	21
3091	147
3092	144
3093	32
3094	354
3095	161
3096	45
3097	138
3098	266
3099	28
3100	27
3101	66
3102	48
3103	55
3104	171
3105	36
3106	52
3107	263
3108	220
3109	237
3110	22
3111	229
3112	293
3113	41
3114	81
3115	165
3116	269
3117	122
3118	197
3119	216
3120	146
3121	164
3122	199
3123	208
3124	34
3125	152
3126	328
3127	36
3128	59
3129	468
3130	220
3131	161
3132	150
3133	100
3134	167
3135	210
3136	141
3137	130
3138	136
3139	80
3140	43
3141	59
3142	71
3143	64
3144	50
3145	72
3146	290
3147	29
3148	181
3149	413
3150	277
3151	72
3152	173
3153	31
3154	196
3155	202
3156	330
3157	444
3158	61
3159	169
3160	45
3161	183
3162	27
3163	45
3164	185
3165	64
3166	76
3167	196
3168	110
3169	165
3170	153
3171	95
3172	232
3173	366
3174	138
3175	172
3176	176
3177	298
3178	113
3179	46
3180	119
3181	32
3182	37
3183	247
3184	248
3185	265
3186	141
3187	26
3188	376
3189	28
3190	10
3191	275
3192	203
3193	227
3194	150
3195	158
3196	284
3197	149
3198	120
3199	320
3200	171
3201	182
3202	182
3203	121
3204	105
3205	161
3206	101
3207	226
3208	115
3209	47
3210	144
3211	50
3212	149
3213	154
3214	87
3215	178
3216	169
3217	69
3218	174
3219	51
3220	252
3221	160
3222	226
3223	47
3224	193
3225	107
3226	153
3227	159
3228	91
3229	133
3230	66
3231	143
3232	54
3233	151
3234	189
3235	34
3236	190
3237	25
3238	43
3239	115
3240	156
3241	127
3242	135
3243	343
3244	140
3245	347
3246	368
3247	185
3248	81
3249	336
3250	86
3251	102
3252	117
3253	309
3254	346
3255	177
3256	123
3257	85
3258	5
3259	152
3260	114
3261	467
3262	153
3263	106
3264	51
3265	179
3266	117
3267	202
3268	234
3269	286
3270	152
3271	121
3272	169
3273	62
3274	98
3275	94
3276	149
3277	282
3278	109
3279	321
3280	151
3281	318
3282	460
3283	157
3284	175
3285	158
3286	221
3287	533
3288	123
3289	305
3290	187
3291	79
3292	108
3293	448
3294	159
3295	243
3296	133
3297	104
3298	82
3299	163
3300	229
3301	135
3302	87
3303	126
3304	142
3305	136
3306	148
3307	66
3308	158
3309	42
3310	31
3311	372
3312	350
3313	263
3314	186
3315	165
3316	31
3317	247
3318	115
3319	29
3320	280
3321	90
3322	243
3323	262
3324	110
3325	194
3326	115
3327	264
3328	232
3329	102
3330	119
3331	332
3332	81
3333	129
3334	64
3335	255
3336	88
3337	104
3338	125
3339	55
3340	109
3341	70
3342	136
3343	131
3344	47
3345	39
3346	229
3347	167
3348	185
3349	273
3350	251
3351	193
3352	272
3353	205
3354	261
3355	213
3356	53
3357	70
3358	162
3359	149
3360	32
3361	151
3362	140
3363	251
3364	169
3365	158
3366	356
3367	699
3368	239
3369	248
3370	244
3371	118
3372	88
3373	78
3374	100
3375	74
3376	389
3377	305
3378	197
3379	20
3380	125
3381	139
3382	138
3383	127
3384	476
3385	149
3386	117
3387	158
3388	100
3389	321
3390	308
3391	102
3392	83
3393	155
3394	150
3395	84
3396	134
3397	119
3398	144
3399	252
3400	254
3401	294
3402	307
3403	128
3404	134
3405	308
3406	199
3407	107
3408	284
3409	15
3410	153
3411	46
3412	229
3413	100
3414	131
3415	99
3416	67
3417	119
3418	260
3419	329
3420	378
3421	123
3422	147
3423	146
3424	110
3425	36
3426	150
3427	151
3428	431
3429	163
3430	462
3431	243
3432	149
3433	151
3434	393
3435	28
3436	206
3437	180
3438	158
3439	152
3440	111
3441	163
3442	125
3443	443
3444	394
3445	428
3446	395
3447	142
3448	41
3449	138
3450	21
3451	102
3452	199
3453	168
3454	35
3455	238
3456	110
3457	263
3458	151
3459	194
3460	243
3461	266
3462	256
3463	273
3464	275
3465	94
3466	121
3467	142
3468	151
3469	76
3470	370
3471	39
3472	203
3473	281
3474	159
3475	155
3476	336
3477	174
3478	328
3479	98
3480	82
3481	259
3482	279
3483	209
3484	218
3485	194
3486	195
3487	131
3488	150
3489	192
3490	78
3491	257
3492	65
3493	227
3494	119
3495	114
3496	162
3497	123
3498	159
3499	135
3500	155
3501	346
3502	124
3503	105
3504	157
3505	149
3506	120
3507	220
3508	222
3509	115
3510	172
3511	164
3512	177
3513	78
3514	86
3515	163
3516	235
3517	338
3518	377
3519	83
3520	241
3521	160
3522	97
3523	445
3524	155
3525	135
3526	197
3527	201
3528	178
3529	55
3530	263
3531	227
3532	225
3533	139
3534	226
3535	265
3536	260
3537	238
3538	258
3539	180
3540	563
3541	385
3542	168
3543	274
3544	285
3545	121
3546	287
3547	34
3548	160
3549	152
3550	23
3551	152
3552	345
3553	253
3554	226
3555	239
3556	40
3557	128
3558	137
3559	130
3560	166
3561	155
3562	286
3563	293
3564	103
3565	518
3566	131
3567	220
3568	238
3569	285
3570	171
3571	42
3572	186
3573	25
3574	151
3575	97
3576	358
3577	168
3578	227
3579	171
3580	134
3581	185
3582	239
3583	93
3584	427
3585	164
3586	139
3587	177
3588	127
3589	162
3590	174
3591	138
3592	190
3593	161
3594	155
3595	92
3596	232
3597	244
3598	46
3599	249
3600	239
3601	137
3602	139
3603	358
3604	103
3605	143
3606	85
3607	155
3608	63
3609	378
3610	78
3611	387
3612	121
3613	635
3614	48
3615	41
3616	60
3617	237
3618	156
3619	135
3620	40
3621	73
3622	221
3623	188
3624	287
3625	79
3626	98
3627	88
3628	22
3629	129
3630	275
3631	287
3632	55
3633	475
3634	95
3635	142
3636	158
3637	37
3638	83
3639	37
3640	90
3641	72
3642	109
3643	37
3644	85
3645	50
3646	194
3647	110
3648	162
3649	137
3650	155
3651	126
3652	138
3653	61
3654	157
3655	78
3656	309
3657	232
3658	66
3659	137
3660	133
3661	159
3662	134
3663	179
3664	128
3665	260
3666	228
3667	228
3668	173
3669	133
3670	78
3671	173
3672	222
3673	217
3674	266
3675	235
3676	66
3677	159
3678	38
3679	217
3680	170
3681	26
3682	170
3683	24
3684	201
3685	53
3686	199
3687	66
3688	191
3689	121
3690	203
3691	188
3692	256
3693	231
3694	187
3695	263
3696	210
3697	240
3698	260
3699	199
3700	138
3701	137
3702	348
3703	136
3704	80
3705	162
3706	196
3707	201
3708	168
3709	215
3710	107
3711	105
3712	162
3713	168
3714	188
3715	231
3716	87
3717	131
3718	314
3719	140
3720	164
3721	38
3722	158
3723	233
3724	45
3725	130
3726	199
3727	37
3728	228
3729	30
3730	52
3731	182
3732	88
3733	133
3734	174
3735	40
3736	138
3737	75
3738	104
3739	224
3740	144
3741	121
3742	86
3743	258
3744	351
3745	108
3746	233
3747	118
3748	614
3749	268
3750	318
3751	119
3752	107
3753	134
3754	139
3755	58
3756	200
3757	162
3758	220
3759	230
3760	207
3761	229
3762	225
3763	206
3764	29
3765	24
3766	199
3767	273
3768	197
3769	106
3770	241
3771	154
3772	109
3773	263
3774	489
3775	213
3776	149
3777	56
3778	255
3779	90
3780	812
3781	78
3782	47
3783	197
3784	157
3785	218
3786	86
3787	308
3788	218
3789	113
3790	446
3791	135
3792	179
3793	131
3794	183
3795	211
3796	141
3797	120
3798	266
3799	189
3800	191
3801	39
3802	18
3803	193
3804	168
3805	74
3806	181
3807	56
3808	93
3809	117
3810	117
3811	365
3812	32
3813	132
3814	180
3815	162
3816	50
3817	188
3818	25
3819	50
3820	43
3821	112
3822	51
3823	69
3824	38
3825	34
3826	267
3827	31
3828	78
3829	46
3830	65
3831	64
3832	99
3833	25
3834	94
3835	57
3836	79
3837	72
3838	60
3839	42
3840	38
3841	112
3842	34
3843	40
3844	126
3845	53
3846	20
3847	230
3848	248
3849	266
3850	349
3851	170
3852	58
3853	81
3854	593
3855	264
3856	146
3857	116
3858	335
3859	15
3860	60
3861	67
3862	153
3863	78
3864	213
3865	155
3866	77
3867	184
3868	169
3869	162
3870	222
3871	160
3872	73
3873	174
3874	93
3875	359
3876	270
3877	109
3878	185
3879	269
3880	152
3881	327
3882	173
3883	131
3884	85
3885	46
3886	99
3887	208
3888	25
3889	151
3890	16
3891	145
3892	38
3893	59
3894	74
3895	31
3896	81
3897	51
3898	70
3899	312
3900	152
3901	88
3902	328
3903	129
3904	123
3905	498
3906	228
3907	130
3908	81
3909	239
3910	319
3911	220
3912	125
3913	218
3914	296
3915	585
3916	234
3917	641
3918	94
3919	321
3920	69
3921	85
3922	186
3923	44
3924	28
3925	328
3926	173
3927	154
3928	320
3929	375
3930	287
3931	366
3932	367
3933	234
3934	261
3935	66
3936	293
3937	172
3938	295
3939	290
3940	126
3941	153
3942	185
3943	222
3944	61
3945	166
3946	81
3947	160
3948	109
3949	161
3950	131
3951	151
3952	156
3953	229
3954	160
3955	171
3956	285
3957	175
3958	287
3959	148
3960	139
3961	212
3962	126
3963	89
3964	118
3965	129
3966	214
3967	124
3968	298
3969	71
3970	69
3971	188
3972	190
3973	79
3974	364
3975	457
3976	46
3977	431
3978	51
3979	66
3980	78
3981	163
3982	118
3983	106
3984	205
3985	228
3986	208
3987	448
3988	126
3989	162
3990	166
3991	90
3992	192
3993	48
3994	116
3995	56
3996	142
3997	152
3998	80
3999	135
4000	346
4001	41
4002	256
4003	216
4004	498
4005	231
4006	202
4007	256
4008	137
4009	252
4010	107
4011	69
4012	508
4013	182
4014	101
4015	311
4016	63
4017	25
4018	43
4019	34
4020	144
4021	89
4022	220
4023	179
4024	191
4025	245
4026	33
4027	25
4028	106
4029	160
4030	115
4031	295
4032	90
4033	203
4034	46
4035	189
4036	194
4037	106
4038	23
4039	38
4040	157
4041	71
4042	64
4043	108
4044	93
4045	75
4046	103
4047	95
4048	218
4049	333
4050	32
4051	122
4052	88
4053	145
4054	63
4055	100
4056	124
4057	186
4058	326
4059	153
4060	136
4061	374
4062	345
4063	118
4064	231
4065	89
4066	139
4067	55
4068	115
4069	211
4070	116
4071	104
4072	123
4073	135
4074	101
4075	314
4076	199
4077	65
4078	25
4079	247
4080	292
4081	267
4082	133
4083	111
4084	176
4085	709
4086	572
4087	213
4088	169
4089	31
4090	52
4091	69
4092	93
4093	107
4094	185
4095	158
4096	153
4097	21
4098	35
4099	148
4100	58
4101	251
4102	166
4103	255
4104	172
4105	113
4106	36
4107	258
4108	103
4109	172
4110	27
4111	49
4112	173
4113	83
4114	150
4115	24
4116	124
4117	107
4118	75
4119	161
4120	116
4121	194
4122	60
4123	95
4124	85
4125	193
4126	173
4127	137
4128	159
4129	165
4130	253
4131	184
4132	182
4133	28
4134	49
4135	65
4136	96
4137	111
4138	142
4139	570
4140	244
4141	138
4142	598
4143	557
4144	511
4145	168
4146	127
4147	40
4148	67
4149	41
4150	135
4151	55
4152	131
4153	98
4154	102
4155	198
4156	108
4157	258
4158	272
4159	210
4160	280
4161	30
4162	84
4163	48
4164	32
4165	95
4166	33
4167	139
4168	70
4169	236
4170	74
4171	93
4172	105
4173	32
4174	153
4175	215
4176	99
4177	169
4178	226
4179	155
4180	143
4181	151
4182	179
4183	130
4184	129
4185	175
4186	105
4187	89
4188	93
4189	212
4190	253
4191	119
4192	26
4193	37
4194	105
4195	92
4196	105
4197	128
4198	145
4199	138
4200	22
4201	51
4202	279
4203	214
4204	72
4205	110
4206	127
4207	140
4208	161
4209	170
4210	183
4211	27
4212	47
4213	100
4214	68
4215	86
4216	108
4217	114
4218	128
4219	141
4220	149
4221	125
4222	215
4223	139
4224	34
4225	377
4226	106
4227	74
4228	90
4229	88
4230	183
4231	64
4232	126
4233	185
4234	122
4235	269
4236	154
4237	240
4238	192
4239	132
4240	135
4241	147
4242	335
4243	135
4244	81
4245	140
4246	138
4247	109
4248	204
4249	103
4250	58
4251	112
4252	110
4253	306
4254	165
4255	308
4256	153
4257	168
4258	274
4259	22
4260	173
4261	193
4262	32
4263	77
4264	108
4265	106
4266	147
4267	177
4268	227
4269	231
4270	112
4271	151
4272	308
4273	57
4274	98
4275	343
4276	75
4277	292
4278	315
4279	135
4280	312
4281	103
4282	559
4283	244
4284	140
4285	28
4286	310
4287	169
4288	199
4289	591
4290	98
4291	50
4292	46
4293	219
4294	120
4295	194
4296	646
4297	217
4298	637
4299	236
4300	736
4301	31
4302	271
4303	799
4304	138
4305	883
4306	534
4307	59
4308	57
4309	185
4310	78
4311	179
4312	101
4313	166
4314	151
4315	157
4316	195
4317	181
4318	331
4319	312
4320	330
4321	311
4322	331
4323	294
4324	82
4325	258
4326	95
4327	222
4328	509
4329	120
4330	295
4331	102
4332	265
4333	146
4334	263
4335	108
4336	109
4337	60
4338	364
4339	276
4340	143
4341	37
4342	52
4343	232
4344	130
4345	46
4346	104
4347	248
4348	215
4349	273
4350	214
4351	84
4352	239
4353	124
4354	198
4355	131
4356	88
4357	144
4358	77
4359	269
4360	223
4361	184
4362	282
4363	221
4364	290
4365	229
4366	143
4367	149
4368	154
4369	227
4370	118
4371	136
4372	144
4373	242
4374	162
4375	240
4376	171
4377	246
4378	178
4379	178
4380	470
4381	576
4382	258
4383	541
4384	267
4385	566
4386	827
4387	377
4388	292
4389	165
4390	161
4391	270
4392	855
4393	282
4394	326
4395	119
4396	327
4397	191
4398	240
4399	198
4400	126
4401	201
4402	171
4403	144
4404	334
4405	197
4406	181
4407	90
4408	137
4409	75
4410	155
4411	51
4412	159
4413	32
4414	216
4415	45
4416	140
4417	151
4418	131
4419	107
4420	31
4421	139
4422	184
4423	119
4424	277
4425	133
4426	80
4427	57
4428	124
4429	147
4430	108
4431	140
4432	94
4433	510
4434	154
4435	92
4436	168
4437	174
4438	288
4439	422
4440	268
4441	420
4442	262
4443	14
4444	89
4445	184
4446	240
4447	109
4448	59
4449	391
4450	130
4451	166
4452	169
4453	103
4454	788
4455	97
4456	467
4457	321
4458	79
4459	134
4460	95
4461	130
4462	150
4463	139
4464	163
4465	122
4466	178
4467	185
4468	349
4469	170
4470	200
4471	147
4472	150
4473	188
4474	197
4475	204
4476	116
4477	469
4478	26
4479	43
4480	231
4481	213
4482	229
4483	316
4484	238
4485	183
4486	551
4487	341
4488	63
4489	149
4490	116
4491	143
4492	141
4493	158
4494	171
4495	176
4496	187
4497	127
4498	156
4499	141
4500	160
4501	162
4502	63
4503	48
4504	61
4505	144
4506	93
4507	118
4508	324
4509	130
4510	581
4511	103
4512	109
4513	289
4514	220
4515	300
4516	423
4517	50
4518	150
4519	525
4520	74
4521	140
4522	217
4523	280
4524	227
4525	422
4526	235
4527	430
4528	93
4529	139
4530	212
4531	105
4532	119
4533	118
4534	111
4535	240
4536	199
4537	243
4538	252
4539	400
4540	249
4541	401
4542	280
4543	255
4544	135
4545	204
4546	136
4547	158
4548	384
4549	228
4550	146
4551	398
4552	160
4553	403
4554	294
4555	248
4556	229
4557	234
4558	218
4559	134
4560	207
4561	77
4562	161
4563	200
4564	117
4565	138
4566	163
4567	27
4568	156
4569	42
4570	63
4571	34
4572	84
4573	192
4574	733
4575	203
4576	535
4577	213
4578	555
4579	228
4580	573
4581	237
4582	51
4583	584
4584	163
4585	171
4586	441
4587	176
4588	227
4589	132
4590	216
4591	145
4592	208
4593	227
4594	152
4595	160
4596	167
4597	176
4598	104
4599	170
4600	120
4601	160
4602	128
4603	150
4604	108
4605	146
4606	156
4607	180
4608	175
4609	180
4610	26
4611	40
4612	133
4613	146
4614	435
4615	223
4616	28
4617	108
4618	368
4619	104
4620	380
4621	54
4622	202
4623	247
4624	70
4625	189
4626	86
4627	192
4628	104
4629	200
4630	117
4631	148
4632	135
4633	181
4634	387
4635	150
4636	281
4637	157
4638	277
4639	168
4640	287
4641	180
4642	218
4643	361
4644	225
4645	374
4646	221
4647	338
4648	240
4649	377
4650	372
4651	246
4652	82
4653	93
4654	181
4655	91
4656	288
4657	206
4658	43
4659	217
4660	390
4661	352
4662	226
4663	394
4664	232
4665	382
4666	412
4667	250
4668	288
4669	137
4670	234
4671	190
4672	153
4673	230
4674	163
4675	198
4676	174
4677	182
4678	173
4679	158
4680	53
4681	185
4682	138
4683	185
4684	129
4685	193
4686	112
4687	322
4688	215
4689	329
4690	207
4691	183
4692	235
4693	88
4694	209
4695	95
4696	197
4697	849
4698	365
4699	162
4700	25
4701	114
4702	88
4703	158
4704	521
4705	127
4706	79
4707	62
4708	75
4709	90
4710	113
4711	126
4712	140
4713	149
4714	164
4715	187
4716	378
4717	259
4718	118
4719	134
4720	143
4721	158
4722	155
4723	166
4724	171
4725	182
4726	515
4727	472
4728	39
4729	78
4730	113
4731	116
4732	143
4733	167
4734	179
4735	181
4736	187
4737	198
4738	158
4739	126
4740	131
4741	146
4742	166
4743	444
4744	83
4745	83
4746	86
4747	170
4748	192
4749	199
4750	205
4751	80
4752	113
4753	136
4754	163
4755	176
4756	183
4757	329
4758	292
4759	780
4760	626
4761	192
4762	118
4763	81
4764	196
4765	206
4766	435
4767	144
4768	151
4769	235
4770	135
4771	150
4772	163
4773	170
4774	184
4775	195
4776	199
4777	202
4778	218
4779	181
4780	292
4781	181
4782	485
4783	286
4784	286
4785	161
4786	164
4787	367
4788	223
4789	220
4790	173
4791	130
4792	64
4793	335
4794	423
4795	307
4796	230
4797	90
4798	57
4799	97
4800	126
4801	112
4802	145
4803	35
4804	72
4805	864
4806	857
4807	300
4808	512
4809	482
4810	149
4811	30
4812	93
4813	401
4814	214
4815	240
4816	272
4817	263
4818	591
4819	578
4820	564
4821	529
4822	510
4823	296
4824	261
4825	246
4826	258
4827	639
4828	331
4829	410
4830	263
4831	405
4832	278
4833	238
4834	202
4835	230
4836	126
4837	257
4838	258
4839	222
4840	817
4841	66
4842	84
4843	106
4844	132
4845	149
4846	158
4847	207
4848	215
4849	214
4850	223
4851	341
4852	238
4853	183
4854	26
4855	159
4856	264
4857	290
4858	157
4859	144
4860	267
4861	509
4862	551
4863	520
4864	512
4865	473
4866	41
4867	370
4868	356
4869	356
4870	357
4871	339
4872	339
4873	330
4874	1756
4875	391
4876	148
4877	163
4878	352
4879	484
4880	300
4881	439
4882	237
4883	141
4884	391
4885	310
4886	167
4887	346
4888	127
4889	98
4890	124
4891	148
4892	83
4893	252
4894	394
4895	279
4896	180
4897	200
4898	168
4899	16
4900	205
4901	216
4902	225
4903	237
4904	244
4905	254
4906	246
4907	250
4908	249
4909	238
4910	17
4911	40
4912	63
4913	88
4914	101
4915	119
4916	135
4917	156
4918	166
4919	179
4920	205
4921	254
4922	318
4923	127
4924	38
4925	82
4926	92
4927	204
4928	202
4929	217
4930	219
4931	213
4932	62
4933	163
4934	111
4935	249
4936	260
4937	388
4938	311
4939	429
4940	423
4941	430
4942	382
4943	591
4944	187
4945	222
4946	404
4947	55
4948	63
4949	21
4950	38
4951	669
4952	316
4953	54
4954	218
4955	119
4956	260
4957	666
4958	98
4959	316
4960	310
4961	206
4962	225
4963	225
4964	224
4965	220
4966	134
4967	233
4968	140
4969	175
4970	755
4971	112
4972	211
4973	106
4974	118
4975	103
4976	86
4977	254
4978	151
4979	608
4980	334
4981	223
4982	114
4983	155
4984	175
4985	139
4986	150
4987	86
4988	192
4989	648
4990	701
4991	220
4992	100
4993	339
4994	392
4995	87
4996	88
4997	108
4998	110
4999	126
5000	138
5001	161
5002	164
5003	277
5004	280
5005	289
5006	187
5007	192
5008	50
5009	176
5010	26
5011	276
5012	262
5013	129
5014	256
5015	251
5016	411
5017	471
5018	544
5019	533
5020	85
5021	522
5022	521
5023	426
5024	219
5025	174
5026	209
5027	210
5028	97
5029	45
5030	63
5031	75
5032	186
5033	165
5034	119
5035	141
5036	154
5037	171
5038	265
5039	119
5040	192
5041	406
5042	438
5043	305
5044	286
5045	206
5046	92
5047	130
5048	149
5049	202
5050	310
5051	197
5052	107
5053	70
5054	153
5055	111
5056	170
5057	176
5058	296
5059	235
5060	302
5061	217
5062	287
5063	217
5064	291
5065	411
5066	484
5067	163
5068	698
5069	592
5070	638
5071	315
5072	577
5073	506
5074	597
5075	64
5076	226
5077	243
5078	36
5079	252
5080	269
5081	61
5082	261
5083	450
5084	374
5085	381
5086	61
5087	182
5088	186
5089	26
5090	42
5091	79
5092	41
5093	36
5094	113
5095	28
5096	51
5097	86
5098	120
5099	29
5100	38
5101	58
5102	72
5103	89
5104	95
5105	113
5106	129
5107	143
5108	165
5109	179
5110	188
5111	188
5112	171
5113	205
5114	197
5115	401
5116	364
5117	317
5118	331
5119	515
5120	503
5121	527
5122	768
5123	613
5124	513
5125	421
5126	282
5127	1124
5128	630
5129	211
5130	589
5131	572
5132	206
5133	153
5134	312
5135	200
5136	212
5137	646
5138	110
5139	116
5140	346
5141	200
5142	232
5143	256
5144	213
5145	500
5146	219
5147	235
5148	257
5149	394
5150	62
5151	100
5152	579
5153	118
5154	307
5155	183
5156	180
5157	313
5158	294
5159	330
5160	89
5161	58
5162	430
5163	164
5164	157
5165	66
5166	161
5167	119
5168	152
5169	141
5170	444
5171	181
5172	167
5173	152
5174	163
5175	147
5176	131
5177	43
5178	140
5179	172
5180	185
5181	188
5182	192
5183	209
5184	99
5185	305
5186	124
5187	632
5188	51
5189	298
5190	448
5191	414
5192	107
5193	78
5194	142
5195	1067
5196	1077
5197	1220
5198	202
5199	173
5200	138
5201	122
5202	199
5203	254
5204	601
5205	166
5206	210
5207	373
5208	342
5209	78
5210	171
5211	318
5212	196
5213	306
5214	245
5215	259
5216	235
5217	48
5218	230
5219	67
5220	352
5221	81
5222	150
5223	182
5224	146
5225	179
5226	134
5227	168
5228	158
5229	212
5230	113
5231	57
5232	43
5233	80
5234	94
5235	30
5236	159
5237	152
5238	170
5239	171
5240	173
5241	133
5242	147
5243	157
5244	414
5245	335
5246	180
5247	32
5248	286
5249	293
5250	292
5251	131
5252	136
5253	344
5254	134
5255	375
5256	424
5257	45
5258	248
5259	252
5260	655
5261	219
5262	406
5263	227
5264	235
5265	44
5266	366
5267	352
5268	109
5269	293
5270	204
5271	85
5272	182
5273	192
5274	556
5275	526
5276	296
5277	194
5278	211
5279	202
5280	51
5281	65
5282	295
5283	312
5284	312
5285	327
5286	215
5287	223
5288	241
5289	252
5290	105
5291	93
5292	213
5293	97
5294	124
5295	132
5296	153
5297	148
5298	84
5299	214
5300	224
5301	345
5302	492
5303	382
5304	119
5305	28
5306	47
5307	256
5308	389
5309	123
5310	194
5311	194
5312	349
5313	63
5314	80
5315	100
5316	125
5317	126
5318	80
5319	34
5320	56
5321	141
5322	773
5323	97
5324	209
5325	286
5326	84
5327	166
5328	172
5329	129
5330	132
5331	128
5332	142
5333	401
5334	122
5335	419
5336	213
5337	262
5338	263
5339	24
5340	384
5341	375
5342	363
5343	242
5344	89
5345	117
5346	287
5347	146
5348	163
5349	307
5350	120
5351	136
5352	191
5353	188
5354	188
5355	319
5356	64
5357	248
5358	230
5359	215
5360	264
5361	272
5362	426
5363	425
5364	304
5365	292
5366	300
5367	397
5368	412
5369	406
5370	387
5371	379
5372	180
5373	377
5374	110
5375	104
5376	361
5377	553
5378	22
5379	38
5380	54
5381	71
5382	149
5383	24
5384	65
5385	84
5386	125
5387	141
5388	161
5389	48
5390	78
5391	94
5392	124
5393	139
5394	45
5395	162
5396	78
5397	351
5398	203
5399	310
5400	268
5401	436
5402	265
5403	92
5404	248
5405	26
5406	53
5407	156
5408	168
5409	177
5410	70
5411	208
5412	135
5413	54
5414	42
5415	309
5416	286
5417	223
5418	172
5419	322
5420	169
5421	28
5422	594
5423	213
5424	188
5425	62
5426	95
5427	193
5428	143
5429	85
5430	235
5431	325
5432	495
5433	482
5434	425
5435	428
5436	425
5437	499
5438	489
5439	173
5440	513
5441	432
5442	581
5443	543
5444	508
5445	473
5446	91
5447	112
5448	442
5449	238
5450	558
5451	449
5452	49
5453	116
5454	245
5455	170
5456	84
5457	113
5458	106
5459	233
5460	237
5461	234
5462	411
5463	124
5464	875
5465	830
5466	242
5467	74
5468	296
5469	305
5470	363
5471	490
5472	461
5473	548
5474	460
5475	55
5476	119
5477	1388
5478	43
5479	144
5480	222
5481	116
5482	111
5483	131
5484	460
5485	170
5486	281
5487	58
5488	151
5489	390
5490	130
5491	426
5492	220
5493	327
5494	326
5495	235
5496	83
5497	162
5498	180
5499	154
5500	109
5501	95
5502	272
5503	238
5504	84
5505	159
5506	26
5507	638
5508	169
5509	657
5510	157
5511	37
5512	226
5513	98
5514	222
5515	115
5516	134
5517	191
5518	139
5519	227
5520	224
5521	259
5522	356
5523	102
5524	411
5525	410
5526	174
5527	170
5528	412
5529	165
5530	167
5531	23
5532	45
5533	149
5534	144
5535	66
5536	176
5537	246
5538	152
5539	96
5540	71
5541	204
5542	54
5543	204
5544	305
5545	329
5546	305
5547	296
5548	243
5549	206
5550	351
5551	245
5552	86
5553	323
5554	281
5555	155
5556	212
5557	18
5558	140
5559	196
5560	212
5561	198
5562	193
5563	193
5564	171
5565	98
5566	27
5567	158
5568	406
5569	309
5570	227
5571	582
5572	63
5573	210
5574	76
5575	196
5576	185
5577	99
5578	200
5579	206
5580	380
5581	116
5582	171
5583	161
5584	132
5585	368
5586	221
5587	194
5588	224
5589	223
5590	305
5591	181
5592	175
5593	724
5594	65
5595	218
5596	181
5597	389
5598	774
5599	210
5600	165
5601	330
5602	267
5603	252
5604	262
5605	252
5606	187
5607	239
5608	169
5609	307
5610	177
5611	266
5612	262
5613	158
5614	602
5615	160
5616	89
5617	267
5618	593
5619	179
5620	338
5621	288
5622	80
5623	186
5624	250
5625	291
5626	756
5627	287
5628	391
5629	276
5630	324
5631	166
5632	473
5633	66
5634	403
5635	382
5636	76
5637	156
5638	146
5639	710
5640	143
5641	198
5642	182
5643	401
5644	427
5645	68
5646	190
5647	464
5648	281
5649	180
5650	227
5651	367
5652	189
5653	172
5654	275
5655	320
5656	102
5657	85
5658	106
5659	110
5660	143
5661	157
5662	95
5663	480
5664	290
5665	503
5666	295
5667	586
5668	604
5669	423
5670	343
5671	215
5672	261
5673	356
5674	270
5675	354
5676	277
5677	355
5678	354
5679	280
5680	181
5681	285
5682	83
5683	159
5684	226
5685	233
5686	234
5687	241
5688	231
5689	242
5690	283
5691	172
5692	169
5693	137
5694	393
5695	367
5696	140
5697	244
5698	218
5699	58
5700	109
5701	96
5702	184
5703	26
5704	187
5705	122
5706	168
5707	158
5708	211
5709	269
5710	189
5711	192
5712	140
5713	194
5714	81
5715	158
5716	70
5717	119
5718	134
5719	112
5720	257
5721	353
5722	210
5723	323
5724	130
5725	246
5726	141
5727	161
5728	195
5729	191
5730	208
5731	118
5732	158
5733	51
5734	176
5735	189
5736	413
5737	197
5738	411
5739	179
5740	246
5741	421
5742	27
5743	292
5744	356
5745	88
5746	232
5747	123
5748	123
5749	129
5750	247
5751	209
5752	250
5753	202
5754	255
5755	195
5756	273
5757	266
5758	270
5759	257
5760	275
5761	245
5762	284
5763	230
5764	204
5765	286
5766	168
5767	506
5768	63
5769	170
5770	172
5771	189
5772	77
5773	149
5774	184
5775	134
5776	62
5777	176
5778	60
5779	41
5780	264
5781	75
5782	191
5783	82
5784	174
5785	174
5786	424
5787	832
5788	242
5789	200
5790	222
5791	232
5792	243
5793	197
5794	200
5795	193
5796	75
5797	107
5798	240
5799	126
5800	110
5801	241
5802	94
5803	244
5804	251
5805	75
5806	255
5807	271
5808	51
5809	218
5810	457
5811	203
5812	155
5813	422
5814	351
5815	72
5816	117
5817	306
5818	18
5819	40
5820	174
5821	160
5822	180
5823	524
5824	390
5825	526
5826	385
5827	33
5828	205
5829	221
5830	304
5831	175
5832	214
5833	244
5834	223
5835	239
5836	236
5837	327
5838	182
5839	181
5840	187
5841	216
5842	105
5843	186
5844	200
5845	214
5846	906
5847	87
5848	309
5849	37
5850	316
5851	225
5852	321
5853	396
5854	587
5855	29
5856	224
5857	450
5858	162
5859	228
5860	150
5861	191
5862	254
5863	168
5864	113
5865	283
5866	176
5867	615
5868	197
5869	325
5870	501
5871	146
5872	114
5873	172
5874	70
5875	73
5876	174
5877	154
5878	346
5879	446
5880	217
5881	253
5882	88
5883	175
5884	35
5885	53
5886	156
5887	217
5888	30
5889	70
5890	591
5891	114
5892	66
5893	246
5894	90
5895	108
5896	117
5897	92
5898	117
5899	111
5900	20
5901	34
5902	76
5903	299
5904	89
5905	228
5906	122
5907	1408
5908	777
5909	219
5910	178
5911	209
5912	313
5913	97
5914	362
5915	331
5916	325
5917	352
5918	139
5919	267
5920	282
5921	248
5922	77
5923	269
5924	117
5925	184
5926	172
5927	990
5928	63
5929	747
5930	272
5931	484
5932	451
5933	80
5934	252
5935	127
5936	114
5937	95
5938	164
5939	134
5940	191
5941	147
5942	42
5943	200
5944	118
5945	150
5946	71
5947	109
5948	117
5949	1767
5950	294
5951	36
5952	40
5953	53
5954	96
5955	23
5956	63
5957	118
5958	136
5959	153
5960	249
5961	99
5962	168
5963	183
5964	78
5965	330
5966	188
5967	64
5968	167
5969	156
5970	75
5971	83
5972	147
5973	278
5974	183
5975	198
5976	139
5977	228
5978	208
5979	142
5980	188
5981	122
5982	257
5983	78
5984	240
5985	89
5986	234
5987	251
5988	22
5989	154
5990	268
5991	132
5992	297
5993	110
5994	45
5995	67
5996	97
5997	270
5998	291
5999	181
6000	186
6001	267
6002	296
6003	248
6004	13
6005	87
6006	136
6007	31
6008	150
6009	50
6010	327
6011	529
6012	77
6013	118
6014	158
6015	161
6016	179
6017	72
6018	399
6019	122
6020	153
6021	328
6022	174
6023	159
6024	289
6025	137
6026	304
6027	111
6028	161
6029	148
6030	179
6031	299
6032	167
6033	174
6034	319
6035	313
6036	106
6037	144
6038	94
6039	281
6040	160
6041	162
6042	191
6043	161
6044	111
6045	210
6046	114
6047	210
6048	158
6049	167
6050	123
6051	115
6052	160
6053	45
6054	82
6055	117
6056	161
6057	386
6058	249
6059	152
6060	198
6061	602
6062	156
6063	145
6064	149
6065	130
6066	153
6067	280
6068	366
6069	178
6070	542
6071	175
6072	89
6073	200
6074	68
6075	186
6076	109
6077	153
6078	130
6079	143
6080	181
6081	262
6082	78
6083	122
6084	239
6085	140
6086	98
6087	477
6088	124
6089	114
6090	170
6091	110
6092	163
6093	273
6094	181
6095	144
6096	141
6097	214
6098	200
6099	128
6100	963
6101	183
6102	112
6103	618
6104	89
6105	352
6106	81
6107	358
6108	49
6109	349
6110	107
6111	93
6112	122
6113	310
6114	228
6115	231
6116	307
6117	128
6118	209
6119	144
6120	308
6121	254
6122	290
6123	73
6124	88
6125	142
6126	167
6127	224
6128	58
6129	388
6130	659
6131	331
6132	469
6133	55
6134	70
6135	126
6136	590
6137	401
6138	400
6139	253
6140	193
6141	286
6142	290
6143	161
6144	136
6145	119
6146	94
6147	88
6148	237
6149	189
6150	369
6151	388
6152	219
6153	230
6154	57
6155	66
6156	93
6157	109
6158	124
6159	246
6160	115
6161	72
6162	163
6163	90
6164	98
6165	111
6166	131
6167	380
6168	198
6169	110
6170	338
6171	122
6172	342
6173	418
6174	164
6175	192
6176	175
6177	175
6178	184
6179	179
6180	286
6181	331
6182	290
6183	333
6184	633
6185	572
6186	254
6187	102
6188	162
6189	296
6190	109
6191	52
6192	120
6193	149
6194	268
6195	161
6196	263
6197	98
6198	248
6199	119
6200	333
6201	165
6202	76
6203	136
6204	234
6205	147
6206	219
6207	166
6208	201
6209	220
6210	290
6211	96
6212	128
6213	123
6214	233
6215	287
6216	239
6217	293
6218	255
6219	295
6220	119
6221	268
6222	284
6223	290
6224	255
6225	290
6226	299
6227	281
6228	298
6229	276
6230	302
6231	275
6232	258
6233	303
6234	316
6235	248
6236	313
6237	235
6238	514
6239	139
6240	307
6241	223
6242	307
6243	210
6244	410
6245	219
6246	206
6247	317
6248	190
6249	326
6250	389
6251	148
6252	222
6253	170
6254	207
6255	153
6256	161
6257	146
6258	204
6259	101
6260	170
6261	123
6262	168
6263	136
6264	170
6265	165
6266	157
6267	341
6268	131
6269	330
6270	116
6271	340
6272	89
6273	339
6274	329
6275	276
6276	57
6277	58
6278	174
6279	89
6280	159
6281	74
6282	93
6283	241
6284	144
6285	349
6286	328
6287	394
6288	443
6289	393
6290	247
6291	136
6292	117
6293	433
6294	29
6295	117
6296	352
6297	134
6298	368
6299	143
6300	489
6301	84
6302	319
6303	231
6304	625
6305	237
6306	548
6307	131
6308	492
6309	338
6310	393
6311	242
6312	70
6313	397
6314	338
6315	223
6316	109
6317	569
6318	426
6319	233
6320	525
6321	186
6322	509
6323	108
6324	175
6325	520
6326	296
6327	742
6328	42
6329	39
6330	86
6331	56
6332	46
6333	201
6334	638
6335	211
6336	168
6337	134
6338	198
6339	225
6340	85
6341	70
6342	37
6343	307
6344	187
6345	227
6346	50
6347	571
6348	51
6349	145
6350	176
6351	249
6352	38
6353	173
6354	164
6355	154
6356	248
6357	238
6358	180
6359	299
6360	751
6361	485
6362	162
6363	405
6364	112
6365	180
6366	177
6367	188
6368	197
6369	82
6370	252
6371	160
6372	278
6373	339
6374	463
6375	368
6376	507
6377	61
6378	70
6379	218
6380	218
6381	85
6382	154
6383	375
6384	172
6385	506
6386	214
6387	100
6388	382
6389	113
6390	235
6391	125
6392	288
6393	524
6394	155
6395	150
6396	122
6397	157
6398	102
6399	166
6400	131
6401	95
6402	121
6403	131
6404	116
6405	178
6406	451
6407	244
6408	243
6409	243
6410	232
6411	49
6412	279
6413	173
6414	347
6415	290
6416	287
6417	401
6418	298
6419	362
6420	536
6421	558
6422	300
6423	209
6424	808
6425	164
6426	254
6427	253
6428	317
6429	108
6430	181
6431	253
6432	165
6433	242
6434	200
6435	164
6436	108
6437	123
6438	210
6439	198
6440	88
6441	102
6442	192
6443	161
6444	179
6445	187
6446	194
6447	226
6448	230
6449	235
6450	65
6451	92
6452	103
6453	101
6454	17
6455	33
6456	77
6457	128
6458	152
6459	163
6460	176
6461	186
6462	208
6463	206
6464	220
6465	220
6466	235
6467	207
6468	127
6469	117
6470	215
6471	212
6472	191
6473	378
6474	32
6475	228
6476	55
6477	221
6478	235
6479	74
6480	209
6481	70
6482	323
6483	103
6484	138
6485	183
6486	63
6487	100
6488	248
6489	213
6490	225
6491	162
6492	219
6493	115
6494	126
6495	333
6496	139
6497	326
6498	219
6499	384
6500	215
6501	382
6502	80
6503	186
6504	91
6505	169
6506	106
6507	157
6508	267
6509	174
6510	278
6511	160
6512	206
6513	139
6514	106
6515	367
6516	83
6517	320
6518	201
6519	184
6520	225
6521	134
6522	92
6523	111
6524	106
6525	129
6526	21
6527	140
6528	169
6529	188
6530	202
6531	135
6532	70
6533	195
6534	197
6535	218
6536	118
6537	58
6538	81
6539	289
6540	304
6541	328
6542	212
6543	211
6544	225
6545	298
6546	303
6547	136
6548	44
6549	174
6550	336
6551	181
6552	321
6553	132
6554	426
6555	231
6556	537
6557	249
6558	254
6559	261
6560	218
6561	182
6562	133
6563	71
6564	496
6565	97
6566	110
6567	66
6568	140
6569	156
6570	142
6571	152
6572	149
6573	138
6574	153
6575	161
6576	131
6577	86
6578	193
6579	124
6580	167
6581	712
6582	214
6583	134
6584	147
6585	137
6586	172
6587	183
6588	124
6589	211
6590	205
6591	218
6592	369
6593	255
6594	205
6595	224
6596	333
6597	156
6598	170
6599	106
6600	98
6601	149
6602	177
6603	194
6604	312
6605	15
6606	220
6607	420
6608	131
6609	142
6610	243
6611	306
6612	158
6613	142
6614	132
6615	117
6616	109
6617	94
6618	85
6619	221
6620	232
6621	228
6622	230
6623	25
6624	25
6625	217
6626	66
6627	147
6628	217
6629	53
6630	246
6631	253
6632	202
6633	116
6634	183
6635	81
6636	210
6637	198
6638	163
6639	176
6640	132
6641	147
6642	352
6643	112
6644	93
6645	122
6646	79
6647	155
6648	140
6649	248
6650	75
6651	251
6652	141
6653	146
6654	506
6655	345
6656	245
6657	149
6658	76
6659	347
6660	175
6661	120
6662	123
6663	90
6664	153
6665	243
6666	181
6667	95
6668	118
6669	54
6670	148
6671	167
6672	63
6673	234
6674	274
6675	132
6676	76
6677	178
6678	364
6679	162
6680	200
6681	142
6682	225
6683	128
6684	178
6685	192
6686	327
6687	81
6688	93
6689	75
6690	523
6691	384
6692	47
6693	226
6694	270
6695	418
6696	59
6697	226
6698	43
6699	72
6700	218
6701	33
6702	189
6703	77
6704	86
6705	202
6706	116
6707	211
6708	130
6709	149
6710	197
6711	222
6712	163
6713	42
6714	229
6715	61
6716	175
6717	85
6718	176
6719	105
6720	166
6721	276
6722	121
6723	167
6724	124
6725	86
6726	178
6727	89
6728	31
6729	178
6730	139
6731	91
6732	172
6733	149
6734	155
6735	157
6736	142
6737	166
6738	132
6739	182
6740	36
6741	185
6742	379
6743	57
6744	31
6745	384
6746	157
6747	236
6748	182
6749	179
6750	20
6751	222
6752	250
6753	78
6754	205
6755	95
6756	32
6757	79
6758	734
6759	327
6760	143
6761	190
6762	141
6763	156
6764	160
6765	115
6766	162
6767	378
6768	257
6769	369
6770	242
6771	140
6772	128
6773	158
6774	119
6775	222
6776	12
6777	89
6778	206
6779	267
6780	168
6781	153
6782	271
6783	265
6784	194
6785	356
6786	441
6787	547
6788	733
6789	703
6790	681
6791	121
6792	36
6793	253
6794	266
6795	215
6796	208
6797	253
6798	336
6799	322
6800	310
6801	305
6802	191
6803	227
6804	439
6805	82
6806	457
6807	260
6808	90
6809	87
6810	56
6811	99
6812	253
6813	212
6814	203
6815	217
6816	218
6817	240
6818	269
6819	209
6820	284
6821	179
6822	151
6823	257
6824	291
6825	39
6826	107
6827	48
6828	181
6829	119
6830	108
6831	60
6832	118
6833	44
6834	91
6835	581
6836	188
6837	483
6838	216
6839	131
6840	177
6841	186
6842	157
6843	285
6844	183
6845	323
6846	212
6847	155
6848	112
6849	273
6850	304
6851	285
6852	291
6853	293
6854	367
6855	453
6856	364
6857	463
6858	187
6859	207
6860	187
6861	218
6862	171
6863	166
6864	163
6865	153
6866	64
6867	37
6868	204
6869	163
6870	223
6871	259
6872	119
6873	258
6874	134
6875	105
6876	122
6877	196
6878	5
6879	235
6880	28
6881	90
6882	107
6883	85
6884	124
6885	191
6886	185
6887	49
6888	135
6889	520
6890	217
6891	253
6892	116
6893	84
6894	161
6895	33
6896	160
6897	55
6898	65
6899	171
6900	217
6901	166
6902	268
6903	109
6904	325
6905	98
6906	104
6907	234
6908	182
6909	53
6910	42
6911	295
6912	279
6913	55
6914	329
6915	267
6916	85
6917	134
6918	45
6919	267
6920	205
6921	28
6922	140
6923	45
6924	108
6925	81
6926	91
6927	91
6928	89
6929	106
6930	201
6931	173
6932	162
6933	209
6934	150
6935	223
6936	156
6937	45
6938	140
6939	83
6940	336
6941	141
6942	161
6943	308
6944	269
6945	271
6946	232
6947	284
6948	292
6949	233
6950	231
6951	466
6952	131
6953	255
6954	250
6955	81
6956	219
6957	231
6958	49
6959	348
6960	135
6961	159
6962	235
6963	265
6964	289
6965	16
6966	144
6967	39
6968	63
6969	34
6970	136
6971	18
6972	125
6973	216
6974	174
6975	188
6976	344
6977	319
6978	48
6979	163
6980	188
6981	240
6982	17
6983	64
6984	158
6985	27
6986	103
6987	118
6988	333
6989	163
6990	176
6991	0
6992	29
6993	20
6994	185
6995	509
6996	290
6997	146
6998	165
6999	69
7000	101
7001	119
7002	107
7003	164
7004	122
7005	130
7006	151
7007	173
7008	160
7009	138
7010	167
7011	24
7012	175
7013	241
7014	247
7015	99
7016	120
7017	111
7018	286
7019	175
7020	16
7021	224
7022	231
7023	473
7024	71
7025	102
7026	206
7027	204
7028	139
7029	144
7030	122
7031	150
7032	268
7033	250
7034	207
7035	359
7036	158
7037	14
7038	47
7039	142
7040	88
7041	81
7042	148
7043	234
7044	162
7045	178
7046	142
7047	32
7048	57
7049	221
7050	221
7051	103
7052	87
7053	299
7054	26
7055	151
7056	129
7057	362
7058	353
7059	202
7060	204
7061	132
7062	284
7063	96
7064	357
7065	106
7066	68
7067	169
7068	176
7069	155
7070	89
7071	155
7072	79
7073	79
7074	98
7075	110
7076	126
7077	148
7078	172
7079	221
7080	255
7081	85
7082	163
7083	182
7084	286
7085	307
7086	293
7087	327
7088	296
7089	343
7090	358
7091	258
7092	309
7093	261
7094	331
7095	353
7096	249
7097	178
7098	213
7099	269
7100	137
7101	119
7102	533
7103	127
7104	94
7105	163
7106	234
7107	142
7108	155
7109	207
7110	187
7111	87
7112	656
7113	984
7114	113
7115	93
7116	80
7117	78
7118	53
7119	84
7120	453
7121	369
7122	288
7123	468
7124	275
7125	358
7126	279
7127	347
7128	504
7129	256
7130	335
7131	177
7132	350
7133	196
7134	352
7135	220
7136	349
7137	67
7138	222
7139	273
7140	262
7141	271
7142	280
7143	286
7144	26
7145	45
7146	30
7147	61
7148	51
7149	74
7150	83
7151	157
7152	560
7153	261
7154	146
7155	278
7156	104
7157	495
7158	40
7159	231
7160	601
7161	259
7162	170
7163	146
7164	159
7165	149
7166	196
7167	242
7168	286
7169	78
7170	57
7171	329
7172	428
7173	350
7174	202
7175	315
7176	295
7177	232
7178	210
7179	28
7180	75
7181	273
7182	117
7183	128
7184	145
7185	110
7186	126
7187	386
7188	107
7189	21
7190	193
7191	545
7192	497
7193	446
7194	321
7195	66
7196	81
7197	116
7198	126
7199	149
7200	162
7201	360
7202	178
7203	209
7204	193
7205	197
7206	206
7207	212
7208	215
7209	214
7210	206
7211	207
7212	192
7213	195
7214	20
7215	50
7216	121
7217	60
7218	247
7219	508
7220	298
7221	819
7222	151
7223	168
7224	178
7225	176
7226	196
7227	205
7228	209
7229	208
7230	80
7231	99
7232	110
7233	128
7234	140
7235	163
7236	163
7237	175
7238	193
7239	188
7240	177
7241	163
7242	382
7243	205
7244	370
7245	207
7246	277
7247	247
7248	231
7249	145
7250	159
7251	167
7252	95
7253	45
7254	203
7255	157
7256	181
7257	354
7258	147
7259	180
7260	74
7261	207
7262	106
7263	182
7264	97
7265	113
7266	99
7267	81
7268	444
7269	143
7270	196
7271	115
7272	66
7273	192
7274	110
7275	290
7276	194
7277	319
7278	278
7279	61
7280	142
7281	151
7282	159
7283	135
7284	98
7285	118
7286	248
7287	135
7288	167
7289	34
7290	202
7291	99
7292	218
7293	215
7294	208
7295	173
7296	125
7297	23
7298	39
7299	79
7300	169
7301	221
7302	138
7303	52
7304	60
7305	79
7306	135
7307	128
7308	107
7309	227
7310	132
7311	244
7312	214
7313	220
7314	87
7315	21
7316	599
7317	165
7318	104
7319	100
7320	555
7321	299
7322	397
7323	111
7324	891
7325	193
7326	132
7327	192
7328	234
7329	242
7330	85
7331	160
7332	96
7333	145
7334	114
7335	136
7336	173
7337	128
7338	118
7339	83
7340	74
7341	60
7342	56
7343	71
7344	286
7345	92
7346	261
7347	120
7348	249
7349	207
7350	182
7351	218
7352	29
7353	269
7354	217
7355	225
7356	299
7357	295
7358	295
7359	47
7360	174
7361	219
7362	32
7363	221
7364	204
7365	170
7366	202
7367	178
7368	549
7369	427
7370	102
7371	199
7372	48
7373	189
7374	230
7375	85
7376	94
7377	221
7378	114
7379	226
7380	136
7381	228
7382	102
7383	386
7384	191
7385	221
7386	180
7387	222
7388	81
7389	334
7390	169
7391	118
7392	97
7393	106
7394	112
7395	89
7396	115
7397	75
7398	163
7399	141
7400	102
7401	220
7402	244
7403	71
7404	383
7405	100
7406	433
7407	67
7408	101
7409	253
7410	175
7411	47
7412	162
7413	188
7414	154
7415	68
7416	176
7417	286
7418	293
7419	105
7420	164
7421	131
7422	41
7423	355
7424	125
7425	86
7426	170
7427	269
7428	267
7429	265
7430	273
7431	494
7432	360
7433	132
7434	97
7435	110
7436	316
7437	41
7438	115
7439	122
7440	70
7441	89
7442	103
7443	244
7444	123
7445	124
7446	200
7447	101
7448	22
7449	335
7450	202
7451	213
7452	289
7453	136
7454	445
7455	95
7456	409
7457	412
7458	186
7459	188
7460	157
7461	146
7462	142
7463	150
7464	163
7465	130
7466	347
7467	99
7468	97
7469	289
7470	373
7471	457
7472	266
7473	96
7474	170
7475	766
7476	209
7477	262
7478	153
7479	355
7480	184
7481	156
7482	165
7483	392
7484	142
7485	81
7486	155
7487	58
7488	203
7489	199
7490	141
7491	139
7492	227
7493	270
7494	96
7495	81
7496	152
7497	174
7498	44
7499	187
7500	154
7501	101
7502	137
7503	105
7504	133
7505	78
7506	92
7507	145
7508	112
7509	121
7510	192
7511	121
7512	199
7513	106
7514	204
7515	210
7516	211
7517	126
7518	208
7519	271
7520	288
7521	281
7522	69
7523	26
7524	41
7525	191
7526	175
7527	214
7528	359
7529	188
7530	104
7531	84
7532	64
7533	298
7534	565
7535	199
7536	533
7537	141
7538	86
7539	120
7540	141
7541	26
7542	62
7543	191
7544	97
7545	183
7546	192
7547	51
7548	132
7549	145
7550	55
7551	58
7552	68
7553	208
7554	76
7555	220
7556	212
7557	197
7558	403
7559	101
7560	184
7561	193
7562	181
7563	39
7564	178
7565	88
7566	170
7567	137
7568	190
7569	67
7570	78
7571	129
7572	62
7573	146
7574	27
7575	123
7576	93
7577	330
7578	202
7579	88
7580	90
7581	107
7582	67
7583	114
7584	46
7585	136
7586	149
7587	31
7588	114
7589	154
7590	6
7591	94
7592	75
7593	177
7594	251
7595	121
7596	241
7597	144
7598	39
7599	133
7600	41
7601	13
7602	122
7603	112
7604	240
7605	148
7606	179
7607	369
7608	373
7609	146
7610	124
7611	39
7612	143
7613	44
7614	325
7615	317
7616	275
7617	211
7618	119
7619	212
7620	113
7621	192
7622	107
7623	299
7624	309
7625	310
7626	86
7627	227
7628	68
7629	224
7630	51
7631	30
7632	169
7633	72
7634	340
7635	445
7636	137
7637	225
7638	461
7639	221
7640	457
7641	282
7642	339
7643	224
7644	125
7645	106
7646	120
7647	79
7648	56
7649	43
7650	97
7651	182
7652	117
7653	165
7654	141
7655	158
7656	146
7657	203
7658	510
7659	280
7660	84
7661	97
7662	55
7663	71
7664	55
7665	105
7666	94
7667	153
7668	124
7669	250
7670	252
7671	119
7672	109
7673	348
7674	334
7675	94
7676	87
7677	99
7678	67
7679	34
7680	54
7681	31
7682	107
7683	328
7684	370
7685	295
7686	362
7687	309
7688	306
7689	352
7690	245
7691	877
7692	478
7693	223
7694	15
7695	69
7696	70
7697	547
7698	176
7699	101
7700	63
7701	99
7702	353
7703	118
7704	47
7705	219
7706	98
7707	579
7708	72
7709	563
7710	413
7711	157
7712	57
7713	168
7714	39
7715	266
7716	198
7717	214
7718	413
7719	31
7720	422
7721	209
7722	238
7723	215
7724	223
7725	70
7726	226
7727	241
7728	147
7729	191
7730	135
7731	203
7732	105
7733	260
7734	318
7735	257
7736	126
7737	294
7738	249
7739	305
7740	202
7741	188
7742	129
7743	194
7744	224
7745	52
7746	109
7747	66
7748	122
7749	47
7750	103
7751	235
7752	20
7753	127
7754	125
7755	128
7756	98
7757	464
7758	75
7759	234
7760	185
7761	154
7762	107
7763	116
7764	163
7765	163
7766	206
7767	86
7768	83
7769	135
7770	76
7771	117
7772	152
7773	164
7774	156
7775	157
7776	159
7777	144
7778	172
7779	221
7780	230
7781	403
7782	81
7783	296
7784	125
7785	42
7786	119
7787	177
7788	135
7789	172
7790	144
7791	169
7792	155
7793	154
7794	198
7795	275
7796	165
7797	512
7798	246
7799	610
7800	179
7801	421
7802	197
7803	130
7804	151
7805	157
7806	64
7807	188
7808	187
7809	200
7810	191
7811	26
7812	49
7813	66
7814	134
7815	112
7816	242
7817	165
7818	32
7819	45
7820	88
7821	283
7822	79
7823	186
7824	98
7825	229
7826	233
7827	50
7828	105
7829	102
7830	76
7831	63
7832	224
7833	27
7834	50
7835	85
7836	45
7837	31
7838	264
7839	721
7840	263
7841	689
7842	117
7843	65
7844	146
7845	42
7846	78
7847	33
7848	31
7849	65
7850	201
7851	390
7852	478
7853	271
7854	274
7855	565
7856	120
7857	391
7858	107
7859	120
7860	123
7861	108
7862	273
7863	126
7864	283
7865	261
7866	100
7867	178
7868	89
7869	161
7870	120
7871	122
7872	122
7873	49
7874	87
7875	263
7876	304
7877	175
7878	15
7879	207
7880	214
7881	123
7882	251
7883	335
7884	31
7885	116
7886	127
7887	154
7888	14
7889	176
7890	198
7891	36
7892	164
7893	228
7894	247
7895	94
7896	251
7897	306
7898	241
7899	245
7900	287
7901	331
7902	134
7903	139
7904	154
7905	161
7906	147
7907	146
7908	149
7909	337
7910	309
7911	136
7912	101
7913	61
7914	169
7915	112
7916	124
7917	109
7918	130
7919	71
7920	100
7921	110
7922	89
7923	18
7924	58
7925	96
7926	141
7927	160
7928	423
7929	98
7930	217
7931	71
7932	156
7933	177
7934	235
7935	398
7936	70
7937	137
7938	130
7939	147
7940	78
7941	45
7942	38
7943	86
7944	278
7945	16
7946	110
7947	70
7948	209
7949	159
7950	100
7951	120
7952	381
7953	315
7954	181
7955	481
7956	299
7957	357
7958	354
7959	309
7960	121
7961	140
7962	200
7963	261
7964	101
7965	577
7966	561
7967	23
7968	266
7969	111
7970	39
7971	242
7972	158
7973	69
7974	51
7975	103
7976	67
7977	83
7978	81
7979	187
7980	202
7981	58
7982	220
7983	218
7984	224
7985	221
7986	219
7987	372
7988	22
7989	224
7990	43
7991	78
7992	58
7993	90
7994	41
7995	124
7996	410
7997	243
7998	234
7999	211
8000	128
8001	180
8002	170
8003	217
8004	57
8005	88
8006	452
8007	139
8008	180
8009	1033
8010	80
8011	122
8012	181
8013	102
8014	112
8015	71
8016	56
8017	288
8018	354
8019	329
8020	108
8021	177
8022	108
8023	38
8024	191
8025	168
8026	226
8027	170
8028	496
8029	151
8030	131
8031	120
8032	162
8033	110
8034	274
8035	155
8036	172
8037	185
8038	39
8039	61
8040	77
8041	204
8042	63
8043	290
8044	58
8045	187
8046	48
8047	190
8048	38
8049	163
8050	21
8051	159
8052	349
8053	197
8054	205
8055	341
8056	68
8057	153
8058	115
8059	215
8060	265
8061	237
8062	169
8063	49
8064	35
8065	118
8066	158
8067	123
8068	144
8069	92
8070	105
8071	66
8072	52
8073	44
8074	137
8075	171
8076	324
8077	200
8078	222
8079	87
8080	141
8081	356
8082	102
8083	479
8084	138
8085	153
8086	183
8087	79
8088	164
8089	145
8090	136
8091	357
8092	213
8093	225
8094	348
8095	117
8096	140
8097	319
8098	334
8099	179
8100	190
8101	193
8102	172
8103	297
8104	262
8105	137
8106	340
8107	69
8108	135
8109	172
8110	107
8111	179
8112	303
8113	203
8114	116
8115	131
8116	185
8117	134
8118	187
8119	124
8120	194
8121	105
8122	202
8123	94
8124	138
8125	138
8126	493
8127	75
8128	70
8129	154
8130	43
8131	178
8132	112
8133	120
8134	37
8135	178
8136	116
8137	168
8138	233
8139	106
8140	244
8141	174
8142	141
8143	142
8144	107
8145	386
8146	238
8147	390
8148	377
8149	75
8150	232
8151	247
8152	152
8153	79
8154	160
8155	41
8156	172
8157	213
8158	190
8159	194
8160	135
8161	184
8162	151
8163	178
8164	168
8165	163
8166	186
8167	191
8168	132
8169	112
8170	133
8171	2
8172	361
8173	202
8174	185
8175	128
8176	89
8177	100
8178	63
8179	123
8180	141
8181	132
8182	155
8183	162
8184	50
8185	52
8186	68
8187	117
8188	258
8189	453
8190	125
8191	204
8192	208
8193	91
8194	88
8195	193
8196	45
8197	208
8198	307
8199	163
8200	179
8201	115
8202	159
8203	169
8204	356
8205	509
8206	97
8207	38
8208	123
8209	21
8210	130
8211	274
8212	221
8213	311
8214	195
8215	159
8216	286
8217	139
8218	224
8219	129
8220	189
8221	179
8222	191
8223	327
8224	157
8225	42
8226	15
8227	102
8228	242
8229	139
8230	247
8231	141
8232	260
8233	176
8234	216
8235	245
8236	263
8237	183
8238	194
8239	236
8240	96
8241	55
8242	31
8243	94
8244	233
8245	139
8246	188
8247	191
8248	120
8249	251
8250	173
8251	164
8252	52
8253	288
8254	107
8255	125
8256	122
8257	106
8258	134
8259	86
8260	303
8261	110
8262	145
8263	87
8264	412
8265	424
8266	62
8267	123
8268	109
8269	242
8270	143
8271	195
8272	301
8273	88
8274	136
8275	127
8276	96
8277	296
8278	255
8279	230
8280	249
8281	86
8282	81
8283	19
8284	185
8285	207
8286	180
8287	378
8288	72
8289	99
8290	117
8291	100
8292	195
8293	148
8294	142
8295	201
8296	127
8297	166
8298	112
8299	98
8300	168
8301	179
8302	323
8303	271
8304	346
8305	22
8306	107
8307	104
8308	124
8309	138
8310	127
8311	531
8312	152
8313	212
8314	57
8315	88
8316	205
8317	207
8318	209
8319	27
8320	42
8321	201
8322	866
8323	203
8324	89
8325	96
8326	218
8327	138
8328	119
8329	134
8330	144
8331	412
8332	54
8333	199
8334	159
8335	164
8336	123
8337	131
8338	143
8339	150
8340	156
8341	159
8342	154
8343	69
8344	92
8345	104
8346	79
8347	129
8348	53
8349	153
8350	40
8351	51
8352	233
8353	248
8354	61
8355	98
8356	152
8357	88
8358	112
8359	309
8360	22
8361	137
8362	146
8363	101
8364	91
8365	216
8366	197
8367	240
8368	205
8369	113
8370	246
8371	256
8372	192
8373	206
8374	200
8375	311
8376	182
8377	252
8378	109
8379	17
8380	135
8381	211
8382	82
8383	99
8384	106
8385	114
8386	163
8387	133
8388	151
8389	301
8390	25
8391	303
8392	86
8393	163
8394	149
8395	420
8396	135
8397	34
8398	70
8399	221
8400	70
8401	51
8402	220
8403	35
8404	109
8405	211
8406	229
8407	61
8408	80
8409	352
8410	149
8411	167
8412	207
8413	276
8414	249
8415	176
8416	243
8417	28
8418	365
8419	26
8420	41
8421	25
8422	111
8423	115
8424	129
8425	105
8426	154
8427	86
8428	188
8429	71
8430	167
8431	38
8432	151
8433	56
8434	65
8435	279
8436	284
8437	280
8438	188
8439	105
8440	259
8441	280
8442	286
8443	472
8444	134
8445	42
8446	153
8447	272
8448	128
8449	264
8450	178
8451	289
8452	169
8453	67
8454	254
8455	103
8456	249
8457	82
8458	123
8459	97
8460	126
8461	144
8462	172
8463	197
8464	216
8465	233
8466	236
8467	246
8468	116
8469	424
8470	423
8471	133
8472	55
8473	120
8474	73
8475	104
8476	30
8477	151
8478	147
8479	149
8480	169
8481	146
8482	179
8483	125
8484	187
8485	141
8486	158
8487	195
8488	84
8489	128
8490	175
8491	134
8492	137
8493	161
8494	134
8495	36
8496	36
8497	136
8498	106
8499	186
8500	143
8501	288
8502	66
8503	161
8504	18
8505	360
8506	98
8507	40
8508	365
8509	58
8510	79
8511	101
8512	362
8513	139
8514	152
8515	169
8516	178
8517	35
8518	49
8519	80
8520	93
8521	153
8522	71
8523	124
8524	440
8525	137
8526	155
8527	153
8528	189
8529	186
8530	402
8531	241
8532	349
8533	221
8534	340
8535	209
8536	343
8537	90
8538	73
8539	53
8540	33
8541	106
8542	101
8543	372
8544	271
8545	473
8546	317
8547	298
8548	357
8549	314
8550	111
8551	122
8552	60
8553	219
8554	94
8555	109
8556	217
8557	205
8558	129
8559	217
8560	271
8561	51
8562	468
8563	343
8564	153
8565	21
8566	62
8567	28
8568	62
8569	2649
8570	82
8571	1663
8572	63
8573	116
8574	52
8575	83
8576	148
8577	97
8578	216
8579	216
8580	108
8581	224
8582	207
8583	122
8584	201
8585	134
8586	146
8587	196
8588	59
8589	117
8590	99
8591	132
8592	133
8593	167
8594	68
8595	118
8596	87
8597	81
8598	204
8599	90
8600	191
8601	181
8602	199
8603	27
8604	71
8605	35
8606	56
8607	251
8608	38
8609	29
8610	416
8611	967
8612	47
8613	85
8614	42
8615	131
8616	188
8617	166
8618	279
8619	53
8620	85
8621	64
8622	100
8623	39
8624	95
8625	13
8626	205
8627	262
8628	265
8629	312
8630	165
8631	289
8632	293
8633	243
8634	85
8635	211
8636	107
8637	178
8638	229
8639	152
8640	166
8641	531
8642	46
8643	47
8644	312
8645	465
8646	189
8647	257
8648	194
8649	124
8650	104
8651	131
8652	71
8653	146
8654	57
8655	158
8656	40
8657	149
8658	24
8659	192
8660	150
8661	168
8662	141
8663	349
8664	309
8665	176
8666	197
8667	166
8668	155
8669	193
8670	222
8671	131
8672	136
8673	139
8674	115
8675	155
8676	142
8677	89
8678	329
8679	74
8680	52
8681	55
8682	391
8683	73
8684	359
8685	441
8686	93
8687	114
8688	447
8689	520
8690	44
8691	67
8692	88
8693	98
8694	181
8695	196
8696	114
8697	128
8698	135
8699	149
8700	164
8701	90
8702	279
8703	406
8704	176
8705	157
8706	95
8707	156
8708	73
8709	224
8710	247
8711	263
8712	33
8713	217
8714	253
8715	63
8716	97
8717	160
8718	20
8719	145
8720	38
8721	142
8722	59
8723	330
8724	280
8725	65
8726	139
8727	121
8728	84
8729	101
8730	115
8731	132
8732	102
8733	145
8734	101
8735	210
8736	160
8737	31
8738	51
8739	264
8740	242
8741	91
8742	106
8743	114
8744	108
8745	244
8746	143
8747	93
8748	137
8749	104
8750	484
8751	91
8752	29
8753	213
8754	62
8755	155
8756	47
8757	137
8758	185
8759	32
8760	374
8761	196
8762	132
8763	99
8764	248
8765	253
8766	259
8767	126
8768	174
8769	353
8770	59
8771	130
8772	118
8773	439
8774	181
8775	211
8776	295
8777	119
8778	121
8779	149
8780	133
8781	220
8782	101
8783	354
8784	116
8785	130
8786	229
8787	180
8788	172
8789	158
8790	287
8791	160
8792	228
8793	416
8794	228
8795	150
8796	150
8797	159
8798	285
8799	116
8800	247
8801	20
8802	191
8803	87
8804	28
8805	67
8806	258
8807	60
8808	27
8809	118
8810	162
8811	126
8812	110
8813	158
8814	143
8815	490
8816	411
8817	134
8818	225
8819	118
8820	227
8821	147
8822	97
8823	173
8824	189
8825	192
8826	30
8827	58
8828	165
8829	151
8830	114
8831	76
8832	128
8833	48
8834	141
8835	27
8836	276
8837	74
8838	91
8839	123
8840	107
8841	139
8842	192
8843	127
8844	55
8845	159
8846	161
8847	180
8848	148
8849	131
8850	46
8851	149
8852	87
8853	73
8854	74
8855	120
8856	139
8857	163
8858	137
8859	146
8860	77
8861	85
8862	273
8863	196
8864	265
8865	242
8866	229
8867	12
8868	117
8869	139
8870	108
8871	127
8872	113
8873	100
8874	123
8875	80
8876	183
8877	195
8878	197
8879	232
8880	194
8881	205
8882	95
8883	176
8884	131
8885	177
8886	156
8887	80
8888	46
8889	348
8890	67
8891	357
8892	316
8893	273
8894	309
8895	85
8896	152
8897	160
8898	166
8899	180
8900	301
8901	192
8902	267
8903	249
8904	297
8905	328
8906	215
8907	353
8908	47
8909	77
8910	151
8911	93
8912	129
8913	161
8914	37
8915	59
8916	80
8917	127
8918	88
8919	167
8920	49
8921	67
8922	249
8923	238
8924	404
8925	94
8926	175
8927	309
8928	18
8929	233
8930	39
8931	22
8932	18
8933	44
8934	6
8935	8
8936	100
8937	162
8938	120
8939	90
8940	364
8941	9
8942	184
8943	193
8944	207
8945	85
8946	320
8947	255
8948	418
8949	41
8950	25
8951	120
8952	204
8953	45
8954	207
8955	69
8956	210
8957	57
8958	35
8959	188
8960	83
8961	68
8962	193
8963	229
8964	145
8965	117
8966	95
8967	82
8968	65
8969	131
8970	106
8971	95
8972	115
8973	82
8974	163
8975	192
8976	214
8977	228
8978	146
8979	123
8980	245
8981	265
8982	263
8983	273
8984	253
8985	256
8986	253
8987	263
8988	332
8989	338
8990	139
8991	238
8992	151
8993	228
8994	163
8995	222
8996	171
8997	223
8998	22
8999	435
9000	245
9001	161
9002	153
9003	137
9004	206
9005	56
9006	190
9007	197
9008	41
9009	139
9010	161
9011	68
9012	167
9013	128
9014	185
9015	267
9016	540
9017	523
9018	248
9019	22
9020	42
9021	243
9022	57
9023	242
9024	80
9025	237
9026	95
9027	232
9028	143
9029	156
9030	157
9031	37
9032	60
9033	77
9034	182
9035	193
9036	209
9037	225
9038	226
9039	106
9040	129
9041	224
9042	162
9043	38
9044	55
9045	94
9046	111
9047	94
9048	25
9049	97
9050	149
9051	198
9052	203
9053	101
9054	192
9055	140
9056	44
9057	265
9058	216
9059	107
9060	209
9061	123
9062	205
9063	130
9064	142
9065	343
9066	301
9067	321
9068	146
9069	134
9070	199
9071	107
9072	528
9073	52
9074	98
9075	168
9076	118
9077	41
9078	217
9079	157
9080	176
9081	181
9082	199
9083	189
9084	182
9085	103
9086	172
9087	121
9088	151
9089	133
9090	136
9091	136
9092	114
9093	181
9094	63
9095	94
9096	404
9097	118
9098	120
9099	244
9100	129
9101	234
9102	132
9103	237
9104	146
9105	243
9106	117
9107	583
9108	164
9109	485
9110	245
9111	243
9112	616
9113	590
9114	98
9115	332
9116	141
9117	141
9118	133
9119	207
9120	231
9121	274
9122	276
9123	117
9124	144
9125	154
9126	83
9127	285
9128	115
9129	124
9130	17
9131	443
9132	303
9133	163
9134	362
9135	224
9136	284
9137	116
9138	471
9139	115
9140	303
9141	69
9142	302
9143	53
9144	20
9145	188
9146	199
9147	141
9148	106
9149	41
9150	128
9151	25
9152	118
9153	9
9154	166
9155	319
9156	132
9157	286
9158	147
9159	104
9160	41
9161	61
9162	164
9163	186
9164	185
9165	147
9166	149
9167	147
9168	79
9169	102
9170	193
9171	206
9172	283
9173	318
9174	37
9175	109
9176	75
9177	64
9178	211
9179	209
9180	65
9181	227
9182	83
9183	216
9184	101
9185	209
9186	118
9187	201
9188	133
9189	199
9190	151
9191	200
9192	168
9193	193
9194	173
9195	174
9196	222
9197	353
9198	262
9199	170
9200	201
9201	186
9202	174
9203	135
9204	149
9205	120
9206	73
9207	55
9208	166
9209	69
9210	163
9211	149
9212	293
9213	302
9214	167
9215	144
9216	99
9217	136
9218	90
9219	167
9220	224
9221	213
9222	229
9223	161
9224	100
9225	158
9226	73
9227	163
9228	28
9229	199
9230	257
9231	27
9232	142
9233	325
9234	22
9235	42
9236	55
9237	67
9238	83
9239	106
9240	99
9241	207
9242	76
9243	94
9244	125
9245	132
9246	42
9247	163
9248	617
9249	125
9250	173
9251	348
9252	110
9253	42
9254	98
9255	245
9256	128
9257	460
9258	218
9259	114
9260	51
9261	222
9262	20
9263	18
9264	19
9265	58
9266	84
9267	78
9268	48
9269	110
9270	132
9271	136
9272	143
9273	88
9274	98
9275	291
9276	115
9277	134
9278	140
9279	95
9280	315
9281	115
9282	345
9283	200
9284	154
9285	155
9286	149
9287	64
9288	9
9289	293
9290	167
9291	231
9292	125
9293	531
9294	82
9295	159
9296	60
9297	323
9298	378
9299	156
9300	169
9301	19
9302	167
9303	38
9304	153
9305	59
9306	43
9307	129
9308	114
9309	66
9310	134
9311	174
9312	180
9313	181
9314	171
9315	169
9316	154
9317	148
9318	114
9319	81
9320	70
9321	144
9322	90
9323	271
9324	286
9325	98
9326	251
9327	208
9328	112
9329	83
9330	207
9331	79
9332	56
9333	317
9334	321
9335	143
9336	613
9337	279
9338	309
9339	150
9340	37
9341	18
9342	218
9343	234
9344	210
9345	120
9346	72
9347	211
9348	193
9349	108
9350	192
9351	8
9352	223
9353	204
9354	219
9355	191
9356	45
9357	55
9358	56
9359	41
9360	163
9361	150
9362	61
9363	244
9364	330
9365	115
9366	118
9367	184
9368	191
9369	194
9370	30
9371	48
9372	76
9373	89
9374	100
9375	185
9376	87
9377	163
9378	101
9379	171
9380	47
9381	238
9382	220
9383	117
9384	86
9385	93
9386	104
9387	85
9388	125
9389	67
9390	190
9391	48
9392	83
9393	114
9394	133
9395	145
9396	192
9397	154
9398	216
9399	90
9400	126
9401	20
9402	27
9403	31
9404	204
9405	198
9406	165
9407	173
9408	65
9409	103
9410	34
9411	69
9412	114
9413	156
9414	186
9415	199
9416	279
9417	64
9418	163
9419	186
9420	187
9421	191
9422	204
9423	594
9424	123
9425	243
9426	427
9427	90
9428	92
9429	108
9430	135
9431	469
9432	654
9433	677
9434	55
9435	166
9436	174
9437	34
9438	176
9439	83
9440	151
9441	88
9442	207
9443	77
9444	214
9445	56
9446	201
9447	36
9448	193
9449	18
9450	164
9451	174
9452	91
9453	354
9454	19
9455	33
9456	202
9457	25
9458	177
9459	160
9460	153
9461	271
9462	293
9463	286
9464	116
9465	554
9466	159
9467	530
9468	450
9469	135
9470	26
9471	66
9472	149
9473	160
9474	134
9475	153
9476	116
9477	163
9478	74
9479	492
9480	148
9481	250
9482	370
9483	110
9484	145
9485	96
9486	153
9487	79
9488	164
9489	63
9490	166
9491	43
9492	157
9493	162
9494	161
9495	48
9496	95
9497	61
9498	214
9499	54
9500	48
9501	143
9502	115
9503	91
9504	156
9505	94
9506	113
9507	32
9508	77
9509	137
9510	141
9511	108
9512	104
9513	181
9514	101
9515	174
9516	98
9517	95
9518	143
9519	67
9520	131
9521	159
9522	140
9523	260
9524	70
9525	72
9526	87
9527	55
9528	37
9529	313
9530	43
9531	46
9532	176
9533	27
9534	45
9535	148
9536	58
9537	78
9538	100
9539	249
9540	205
9541	55
9542	26
9543	45
9544	144
9545	58
9546	159
9547	288
9548	158
9549	168
9550	181
9551	192
9552	203
9553	41
9554	109
9555	67
9556	73
9557	47
9558	362
9559	130
9560	109
9561	130
9562	105
9563	311
9564	116
9565	272
9566	347
9567	57
9568	124
9569	99
9570	77
9571	266
9572	186
9573	259
9574	265
9575	203
9576	262
9577	47
9578	70
9579	59
9580	115
9581	22
9582	66
9583	138
9584	164
9585	271
9586	199
9587	211
9588	97
9589	256
9590	997
9591	211
9592	213
9593	216
9594	619
9595	1853
9596	31
9597	129
9598	280
9599	150
9600	280
9601	361
9602	472
9603	152
9604	32
9605	103
9606	77
9607	296
9608	194
9609	124
9610	239
9611	139
9612	526
9613	38
9614	109
9615	98
9616	22
9617	95
9618	130
9619	50
9620	53
9621	161
9622	162
9623	134
9624	271
9625	206
9626	97
9627	63
9628	269
9629	126
9630	239
9631	193
9632	88
9633	102
9634	93
9635	130
9636	69
9637	43
9638	43
9639	54
9640	25
9641	42
9642	45
9643	66
9644	22
9645	60
9646	86
9647	34
9648	48
9649	277
9650	155
9651	137
9652	96
9653	330
9654	104
9655	71
9656	117
9657	133
9658	96
9659	25
9660	96
9661	12
9662	53
9663	109
9664	280
9665	192
9666	85
9667	101
9668	119
9669	246
9670	73
9671	103
9672	54
9673	131
9674	100
9675	44
9676	69
9677	129
9678	117
9679	31
9680	206
9681	35
9682	162
9683	267
9684	120
9685	267
9686	109
9687	139
9688	151
9689	168
9690	262
9691	102
9692	112
9693	198
9694	131
9695	39
9696	160
9697	132
9698	81
9699	200
9700	205
9701	139
9702	331
9703	231
9704	178
9705	257
9706	41
9707	158
9708	178
9709	156
9710	55
9711	251
9712	159
9713	91
9714	69
9715	78
9716	82
9717	59
9718	97
9719	70
9720	146
9721	103
9722	114
9723	339
9724	187
9725	27
9726	109
9727	330
9728	121
9729	131
9730	27
9731	127
9732	137
9733	63
9734	284
9735	229
9736	218
9737	210
9738	198
9739	202
9740	119
9741	246
9742	174
9743	189
9744	93
9745	45
9746	131
9747	41
9748	132
9749	308
9750	282
9751	129
9752	273
9753	451
9754	108
9755	216
9756	113
9757	200
9758	37
9759	8
9760	29
9761	19
9762	4
9763	195
9764	261
9765	171
9766	96
9767	45
9768	113
9769	304
9770	274
9771	187
9772	90
9773	228
9774	241
9775	173
9776	177
9777	237
9778	96
9779	184
9780	232
9781	195
9782	227
9783	204
9784	190
9785	252
9786	31
9787	166
9788	168
9789	48
9790	252
9791	71
9792	252
9793	28
9794	11
9795	393
9796	27
9797	42
9798	33
9799	555
9800	77
9801	74
9802	132
9803	106
9804	153
9805	173
9806	87
9807	158
9808	170
9809	180
9810	182
9811	506
9812	372
9813	125
9814	331
9815	144
9816	153
9817	151
9818	64
9819	42
9820	21
9821	135
9822	150
9823	162
9824	180
9825	204
9826	117
9827	112
9828	123
9829	56
9830	130
9831	159
9832	159
9833	99
9834	214
9835	262
9836	158
9837	335
9838	71
9839	275
9840	134
9841	330
9842	71
9843	222
9844	108
9845	195
9846	136
9847	60
9848	140
9849	42
9850	78
9851	207
9852	15
9853	181
9854	91
9855	82
9856	106
9857	164
9858	168
9859	252
9860	117
9861	171
9862	165
9863	101
9864	376
9865	1025
9866	376
9867	240
9868	241
9869	373
9870	259
9871	222
9872	81
9873	121
9874	26
9875	428
9876	299
9877	126
9878	102
9879	122
9880	113
9881	96
9882	141
9883	164
9884	74
9885	177
9886	59
9887	290
9888	231
9889	74
9890	84
9891	54
9892	163
9893	92
9894	143
9895	194
9896	394
9897	114
9898	130
9899	105
9900	221
9901	176
9902	128
9903	154
9904	213
9905	70
9906	190
9907	642
9908	206
9909	161
9910	212
9911	142
9912	213
9913	127
9914	189
9915	175
9916	238
9917	26
9918	42
9919	68
9920	228
9921	173
9922	169
9923	196
9924	146
9925	45
9926	49
9927	29
9928	64
9929	154
9930	108
9931	163
9932	90
9933	68
9934	57
9935	144
9936	93
9937	67
9938	95
9939	138
9940	31
9941	121
9942	70
9943	27
9944	36
9945	50
9946	189
9947	139
9948	157
9949	201
9950	114
9951	73
9952	37
9953	209
9954	112
9955	37
9956	217
9957	121
9958	221
9959	99
9960	161
9961	209
9962	149
9963	406
9964	134
9965	127
9966	146
9967	202
9968	366
9969	273
9970	143
9971	107
9972	120
9973	125
9974	138
9975	115
9976	145
9977	105
9978	169
9979	71
9980	122
9981	189
9982	134
9983	188
9984	74
9985	29
9986	70
9987	63
9988	287
9989	75
9990	165
9991	48
9992	44
9993	167
9994	57
9995	37
9996	173
9997	21
9998	155
9999	70
10000	153
10001	94
10002	138
10003	124
10004	19
10005	72
10006	25
10007	62
10008	61
10009	75
10010	110
10011	46
10012	30
10013	56
10014	78
10015	105
10016	137
10017	148
10018	165
10019	65
10020	41
10021	18
10022	167
10023	123
10024	155
10025	458
10026	181
10027	73
10028	146
10029	142
10030	82
10031	183
10032	166
10033	136
10034	168
10035	143
10036	148
10037	245
10038	158
10039	233
10040	201
10041	171
10042	151
10043	36
10044	70
10045	207
10046	154
10047	212
10048	96
10049	143
10050	76
10051	37
10052	49
10053	67
10054	201
10055	209
10056	195
10057	149
10058	193
10059	92
10060	88
10061	68
10062	210
10063	72
10064	239
10065	146
10066	149
10067	165
10068	146
10069	215
10070	84
10071	296
10072	198
10073	949
10074	102
10075	107
10076	64
10077	144
10078	154
10079	162
10080	194
10081	246
10082	29
10083	85
10084	40
10085	65
10086	56
10087	52
10088	75
10089	37
10090	79
10091	78
10092	182
10093	135
10094	100
10095	71
10096	166
10097	29
10098	164
10099	84
10100	109
10101	157
10102	116
10103	150
10104	129
10105	190
10106	182
10107	325
10108	74
10109	174
10110	132
10111	168
10112	240
10113	257
10114	197
10115	19
10116	177
10117	22
10118	159
10119	144
10120	103
10121	22
10122	18
10123	58
10124	18
10125	39
10126	26
10127	214
10128	187
10129	111
10130	63
10131	95
10132	324
10133	105
10134	332
10135	105
10136	326
10137	48
10138	132
10139	141
10140	31
10141	44
10142	25
10143	278
10144	90
10145	101
10146	395
10147	81
10148	129
10149	125
10150	155
10151	111
10152	117
10153	303
10154	152
10155	40
10156	89
10157	304
10158	106
10159	60
10160	195
10161	106
10162	32
10163	96
10164	235
10165	79
10166	79
10167	59
10168	199
10169	91
10170	174
10171	153
10172	110
10173	185
10174	128
10175	173
10176	114
10177	187
10178	103
10179	92
10180	192
10181	201
10182	78
10183	208
10184	61
10185	220
10186	40
10187	37
10188	61
10189	212
10190	106
10191	214
10192	42
10193	215
10194	61
10195	78
10196	201
10197	95
10198	189
10199	113
10200	188
10201	134
10202	173
10203	535
10204	94
10205	128
10206	67
10207	140
10208	151
10209	226
10210	47
10211	21
10212	154
10213	162
10214	171
10215	181
10216	57
10217	78
10218	89
10219	142
10220	213
10221	19
10222	103
10223	92
10224	73
10225	145
10226	151
10227	161
10228	172
10229	207
10230	157
10231	169
10232	191
10233	137
10234	82
10235	102
10236	125
10237	169
10238	34
10239	11
10240	35
10241	0
10242	0
10243	88
10244	91
10245	3
10246	88
10247	163
10248	81
10249	163
10250	58
10251	99
10252	111
10253	86
10254	107
10255	71
10256	107
10257	109
10258	107
10259	58
10260	102
10261	96
10262	86
10263	165
10264	173
10265	27
10266	16
10267	95
10268	109
10269	129
10270	55
10271	174
10272	502
10273	156
10274	266
10275	216
10276	103
10277	102
10278	118
10279	59
10280	47
10281	130
10282	24
10283	183
10284	166
10285	150
10286	86
10287	171
10288	151
10289	140
10290	160
10291	124
10292	352
10293	148
10294	102
10295	113
10296	231
10297	165
10298	168
10299	16
10300	23
10301	34
10302	125
10303	143
10304	60
10305	36
10306	22
10307	175
10308	73
10309	17
10310	190
10311	182
10312	58
10313	185
10314	39
10315	197
10316	101
10317	153
10318	103
10319	160
10320	87
10321	171
10322	65
10323	182
10324	45
10325	149
10326	145
10327	69
10328	243
10329	126
10330	50
10331	429
10332	122
10333	144
10334	453
10335	185
10336	138
10337	307
10338	295
10339	365
10340	154
10341	55
10342	51
10343	39
10344	71
10345	21
10346	88
10347	94
10348	134
10349	102
10350	63
10351	165
10352	16
10353	184
10354	38
10355	277
10356	118
10357	149
10358	128
10359	196
10360	198
10361	84
10362	69
10363	71
10364	76
10365	51
10366	153
10367	312
10368	448
10369	208
10370	181
10371	171
10372	136
10373	149
10374	17
10375	50
10376	160
10377	482
10378	148
10379	128
10380	167
10381	97
10382	60
10383	33
10384	6
10385	13
10386	11
10387	17
10388	19
10389	125
10390	24
10391	82
10392	58
10393	199
10394	47
10395	30
10396	68
10397	87
10398	73
10399	52
10400	16
10401	195
10402	174
10403	181
10404	185
10405	208
10406	127
10407	165
10408	325
10409	143
10410	93
10411	40
10412	231
10413	76
10414	230
10415	103
10416	105
10417	491
10418	401
10419	175
10420	280
10421	112
10422	159
10423	76
10424	98
10425	46
10426	83
10427	327
10428	106
10429	134
10430	221
10431	211
10432	196
10433	168
10434	154
10435	99
10436	163
10437	81
10438	76
10439	172
10440	184
10441	194
10442	208
10443	213
10444	27
10445	215
10446	20
10447	162
10448	117
10449	137
10450	24
10451	65
10452	211
10453	62
10454	101
10455	92
10456	72
10457	105
10458	140
10459	54
10460	167
10461	256
10462	255
10463	239
10464	139
10465	189
10466	67
10467	414
10468	320
10469	65
10470	16
10471	240
10472	185
10473	5
10474	20
10475	89
10476	456
10477	113
10478	117
10479	138
10480	57
10481	91
10482	590
10483	102
10484	468
10485	146
10486	133
10487	22
10488	178
10489	43
10490	172
10491	156
10492	66
10493	140
10494	90
10495	202
10496	519
10497	243
10498	152
10499	106
10500	252
10501	96
10502	55
10503	217
10504	27
10505	101
10506	149
10507	222
10508	446
10509	22
10510	56
10511	65
10512	228
10513	20
10514	25
10515	51
10516	67
10517	92
10518	107
10519	68
10520	67
10521	21
10522	110
10523	137
10524	174
10525	199
10526	138
10527	66
10528	47
10529	258
10530	223
10531	300
10532	164
10533	251
10534	440
10535	436
10536	30
10537	49
10538	65
10539	82
10540	225
10541	274
10542	177
10543	26
10544	63
10545	494
10546	236
10547	274
10548	93
10549	82
10550	69
10551	107
10552	50
10553	176
10554	50
10555	72
10556	163
10557	173
10558	157
10559	34
10560	357
10561	233
10562	55
10563	365
10564	89
10565	201
10566	31
10567	87
10568	107
10569	128
10570	81
10571	145
10572	89
10573	122
10574	207
10575	110
10576	174
10577	56
10578	72
10579	47
10580	76
10581	99
10582	28
10583	77
10584	114
10585	627
10586	93
10587	405
10588	165
10589	32
10590	192
10591	22
10592	35
10593	33
10594	153
10595	115
10596	160
10597	172
10598	190
10599	36
10600	55
10601	175
10602	275
10603	289
10604	150
10605	112
10606	25
10607	77
10608	26
10609	124
10610	90
10611	142
10612	78
10613	151
10614	61
10615	169
10616	39
10617	159
10618	18
10619	148
10620	31
10621	44
10622	148
10623	20
10624	138
10625	54
10626	65
10627	85
10628	52
10629	105
10630	39
10631	72
10632	77
10633	259
10634	57
10635	158
10636	127
10637	118
10638	232
10639	89
10640	62
10641	96
10642	105
10643	180
10644	71
10645	91
10646	139
10647	52
10648	76
10649	126
10650	173
10651	120
10652	243
10653	131
10654	64
10655	146
10656	181
10657	155
10658	155
10659	186
10660	142
10661	147
10662	177
10663	24
10664	171
10665	41
10666	109
10667	112
10668	122
10669	100
10670	217
10671	36
10672	164
10673	62
10674	63
10675	79
10676	43
10677	101
10678	24
10679	108
10680	94
10681	38
10682	81
10683	89
10684	197
10685	114
10686	206
10687	169
10688	162
10689	92
10690	44
10691	28
10692	131
10693	85
10694	121
10695	98
10696	105
10697	113
10698	125
10699	264
10700	271
10701	62
10702	161
10703	87
10704	23
10705	101
10706	123
10707	158
10708	117
10709	176
10710	292
10711	179
10712	308
10713	111
10714	60
10715	105
10716	77
10717	23
10718	164
10719	130
10720	19
10721	126
10722	38
10723	109
10724	51
10725	91
10726	71
10727	110
10728	118
10729	81
10730	72
10731	167
10732	32
10733	141
10734	140
10735	213
10736	219
10737	59
10738	238
10739	44
10740	29
10741	2993
10742	95
10743	149
10744	31
10745	164
10746	32
10747	440
10748	41
10749	54
10750	19
10751	128
10752	68
10753	110
10754	84
10755	100
10756	140
10757	111
10758	27
10759	112
10760	39
10761	91
10762	112
10763	64
10764	109
10765	158
10766	180
10767	225
10768	526
10769	111
10770	1287
10771	20
10772	12
10773	32
10774	166
10775	174
10776	185
10777	62
10778	155
10779	80
10780	140
10781	97
10782	132
10783	31
10784	148
10785	39
10786	127
10787	334
10788	138
10789	352
10790	175
10791	188
10792	105
10793	71
10794	56
10795	67
10796	53
10797	36
10798	86
10799	1085
10800	111
10801	30
10802	46
10803	631
10804	74
10805	113
10806	124
10807	79
10808	188
10809	102
10810	182
10811	122
10812	165
10813	189
10814	388
10815	85
10816	195
10817	160
10818	188
10819	62
10820	206
10821	191
10822	178
10823	181
10824	200
10825	163
10826	81
10827	133
10828	27
10829	97
10830	136
10831	202
10832	801
10833	79
10834	147
10835	163
10836	1169
10837	48
10838	147
10839	67
10840	135
10841	206
10842	55
10843	54
10844	49
10845	184
10846	112
10847	456
10848	29
10849	135
10850	41
10851	123
10852	65
10853	109
10854	164
10855	111
10856	125
10857	97
10858	37
10859	185
10860	280
10861	33
10862	129
10863	117
10864	49
10865	161
10866	149
10867	111
10868	38
10869	127
10870	283
10871	198
10872	112
10873	351
10874	44
10875	92
10876	115
10877	217
10878	75
10879	54
10880	318
10881	1188
10882	29
10883	74
10884	39
10885	1739
10886	18
10887	91
10888	52
10889	75
10890	73
10891	54
10892	87
10893	71
10894	74
10895	245
10896	248
10897	236
10898	249
10899	154
10900	194
10901	50
10902	265
10903	227
10904	109
10905	207
10906	26
10907	51
10908	25
10909	43
10910	200
10911	77
10912	570
10913	337
10914	146
10915	157
10916	74
10917	97
10918	178
10919	194
10920	62
10921	88
10922	61
10923	140
10924	86
10925	111
10926	139
10927	269
10928	1143
10929	168
10930	36
10931	165
10932	161
10933	30
10934	40
10935	46
10936	22
10937	353
10938	110
10939	140
10940	105
10941	189
10942	238
10943	198
10944	288
10945	94
10946	275
10947	202
10948	110
10949	121
10950	881
10951	81
10952	97
10953	105
10954	104
10955	148
10956	16
10957	60
10958	40
10959	24
10960	584
10961	749
10962	65
10963	82
10964	23
10965	205
10966	104
10967	36
10968	206
10969	83
10970	128
10971	176
10972	36
10973	213
10974	60
10975	219
10976	707
10977	87
10978	224
10979	205
10980	20
10981	366
10982	40
10983	378
10984	385
10985	16
10986	46
10987	114
10988	224
10989	132
10990	210
10991	61
10992	1373
10993	117
10994	1644
10995	37
10996	30
10997	81
10998	554
10999	52
11000	301
11001	69
11002	309
11003	92
11004	313
11005	117
11006	310
11007	54
11008	41
11009	23
