N	intv-unc{[B]}	sct3-unc_{[B]}	sct3-unc_{[us]}	sada-unc_{[B]}	sada-unc_{[us]}	intv-suc{[B]}	sct3-suc_{[B]}	sct3-suc_{[us]}	sada-suc_{[B]}	sada-suc_{[us]}
15000	120009	69574	431314	64917	277681	26265	69574	448183	64917	294634	
30000	240009	142853	276335	109780	271872	52513	142853	291044	109780	296153	
45000	360009	215868	379377	163434	388709	78761	215868	402817	163434	394103	
60000	480009	294939	466376	214097	475433	105009	294939	485169	214097	482267	
75000	600009	367795	559224	258944	578383	131265	367795	575336	258944	579248	
90000	720009	451538	657672	299934	671150	157513	451538	683817	299934	678869	
105000	840009	539009	811314	340709	838078	183761	539009	813130	340709	831174	
120000	960009	616641	955878	380204	968245	210009	616641	963542	380204	978889	
135000	1080009	697496	1.08542e+06	422514	1.09439e+06	236265	697496	1.08782e+06	422514	1.09422e+06	
150000	1200009	774039	1.19686e+06	461777	1.20518e+06	262513	774039	1.18349e+06	461777	1.20048e+06	
165000	1320009	850599	1.28262e+06	500168	1.31434e+06	288761	850599	1.28161e+06	500168	1.30846e+06	
180000	1440009	926166	1.38122e+06	537366	1.4096e+06	315009	926166	1.38188e+06	537366	1.41115e+06	
195000	1560009	1001573	1.49479e+06	575309	1.51121e+06	341265	1001573	1.48448e+06	575309	1.51105e+06	
210000	1680009	1075941	1.57704e+06	611460	1.61748e+06	367513	1075941	1.57378e+06	611460	1.62038e+06	
225000	1800009	1148404	1.67319e+06	645450	1.72032e+06	393761	1148404	1.67919e+06	645450	1.71811e+06	
240000	1920009	1221307	1.77592e+06	680257	1.83562e+06	420009	1221307	1.76419e+06	680257	1.81571e+06	
255000	2040009	1294043	1.89088e+06	714832	1.91834e+06	446265	1294043	1.86111e+06	714832	1.91025e+06	
270000	2160009	1370586	1.97202e+06	754086	2.02268e+06	472513	1370586	1.96336e+06	754086	1.99448e+06	
285000	2280009	1441705	2.07965e+06	787413	2.11879e+06	498761	1441705	2.07638e+06	787413	2.1018e+06	
300000	2400009	1512601	2.15621e+06	819996	2.215e+06	525009	1512601	2.14513e+06	819996	2.19832e+06	
315000	2520009	1585320	2.29066e+06	855098	2.33327e+06	551265	1585320	2.25531e+06	855098	2.31106e+06	
330000	2640009	1651719	2.38867e+06	882689	2.44406e+06	577513	1651719	2.34869e+06	882689	2.4057e+06	
345000	2760009	1721071	2.47784e+06	914272	2.53206e+06	603761	1721071	2.44508e+06	914272	2.50215e+06	
360000	2880009	1790486	2.55387e+06	945078	2.62401e+06	630009	1790486	2.5304e+06	945078	2.58812e+06	
375000	3000009	1857557	2.68293e+06	974773	2.76901e+06	656265	1857557	2.65548e+06	974773	2.7476e+06	
390000	3120009	1925221	2.7971e+06	1003956	2.86495e+06	682513	1925221	2.75296e+06	1003956	2.83446e+06	
405000	3240009	1991084	2.91799e+06	1031642	3.0008e+06	708761	1991084	2.87085e+06	1031642	2.9396e+06	
420000	3360009	2059435	3.0471e+06	1062281	3.11594e+06	735009	2059435	2.9861e+06	1062281	3.08792e+06	
435000	3480009	2124579	3.14968e+06	1089960	3.2152e+06	761265	2124579	3.1163e+06	1089960	3.16304e+06	
450000	3600009	2188802	3.26127e+06	1115398	3.33496e+06	787513	2188802	3.21692e+06	1115398	3.2962e+06	
465000	3720009	2252897	3.39855e+06	1140965	3.48768e+06	813761	2252897	3.33398e+06	1140965	3.40839e+06	
480000	3840009	2316721	3.46207e+06	1167324	3.55283e+06	840009	2316721	3.414e+06	1167324	3.44464e+06	
495000	3960009	2381008	3.57741e+06	1193538	3.63744e+06	866265	2381008	3.53414e+06	1193538	3.57899e+06	
510000	4080009	2445039	3.67399e+06	1218833	3.77172e+06	892513	2445039	3.63104e+06	1218833	3.7484e+06	
525000	4200009	2515303	3.8671e+06	1250128	3.91932e+06	918761	2515303	3.74473e+06	1250128	3.86595e+06	
540000	4320009	2578262	3.94859e+06	1277846	4.02228e+06	945009	2578262	3.85223e+06	1277846	3.91719e+06	
555000	4440009	2641149	4.05408e+06	1301501	4.14484e+06	971265	2641149	3.95806e+06	1301501	4.06944e+06	
570000	4560009	2702677	4.14326e+06	1325996	4.25152e+06	997513	2702677	4.10341e+06	1325996	4.17415e+06	
585000	4680009	2766036	4.27666e+06	1350185	4.33861e+06	1023761	2766036	4.14972e+06	1350185	4.28608e+06	
600000	4800009	2828219	4.36103e+06	1376025	4.45092e+06	1050009	2828219	4.30186e+06	1376025	4.41096e+06	
615000	4920009	2888907	4.67501e+06	1397936	4.79545e+06	1076265	2888907	4.6508e+06	1397936	4.74478e+06	
630000	5040009	2959354	4.83494e+06	1429629	4.90839e+06	1102513	2959354	4.74398e+06	1429629	4.86146e+06	
645000	5160009	3011617	4.90795e+06	1443669	5.07812e+06	1128761	3011617	4.83503e+06	1443669	4.96911e+06	
660000	5280009	3073449	5.0809e+06	1467076	5.18221e+06	1155009	3073449	5.00746e+06	1467076	5.14381e+06	
675000	5400009	3135936	5.17927e+06	1491169	5.26588e+06	1181265	3135936	5.04688e+06	1491169	5.17779e+06	
690000	5520009	3193879	5.24486e+06	1512545	5.35291e+06	1207513	3193879	5.26328e+06	1512545	5.32687e+06	
705000	5640009	3254687	5.35372e+06	1533952	5.57042e+06	1233761	3254687	5.30515e+06	1533952	5.42115e+06	
720000	5760009	3314286	5.46145e+06	1555493	5.57824e+06	1260009	3314286	5.43167e+06	1555493	5.51404e+06	
735000	5880009	3375397	5.62322e+06	1579045	5.75765e+06	1286265	3375397	5.53364e+06	1579045	5.65755e+06	
750000	6000009	3435813	5.70588e+06	1601772	5.8033e+06	1312513	3435813	5.61844e+06	1601772	5.78721e+06	
765000	6120009	3494284	5.84092e+06	1622529	5.9863e+06	1338761	3494284	5.81252e+06	1622529	5.93442e+06	
780000	6240009	3553563	5.94518e+06	1644601	6.14036e+06	1365009	3553563	5.85946e+06	1644601	6.00113e+06	
795000	6360009	3612275	6.08814e+06	1664424	6.22834e+06	1391265	3612275	5.98962e+06	1664424	6.20235e+06	
810000	6480009	3673218	6.21438e+06	1686445	6.37113e+06	1417513	3673218	6.13256e+06	1686445	6.23608e+06	
825000	6600009	3729473	6.28081e+06	1705765	6.43077e+06	1443761	3729473	6.1934e+06	1705765	6.39644e+06	
840000	6720009	3788441	6.47094e+06	1727668	6.6368e+06	1470009	3788441	6.36494e+06	1727668	6.53765e+06	
855000	6840009	3848640	6.56803e+06	1747545	6.63116e+06	1496265	3848640	6.47959e+06	1747545	6.60502e+06	
870000	6960009	3905607	6.66851e+06	1767865	6.87742e+06	1522513	3905607	6.56046e+06	1767865	6.73051e+06	
885000	7080009	3963503	6.74859e+06	1787216	6.90509e+06	1548761	3963503	6.66192e+06	1787216	6.79561e+06	
900000	7200009	4022462	6.90388e+06	1807733	7.09252e+06	1575009	4022462	6.83642e+06	1807733	6.99413e+06	
915000	7320009	4079189	6.97618e+06	1828101	7.16063e+06	1601265	4079189	6.89304e+06	1828101	7.04664e+06	
930000	7440009	4136453	7.16952e+06	1845268	7.37069e+06	1627513	4136453	7.10911e+06	1845268	7.24376e+06	
945000	7560009	4022180	7.20994e+06	1694521	7.32491e+06	1653761	4022180	7.0999e+06	1694521	7.27616e+06	
960000	7680009	4250891	7.44683e+06	1883465	7.54239e+06	1680009	4250891	7.23387e+06	1883465	7.32641e+06	
975000	7800009	4308179	7.42093e+06	1904432	7.56005e+06	1706265	4308179	7.34731e+06	1904432	7.53518e+06	
990000	7920009	4366130	7.5798e+06	1922381	7.79733e+06	1732513	4366130	7.4825e+06	1922381	7.56112e+06	
1005000	8040009	4423345	7.71042e+06	1943805	7.85928e+06	1758761	4423345	7.63648e+06	1943805	7.74228e+06	
1020000	8160009	4481513	7.93166e+06	1962020	8.06878e+06	1785009	4481513	7.62779e+06	1962020	7.82999e+06	
1035000	8280009	4539008	7.94528e+06	1983545	8.09178e+06	1811265	4539008	7.96372e+06	1983545	7.97157e+06	
1050000	8400009	4606599	8.17746e+06	2009441	8.19252e+06	1837513	4606599	7.83464e+06	2009441	8.12586e+06	
1065000	8520009	4795967	8.30653e+06	2031352	8.49987e+06	1863761	4795967	8.11633e+06	2031352	8.20248e+06	
1080000	8640009	4865462	8.23863e+06	2055645	8.4306e+06	1890009	4865462	8.17561e+06	2055645	8.30106e+06	
1095000	8760009	4930325	8.56699e+06	2071293	8.64935e+06	1916265	4930325	8.22055e+06	2071293	8.45999e+06	
1110000	8880009	4985876	8.53436e+06	2081970	8.78929e+06	1942513	4985876	8.50838e+06	2081970	8.68515e+06	
1125000	9000009	5052979	8.69212e+06	2110657	8.77822e+06	1968761	5052979	8.53216e+06	2110657	8.70373e+06	
1140000	9120009	5130347	8.90416e+06	2128136	9.10832e+06	1995009	5130347	8.74042e+06	2128136	8.80455e+06	
1155000	9240009	5197754	8.81056e+06	2150430	9.10342e+06	2021265	5197754	8.7427e+06	2150430	8.96145e+06	
1170000	9360009	5264433	8.97102e+06	2168493	9.1799e+06	2047513	5264433	8.80984e+06	2168493	9.05192e+06	
1185000	9480009	5332401	9.13702e+06	2187308	9.40296e+06	2073761	5332401	8.99608e+06	2187308	9.14698e+06	
1200000	9600009	5399760	9.27224e+06	2209746	9.5209e+06	2100009	5399760	9.13355e+06	2209746	9.34454e+06	
1215000	9720009	5468647	9.59695e+06	2230113	9.5836e+06	2126265	5468647	9.17626e+06	2230113	9.44823e+06	
1230000	9840009	5533087	9.56316e+06	2245448	9.76049e+06	2152513	5533087	9.90064e+06	2245448	9.64699e+06	
1245000	9960009	5602910	9.63835e+06	2270214	9.8344e+06	2178761	5602910	9.6295e+06	2270214	9.89771e+06	
1260000	10080009	5682989	9.77748e+06	2302213	9.82852e+06	2205009	5682989	9.43859e+06	2302213	9.85207e+06	
1275000	10200009	5735765	9.9067e+06	2305476	1.01307e+07	2231265	5735765	9.68599e+06	2305476	9.79743e+06	
1290000	10320009	5802388	9.95584e+06	2328546	1.01406e+07	2257513	5802388	9.85297e+06	2328546	9.99071e+06	
1305000	10440009	5870099	1.01043e+07	2347217	1.02899e+07	2283761	5870099	9.94096e+06	2347217	1.01927e+07	
1320000	10560009	5937539	1.04733e+07	2365864	1.04411e+07	2310009	5937539	9.99665e+06	2365864	1.01579e+07	
1335000	10680009	6003810	1.03502e+07	2383126	1.05959e+07	2336265	6003810	1.04395e+07	2383126	1.0435e+07	
1350000	10800009	6072329	1.0339e+07	2408101	1.06741e+07	2362513	6072329	1.03994e+07	2408101	1.05326e+07	
1365000	10920009	6137785	1.07272e+07	2424580	1.07164e+07	2388761	6137785	1.03993e+07	2424580	1.0737e+07	
1380000	11040009	6205504	1.08506e+07	2443458	1.09285e+07	2415009	6205504	1.04541e+07	2443458	1.08467e+07	
1395000	11160009	6271775	1.08056e+07	2460785	1.12504e+07	2441265	6271775	1.06179e+07	2460785	1.08337e+07	
1410000	11280009	6338727	1.07681e+07	2484440	1.10429e+07	2467513	6338727	1.07928e+07	2484440	1.1104e+07	
1425000	11400009	6405766	1.09757e+07	2502302	1.11357e+07	2493761	6405766	1.09653e+07	2502302	1.14031e+07	
1440000	11520009	6472861	1.12137e+07	2520957	1.12976e+07	2520009	6472861	1.09481e+07	2520957	1.1249e+07	
1455000	11640009	6540629	1.15613e+07	2539268	1.18729e+07	2546265	6540629	1.11019e+07	2539268	1.14167e+07	
1470000	11760009	6606436	1.14027e+07	2559706	1.17436e+07	2572513	6606436	1.12975e+07	2559706	1.13515e+07	
1485000	11880009	6677187	1.14318e+07	2583529	1.16782e+07	2598761	6677187	1.14431e+07	2583529	1.17697e+07	
1500000	12000009	6740915	1.16208e+07	2599584	1.16518e+07	2625009	6740915	1.14372e+07	2599584	1.17067e+07	
1515000	12120009	6809282	1.19146e+07	2617518	1.20055e+07	2651265	6809282	1.15831e+07	2617518	1.17422e+07	
1530000	12240009	6875089	1.20658e+07	2636269	1.22356e+07	2677513	6875089	1.16172e+07	2636269	1.21962e+07	
1545000	12360009	6942793	1.2052e+07	2661172	1.23004e+07	2703761	6942793	1.19041e+07	2661172	1.20472e+07	
1560000	12480009	7010152	1.20555e+07	2678642	1.27127e+07	2730009	7010152	1.23966e+07	2678642	1.2453e+07	
1575000	12600009	7091119	1.20909e+07	2712137	1.25878e+07	2756265	7091119	1.23865e+07	2712137	1.26044e+07	
1590000	12720009	7143087	1.2363e+07	2715376	1.27001e+07	2782513	7143087	1.23206e+07	2715376	1.27204e+07	
1605000	12840009	7211134	1.25105e+07	2733838	1.28445e+07	2808761	7211134	1.2459e+07	2733838	1.28379e+07	
1620000	12960009	7279333	1.275e+07	2754309	1.28391e+07	2835009	7279333	1.22941e+07	2754309	1.30091e+07	
1635000	13080009	7346373	1.27759e+07	2777100	1.29542e+07	2861265	7346373	1.24097e+07	2777100	1.28345e+07	
1650000	13200009	7411748	1.31031e+07	2795674	1.32085e+07	2887513	7411748	1.25319e+07	2795674	1.29961e+07	
1665000	13320009	7478475	1.33983e+07	2813809	1.33468e+07	2913761	7478475	1.28845e+07	2813809	1.31045e+07	
1680000	13440009	7547187	1.33928e+07	2831952	1.40354e+07	2940009	7547187	1.31489e+07	2831952	1.31548e+07	
1695000	13560009	7614170	1.31618e+07	2852005	1.36124e+07	2966265	7614170	1.32008e+07	2852005	1.31427e+07	
1710000	13680009	7679537	1.33186e+07	2868989	1.40398e+07	2992513	7679537	1.32478e+07	2868989	1.34252e+07	
1725000	13800009	7748633	1.36588e+07	2893996	1.40288e+07	3018761	7748633	1.3565e+07	2893996	1.38915e+07	
1740000	13920009	7814920	1.36687e+07	2913641	1.4067e+07	3045009	7814920	1.35845e+07	2913641	1.4011e+07	
1755000	14040009	7883007	1.3644e+07	2933353	1.41358e+07	3071265	7883007	1.37995e+07	2933353	1.39849e+07	
1770000	14160009	7947567	1.37374e+07	2949280	1.41486e+07	3097513	7947567	1.46719e+07	2949280	1.42029e+07	
1785000	14280009	8015430	1.3934e+07	2966949	1.4299e+07	3123761	8015430	1.43119e+07	2966949	1.40997e+07	
1800000	14400009	8083461	1.40917e+07	2988085	1.44333e+07	3150009	8083461	1.40734e+07	2988085	1.42661e+07	
1815000	14520009	8149269	1.40687e+07	3012300	1.44289e+07	3176265	8149269	1.41152e+07	3012300	1.43318e+07	
1830000	14640009	8217804	1.42524e+07	3030113	1.48281e+07	3202513	8217804	1.46122e+07	3030113	1.48201e+07	
1845000	14760009	8284971	1.43884e+07	3050993	1.4861e+07	3228761	8284971	1.52929e+07	3050993	1.47232e+07	
1860000	14880009	8350347	1.45786e+07	3067832	1.51166e+07	3255009	8350347	1.47871e+07	3067832	1.51756e+07	
1875000	15000009	8416842	1.45666e+07	3085629	1.50983e+07	3281265	8416842	1.47637e+07	3085629	1.52021e+07	
1890000	15120009	8313233	1.47405e+07	2931853	1.5364e+07	3307513	8313233	1.48569e+07	2931853	1.48508e+07	
1905000	15240009	8551529	1.52038e+07	3123412	1.56474e+07	3333761	8551529	1.4889e+07	3123412	1.50432e+07	
1920000	15360009	8617360	1.50883e+07	3140585	1.56845e+07	3360009	8617360	1.53555e+07	3140585	1.51288e+07	
1935000	15480009	8687711	1.50709e+07	3167329	1.57692e+07	3386265	8687711	1.55894e+07	3167329	1.52398e+07	
1950000	15600009	8753775	1.56027e+07	3185752	1.59687e+07	3412513	8753775	1.55712e+07	3185752	1.55864e+07	
1965000	15720009	8820446	1.59469e+07	3205765	1.61714e+07	3438761	8820446	1.5434e+07	3205765	1.55911e+07	
1980000	15840009	8886677	1.62473e+07	3223757	1.64362e+07	3465009	8886677	1.51698e+07	3223757	1.57279e+07	
1995000	15960009	8953165	1.61399e+07	3241684	1.64633e+07	3491265	8953165	1.53843e+07	3241684	1.63669e+07	
2010000	16080009	9022628	1.61888e+07	3260377	1.62548e+07	3517513	9022628	1.57715e+07	3260377	1.65967e+07	
2025000	16200009	9091251	1.61047e+07	3282913	1.6327e+07	3543761	9091251	1.61411e+07	3282913	1.66856e+07	
2040000	16320009	9155187	1.58996e+07	3298312	1.64531e+07	3570009	9155187	1.63698e+07	3298312	1.64129e+07	
2055000	16440009	9221666	1.61106e+07	3320237	1.67775e+07	3596265	9221666	1.60166e+07	3320237	1.63545e+07	
2070000	16560009	9291009	1.65495e+07	3342629	1.71518e+07	3622513	9291009	1.67362e+07	3342629	1.66335e+07	
2085000	16680009	9356905	1.66964e+07	3362740	1.69768e+07	3648761	9356905	1.65432e+07	3362740	1.64568e+07	
2100000	16800009	9441728	1.73529e+07	3395169	1.72346e+07	3675009	9441728	1.64417e+07	3395169	1.69922e+07	
2115000	16920009	9508039	1.74541e+07	3420881	1.73937e+07	3701265	9508039	1.68299e+07	3420881	1.74263e+07	
2130000	17040009	9575951	1.69206e+07	3440320	1.75145e+07	3727513	9575951	1.71118e+07	3440320	1.72078e+07	
2145000	17160009	9645622	1.72187e+07	3458765	1.74047e+07	3753761	9645622	1.71638e+07	3458765	1.71917e+07	
2160000	17280009	9714285	1.71467e+07	3481933	1.82174e+07	3780009	9714285	1.73114e+07	3481933	1.7507e+07	
2175000	17400009	9777997	1.73833e+07	3497124	1.7835e+07	3806265	9777997	1.69976e+07	3497124	1.75915e+07	
2190000	17520009	9845172	1.81392e+07	3515817	1.82302e+07	3832513	9845172	1.70939e+07	3515817	1.79533e+07	
2205000	17640009	9925939	1.83928e+07	3544544	1.79887e+07	3858761	9925939	1.77058e+07	3544544	1.80896e+07	
2220000	17760009	9969402	1.81389e+07	3549014	1.82176e+07	3885009	9969402	1.77463e+07	3549014	1.77379e+07	
2235000	17880009	10036313	1.8225e+07	3581757	1.8829e+07	3911265	10036313	1.80328e+07	3581757	1.78097e+07	
2250000	18000009	10114481	1.87375e+07	3600348	1.91914e+07	3937513	10114481	1.76613e+07	3600348	1.85397e+07	
2265000	18120009	10181232	1.84628e+07	3618722	1.84797e+07	3963761	10181232	1.7916e+07	3618722	1.86352e+07	
2280000	18240009	10247079	1.8343e+07	3636313	1.89356e+07	3990009	10247079	1.87778e+07	3636313	1.84971e+07	
2295000	18360009	10319239	1.84645e+07	3656632	1.96081e+07	4016265	10319239	1.90385e+07	3656632	1.8376e+07	
2310000	18480009	10383870	1.89755e+07	3676374	1.93819e+07	4042513	10383870	1.84223e+07	3676374	1.91133e+07	
2325000	18600009	10450981	1.87337e+07	3695173	1.91247e+07	4068761	10450981	1.8822e+07	3695173	1.94844e+07	
2340000	18720009	10516581	1.89107e+07	3712404	1.9445e+07	4095009	10516581	1.87555e+07	3712404	1.88816e+07	
2355000	18840009	10582836	1.93747e+07	3730250	2.02027e+07	4121265	10582836	1.88509e+07	3730250	1.90745e+07	
2370000	18960009	10649267	1.94803e+07	3753073	1.96255e+07	4147513	10649267	1.89073e+07	3753073	2.03781e+07	
2385000	19080009	10720403	1.9702e+07	3776936	1.9658e+07	4173761	10720403	1.96599e+07	3776936	1.97539e+07	
2400000	19200009	10786786	1.95363e+07	3798550	2.00766e+07	4200009	10786786	1.97199e+07	3798550	1.94989e+07	
2415000	19320009	10852617	2.04702e+07	3816157	2.04009e+07	4226265	10852617	1.94145e+07	3816157	2.03065e+07	
2430000	19440009	10921729	2.01282e+07	3836948	2.01624e+07	4252513	10921729	1.99644e+07	3836948	2.0075e+07	
2445000	19560009	10985776	1.99666e+07	3852658	2.04049e+07	4278761	10985776	1.95265e+07	3852658	1.99975e+07	
2460000	19680009	11052039	2.09699e+07	3870761	2.07668e+07	4305009	11052039	1.98848e+07	3870761	2.06802e+07	
2475000	19800009	11125287	2.02937e+07	3891664	2.07257e+07	4331265	11125287	2.03731e+07	3891664	2.01179e+07	
2490000	19920009	11192774	2.06396e+07	3914830	2.08441e+07	4357513	11192774	1.99063e+07	3914830	2.05225e+07	
2505000	20040009	11258333	2.10676e+07	3932141	2.07691e+07	4383761	11258333	2.07086e+07	3932141	2.10998e+07	
2520000	20160009	11339989	2.03364e+07	3965524	2.17785e+07	4410009	11339989	2.07159e+07	3965524	2.04382e+07	
2535000	20280009	11391244	2.11229e+07	3968442	2.12789e+07	4436265	11391244	2.06936e+07	3968442	2.17023e+07	
2550000	20400009	11457827	2.07517e+07	3986809	2.14587e+07	4462513	11457827	2.0746e+07	3986809	2.07488e+07	
2565000	20520009	11526635	2.10389e+07	4007320	2.19283e+07	4488761	11526635	2.04151e+07	4007320	2.1196e+07	
2580000	20640009	11595930	2.16681e+07	4034262	2.16446e+07	4515009	11595930	2.11031e+07	4034262	2.203e+07	
2595000	20760009	11661825	2.14038e+07	4056021	2.21267e+07	4541265	11661825	2.09421e+07	4056021	2.10782e+07	
2610000	20880009	11728841	2.23198e+07	4074860	2.19834e+07	4567513	11728841	2.14243e+07	4074860	2.19292e+07	
2625000	21000009	11794984	2.16134e+07	4092690	2.21428e+07	4593761	11794984	2.20362e+07	4092690	2.18716e+07	
2640000	21120009	11862519	2.25075e+07	4112081	2.28788e+07	4620009	11862519	2.15561e+07	4112081	2.28017e+07	
2655000	21240009	11928223	2.18775e+07	4129480	2.26495e+07	4646265	11928223	2.1708e+07	4129480	2.19903e+07	
2670000	21360009	11994526	2.27561e+07	4147574	2.26729e+07	4672513	11994526	2.17392e+07	4147574	2.2782e+07	
2685000	21480009	12061909	2.24309e+07	4166797	2.23547e+07	4698761	12061909	2.22406e+07	4166797	2.19317e+07	
2700000	21600009	12135245	2.24386e+07	4187892	2.35277e+07	4725009	12135245	2.20131e+07	4187892	2.29572e+07	
2715000	21720009	12199140	2.27651e+07	4207490	2.30768e+07	4751265	12199140	2.25205e+07	4207490	2.23403e+07	
2730000	21840009	12265035	2.2687e+07	4225257	2.31655e+07	4777513	12265035	2.20918e+07	4225257	2.29574e+07	
2745000	21960009	12333587	2.28664e+07	4245488	2.33999e+07	4803761	12333587	2.33027e+07	4245488	2.2974e+07	
2760000	22080009	12399226	2.29765e+07	4250453	2.48585e+07	4830009	12399226	2.21935e+07	4250453	2.34484e+07	
2775000	22200009	12465161	2.30909e+07	4280685	2.33888e+07	4856265	12465161	2.3528e+07	4280685	2.31731e+07	
2790000	22320009	12532897	2.37684e+07	4300148	2.40985e+07	4882513	12532897	2.29763e+07	4300148	2.43875e+07	
2805000	22440009	12599064	2.33137e+07	4328873	2.40547e+07	4908761	12599064	2.31301e+07	4328873	2.30107e+07	
2820000	22560009	12670087	2.4135e+07	4347641	2.40309e+07	4935009	12670087	2.31458e+07	4347641	2.34144e+07	
2835000	22680009	12563407	2.34845e+07	4197024	2.46139e+07	4961265	12563407	2.3859e+07	4197024	2.34305e+07	
2850000	22800009	12802846	2.4645e+07	4388141	2.36749e+07	4987513	12802846	2.36582e+07	4388141	2.37924e+07	
2865000	22920009	12869069	2.39038e+07	4406405	2.58223e+07	5013761	12869069	2.33997e+07	4406405	2.43106e+07	
2880000	23040009	12936261	2.3922e+07	4425388	2.40024e+07	5040009	12936261	2.39889e+07	4425388	2.4129e+07	
2895000	23160009	13002564	2.49609e+07	4443345	2.54043e+07	5066265	13002564	2.38105e+07	4443345	2.42755e+07	
2910000	23280009	13069659	2.40715e+07	4462497	2.50356e+07	5092513	13069659	2.48879e+07	4462497	2.39138e+07	
2925000	23400009	13136395	2.49597e+07	4481008	2.56058e+07	5118761	13136395	2.51177e+07	4481008	2.49605e+07	
2940000	23520009	13202962	2.49024e+07	4499269	2.60249e+07	5145009	13202962	2.42592e+07	4499269	2.46542e+07	
2955000	23640009	13274825	2.57054e+07	4518621	2.50251e+07	5171265	13274825	2.46447e+07	4518621	2.44014e+07	
2970000	23760009	13344009	2.52054e+07	4544140	2.5945e+07	5197513	13344009	2.44068e+07	4544140	2.56981e+07	
2985000	23880009	13408176	2.52101e+07	4559961	2.58305e+07	5223761	13408176	2.44634e+07	4559961	2.46193e+07	
3000000	24000009	13474679	2.59424e+07	4578537	2.53811e+07	5250009	13474679	2.55083e+07	4578537	2.5344e+07	
3015000	24120009	13540911	2.5447e+07	4596504	2.58238e+07	5276265	13540911	2.48669e+07	4596504	2.59734e+07	
3030000	24240009	13607022	2.5471e+07	4614333	2.6165e+07	5302513	13607022	2.53649e+07	4614333	2.52623e+07	
3045000	24360009	13673565	2.62375e+07	4632893	2.64203e+07	5328761	13673565	2.553e+07	4632893	2.5483e+07	
3060000	24480009	13740301	2.62303e+07	4651420	2.68667e+07	5355009	13740301	2.49634e+07	4651420	2.63063e+07	
3075000	24600009	13807772	2.60778e+07	4670609	2.66578e+07	5381265	13807772	2.57116e+07	4670609	2.60644e+07	
3090000	24720009	13880115	2.66029e+07	4701681	2.66429e+07	5407513	13880115	2.61106e+07	4701681	2.63344e+07	
3105000	24840009	13949171	2.65739e+07	4727832	2.75847e+07	5433761	13949171	2.54584e+07	4727832	2.70468e+07	
3120000	24960009	14013018	2.62845e+07	4743509	2.76153e+07	5460009	14013018	2.63155e+07	4743509	2.64066e+07	
3135000	25080009	14080489	2.70775e+07	4763029	2.69624e+07	5486265	14080489	2.64522e+07	4763029	2.64778e+07	
3150000	25200009	14161121	2.75109e+07	4795476	2.7929e+07	5512513	14161121	2.61894e+07	4795476	2.7191e+07	
3165000	25320009	14212832	2.69805e+07	4798961	2.74902e+07	5538761	14212832	2.6214e+07	4798961	2.76603e+07	
3180000	25440009	14279479	2.74503e+07	4817737	2.75573e+07	5565009	14279479	2.68708e+07	4817737	2.68391e+07	
3195000	25560009	14346639	2.7773e+07	4836648	2.75376e+07	5591265	14346639	2.74455e+07	4836648	2.74473e+07	
3210000	25680009	14413686	2.82108e+07	4855493	2.81506e+07	5617513	14413686	2.66972e+07	4855493	2.71142e+07	
3225000	25800009	14479485	2.76212e+07	4873373	2.87583e+07	5643761	14479485	2.67312e+07	4873373	2.8578e+07	
3240000	25920009	14547957	2.75068e+07	4893660	2.83382e+07	5670009	14547957	2.7031e+07	4893660	2.73607e+07	
3255000	26040009	14618900	2.80294e+07	4910817	2.81461e+07	5696265	14618900	2.75464e+07	4910817	2.77955e+07	
3270000	26160009	14686267	2.82448e+07	4935849	2.90122e+07	5722513	14686267	2.70471e+07	4935849	2.76788e+07	
3285000	26280009	14752091	2.76146e+07	4953424	2.88797e+07	5748761	14752091	2.75666e+07	4953424	2.88899e+07	
3300000	26400009	14818626	2.78247e+07	4971789	2.89093e+07	5775009	14818626	2.78945e+07	4971789	2.82084e+07	
3315000	26520009	14884889	2.92046e+07	4977580	2.88237e+07	5801265	14884889	2.79604e+07	4977580	2.83521e+07	
3330000	26640009	14940064	2.90501e+07	4997082	2.88269e+07	5827513	14940064	2.81769e+07	4997082	2.85489e+07	
3345000	26760009	15007239	2.87452e+07	5027425	2.92429e+07	5853761	15007239	2.76541e+07	5027425	2.88195e+07	
3360000	26880009	15084647	2.89405e+07	5045448	3.01877e+07	5880009	15084647	2.79988e+07	5045448	2.94075e+07	
3375000	27000009	15153830	2.88519e+07	5066486	2.94749e+07	5906265	15153830	2.81735e+07	5066486	2.85733e+07	
3390000	27120009	15218133	2.92143e+07	5082781	2.93845e+07	5932513	15218133	2.90386e+07	5082781	2.92248e+07	
3405000	27240009	15284573	3.11917e+07	5101028	2.93967e+07	5958761	15284573	2.94681e+07	5101028	2.89081e+07	
3420000	27360009	15351332	3.04927e+07	5126370	3.00968e+07	5985009	15351332	2.90822e+07	5126370	2.9296e+07	
3435000	27480009	15425443	2.96246e+07	5153217	3.03326e+07	6011265	15425443	2.83428e+07	5153217	2.99987e+07	
3450000	27600009	15491355	2.93615e+07	5176952	3.11495e+07	6037513	15491355	2.88359e+07	5176952	2.98543e+07	
3465000	27720009	15573050	2.97719e+07	5210542	3.103e+07	6063761	15573050	2.9665e+07	5210542	3.02072e+07	
3480000	27840009	15624569	3.02132e+07	5214133	3.08084e+07	6090009	15624569	2.9564e+07	5214133	2.98983e+07	
3495000	27960009	15691457	3.00009e+07	5232868	3.0555e+07	6116265	15691457	3.03562e+07	5232868	2.94014e+07	
3510000	28080009	15760088	3.12061e+07	5253466	3.04764e+07	6142513	15760088	3.05044e+07	5253466	3.01586e+07	
3525000	28200009	15824823	3.13906e+07	5270201	3.06854e+07	6168761	15824823	3.04832e+07	5270201	2.99778e+07	
3540000	28320009	15890991	3.12822e+07	5288288	3.0944e+07	6195009	15890991	3.08048e+07	5288288	3.07284e+07	
3555000	28440009	15958054	3.09934e+07	5307254	3.14839e+07	6221265	15958054	3.0473e+07	5307254	3.09083e+07	
3570000	28560009	16024405	3.04987e+07	5325661	3.13914e+07	6247513	16024405	3.00859e+07	5325661	3.08609e+07	
3585000	28680009	16092181	3.09068e+07	5345292	3.13327e+07	6273761	16092181	3.05204e+07	5345292	3.15374e+07	
3600000	28800009	16157980	3.06764e+07	5363058	3.20337e+07	6300009	16157980	3.02599e+07	5363058	3.16297e+07	
3615000	28920009	16224507	3.11342e+07	5381577	3.20906e+07	6326265	16224507	3.09269e+07	5381577	3.23341e+07	
3630000	29040009	16298579	3.16312e+07	5401048	3.28852e+07	6352513	16298579	3.09582e+07	5401048	3.17275e+07	
3645000	29160009	16367330	3.18879e+07	5422182	3.21827e+07	6378761	16367330	3.16371e+07	5422182	3.18904e+07	
3660000	29280009	16431457	3.20073e+07	5444397	3.21548e+07	6405009	16431457	3.09677e+07	5444397	3.16758e+07	
3675000	29400009	16497577	3.25879e+07	5462428	3.23686e+07	6431265	16497577	3.15898e+07	5462428	3.19522e+07	
3690000	29520009	16566240	3.23504e+07	5483026	3.25274e+07	6457513	16566240	3.19282e+07	5483026	3.15107e+07	
3705000	29640009	16632095	3.20164e+07	5500857	3.27531e+07	6483761	16632095	3.24446e+07	5500857	3.20762e+07	
3720000	29760009	16698295	3.25428e+07	5519008	3.27302e+07	6510009	16698295	3.214e+07	5519008	3.22166e+07	
3735000	29880009	16766062	3.34798e+07	5538654	3.29654e+07	6536265	16766062	3.25759e+07	5538654	3.23714e+07	
3750000	30000009	16831901	3.30662e+07	5556549	3.2907e+07	6562513	16831901	3.23305e+07	5556549	3.23285e+07	
3765000	30120009	16898245	3.33211e+07	5574756	3.32072e+07	6588761	16898245	3.30403e+07	5574756	3.25213e+07	
3780000	30240009	16790780	3.3452e+07	5419274	3.30093e+07	6615009	16790780	3.29702e+07	5419274	3.22671e+07	
3795000	30360009	17031171	3.41053e+07	5611641	3.3606e+07	6641265	17031171	3.30738e+07	5611641	3.27535e+07	
3810000	30480009	17097659	3.41498e+07	5630064	3.32344e+07	6667513	17097659	3.32814e+07	5630064	3.27601e+07	
3825000	30600009	17164858	3.34226e+07	5649182	3.38185e+07	6693761	17164858	3.34858e+07	5649182	3.33327e+07	
3840000	30720009	17231353	3.44865e+07	5667693	3.37387e+07	6720009	17231353	3.27646e+07	5667693	3.35196e+07	
3855000	30840009	17306201	3.44559e+07	5702420	3.44571e+07	6746265	17306201	3.29273e+07	5702420	3.3823e+07	
3870000	30960009	17372968	3.46981e+07	5709073	3.44305e+07	6772513	17372968	3.35561e+07	5709073	3.40664e+07	
3885000	31080009	17439119	3.38618e+07	5746449	3.49025e+07	6798761	17439119	3.30624e+07	5746449	3.43683e+07	
3900000	31200009	17506183	3.42701e+07	5765480	3.49864e+07	6825009	17506183	3.32395e+07	5765480	3.52682e+07	
3915000	31320009	17575294	3.40653e+07	5786421	3.59722e+07	6851265	17575294	3.36131e+07	5786421	3.50198e+07	
3930000	31440009	17639637	3.39443e+07	5803029	3.53585e+07	6877513	17639637	3.3606e+07	5803029	3.52986e+07	
3945000	31560009	17706429	3.44296e+07	5821748	3.58181e+07	6903761	17706429	3.39605e+07	5821748	3.45706e+07	
3960000	31680009	17772700	3.43253e+07	5839873	3.5463e+07	6930009	17772700	3.4881e+07	5839873	3.51829e+07	
3975000	31800009	17838947	3.52232e+07	5858337	3.64659e+07	6956265	17838947	3.43225e+07	5858337	3.47465e+07	
3990000	31920009	17905763	3.52427e+07	5877120	3.55452e+07	6982513	17905763	3.50009e+07	5877120	3.47684e+07	
4005000	32040009	17972498	3.54547e+07	5895677	3.56142e+07	7008761	17972498	3.51482e+07	5895677	3.45089e+07	
4020000	32160009	18040033	3.64291e+07	5915453	3.55064e+07	7035009	18040033	3.47359e+07	5915453	3.50612e+07	
4035000	32280009	18106713	3.64544e+07	5934060	3.64842e+07	7061265	18106713	3.44513e+07	5934060	3.5368e+07	
4050000	32400009	18175776	3.53373e+07	5955017	3.6726e+07	7087513	18175776	3.47458e+07	5955017	3.58287e+07	
4065000	32520009	18239719	3.51502e+07	5971153	3.67677e+07	7113761	18239719	3.44951e+07	5971153	3.61194e+07	
4080000	32640009	18307479	3.57707e+07	5990888	3.64402e+07	7140009	18307479	3.5264e+07	5990888	3.60467e+07	
4095000	32760009	18388038	3.59442e+07	6023261	3.76222e+07	7166265	18388038	3.50926e+07	6023261	3.62464e+07	
4110000	32880009	18440285	3.64693e+07	6027773	3.63781e+07	7192513	18440285	3.57145e+07	6027773	3.57957e+07	
4125000	33000009	18514829	3.67194e+07	6047068	3.6683e+07	7218761	18514829	3.60079e+07	6047068	3.61088e+07	
4140000	33120009	18582028	3.66578e+07	6073321	3.73383e+07	7245009	18582028	3.67136e+07	6073321	3.63831e+07	
4155000	33240009	18649163	3.68348e+07	6092649	3.73027e+07	7271265	18649163	3.65318e+07	6092649	3.74362e+07	
4170000	33360009	18715291	3.64967e+07	6110728	3.73935e+07	7297513	18715291	3.60625e+07	6110728	3.69786e+07	
4185000	33480009	18783490	3.64029e+07	6130805	3.86552e+07	7323761	18783490	3.60519e+07	6130805	3.74889e+07	
4200000	33600009	18883185	3.69245e+07	6175173	3.8297e+07	7350009	18883185	3.64893e+07	6175173	3.6246e+07	
4215000	33720009	18950881	3.75674e+07	6209980	3.77161e+07	7376265	18950881	3.7256e+07	6209980	3.69817e+07	
4230000	33840009	19016776	3.81114e+07	6227833	3.81907e+07	7402513	19016776	3.67861e+07	6227833	3.73989e+07	
4245000	33960009	19083535	3.81467e+07	6246761	3.89439e+07	7428761	19083535	3.68205e+07	6246761	3.80538e+07	
4260000	34080009	19150159	3.76794e+07	6265328	3.86867e+07	7455009	19150159	3.62185e+07	6265328	3.815e+07	
4275000	34200009	19217286	3.80445e+07	6284309	3.92376e+07	7481265	19217286	3.74603e+07	6284309	3.73549e+07	
4290000	34320009	19284133	3.80224e+07	6303413	3.80637e+07	7507513	19284133	3.8677e+07	6303413	3.73594e+07	
4305000	34440009	19350493	3.87407e+07	6321652	3.86845e+07	7533761	19350493	3.75702e+07	6321652	3.84023e+07	
4320000	34560009	19419924	3.83682e+07	6343001	3.98909e+07	7560009	19419924	3.67693e+07	6343001	3.91976e+07	
4335000	34680009	19484427	3.82611e+07	6359705	4.00641e+07	7586265	19484427	3.79877e+07	6359705	3.81519e+07	
4350000	34800009	19551075	3.93873e+07	6378312	3.90535e+07	7612513	19551075	3.85899e+07	6378312	3.84958e+07	
4365000	34920009	19617778	3.98395e+07	6396869	3.97408e+07	7638761	19617778	3.91272e+07	6396869	3.94315e+07	
4380000	35040009	19685649	3.88138e+07	6417005	4.08825e+07	7665009	19685649	3.8505e+07	6417005	3.96787e+07	
4395000	35160009	19739424	3.88206e+07	6431178	4.05025e+07	7691265	19739424	3.85849e+07	6431178	3.87301e+07	
4410000	35280009	19830311	4.00053e+07	6486561	3.98066e+07	7717513	19830311	3.9505e+07	6486561	3.91346e+07	
4425000	35400009	19893911	3.94576e+07	6498360	4.03104e+07	7743761	19893911	3.85358e+07	6498360	3.94453e+07	
4440000	35520009	19948550	3.95435e+07	6505086	4.06384e+07	7770009	19948550	3.8616e+07	6505086	3.97863e+07	
4455000	35640009	20017965	3.97292e+07	6538389	4.05595e+07	7796265	20017965	3.90779e+07	6538389	3.91458e+07	
4470000	35760009	20094797	4.02098e+07	6555508	4.02991e+07	7822513	20094797	3.92295e+07	6555508	3.94721e+07	
4485000	35880009	20161028	4.01314e+07	6573770	4.08001e+07	7848761	20161028	3.87739e+07	6573770	4.00633e+07	
4500000	36000009	20228347	3.99176e+07	6593257	4.16734e+07	7875009	20228347	3.92617e+07	6593257	3.99522e+07	
4515000	36120009	20294971	4.13406e+07	6611848	4.05668e+07	7901265	20294971	4.00748e+07	6611848	3.99999e+07	
4530000	36240009	20362874	4.11266e+07	6631846	4.13993e+07	7927513	20362874	3.91588e+07	6631846	4.1762e+07	
4545000	36360009	20428865	4.05568e+07	6649941	4.12617e+07	7953761	20428865	3.99688e+07	6649941	4.00934e+07	
4560000	36480009	20495681	4.20682e+07	6668796	4.08796e+07	7980009	20495681	4.04914e+07	6668796	4.0289e+07	
4575000	36600009	20562784	4.13677e+07	6687898	4.2149e+07	8006265	20562784	3.92921e+07	6687898	4.15816e+07	
4590000	36720009	20631767	4.05235e+07	6709089	4.29053e+07	8032513	20631767	4.08697e+07	6709089	4.12154e+07	
4605000	36840009	20696143	4.14272e+07	6725440	4.11588e+07	8058761	20696143	4.02269e+07	6725440	4.11005e+07	
4620000	36960009	20762350	4.11121e+07	6743726	4.21088e+07	8085009	20762350	4.08256e+07	6743726	4.13176e+07	
4635000	37080009	20831157	4.08579e+07	6764653	4.32386e+07	8111265	20831157	4.05908e+07	6764653	4.17972e+07	
4650000	37200009	20897277	4.22317e+07	6782804	4.22432e+07	8137513	20897277	4.18102e+07	6782804	4.10673e+07	
4665000	37320009	20963564	4.22586e+07	6801106	4.3122e+07	8163761	20963564	4.08508e+07	6801106	4.22862e+07	
4680000	37440009	21031547	4.17842e+07	6821273	4.34404e+07	8190009	21031547	4.14834e+07	6821273	4.13596e+07	
4695000	37560009	21097643	4.30986e+07	6839352	4.33647e+07	8216265	21097643	4.19336e+07	6839352	4.29763e+07	
4710000	37680009	21164058	4.16209e+07	6857854	4.40825e+07	8242513	21164058	4.06557e+07	6857854	4.22834e+07	
4725000	37800009	21055961	4.25178e+07	6701837	4.29867e+07	8268761	21055961	4.19149e+07	6701837	4.2565e+07	
4740000	37920009	21297809	4.33091e+07	6895780	4.3586e+07	8295009	21297809	4.19302e+07	6895780	4.28521e+07	
4755000	38040009	21373272	4.25353e+07	6914722	4.49289e+07	8321265	21373272	4.1934e+07	6914722	4.27421e+07	
4770000	38160009	21440727	4.34632e+07	6942849	4.33408e+07	8347513	21440727	4.1955e+07	6942849	4.26858e+07	
4785000	38280009	21507487	4.31787e+07	6961640	4.45338e+07	8373761	21507487	4.16362e+07	6961640	4.35005e+07	
4800000	38400009	21574942	4.33045e+07	6981134	4.45957e+07	8400009	21574942	4.27081e+07	6981134	4.25658e+07	
4815000	38520009	21641901	4.36584e+07	7000197	4.44855e+07	8426265	21641901	4.2314e+07	7000197	4.39397e+07	
4830000	38640009	21708333	4.33707e+07	7018676	4.47963e+07	8452513	21708333	4.26671e+07	7018676	4.29147e+07	
4845000	38760009	21775428	4.47052e+07	7037818	4.39086e+07	8478761	21775428	4.26717e+07	7037818	4.37302e+07	
4860000	38880009	21844787	4.33967e+07	7059337	4.57973e+07	8505009	21844787	4.2397e+07	7059337	4.40752e+07	
4875000	39000009	21909363	4.41863e+07	7075904	4.46103e+07	8531265	21909363	4.37213e+07	7075904	4.33203e+07	
4890000	39120009	21976234	4.45237e+07	7094846	4.53673e+07	8557513	21976234	4.29462e+07	7094846	4.48565e+07	
4905000	39240009	22042665	4.43842e+07	7113381	4.47842e+07	8583761	22042665	4.47439e+07	7113381	4.34248e+07	
4920000	39360009	22109217	4.42743e+07	7131988	4.56713e+07	8610009	22109217	4.37612e+07	7131988	4.53736e+07	
4935000	39480009	22180336	4.40278e+07	7155154	4.58548e+07	8636265	22180336	4.39998e+07	7155154	4.43988e+07	
4950000	39600009	22247303	4.51905e+07	7174257	4.57525e+07	8662513	22247303	4.38759e+07	7174257	4.52491e+07	
4965000	39720009	22315135	4.44633e+07	7194080	4.57766e+07	8688761	22315135	4.4217e+07	7194080	4.48632e+07	
4980000	39840009	22381886	4.57971e+07	7212773	4.54294e+07	8715009	22381886	4.39708e+07	7212773	4.56803e+07	
4995000	39960009	22451101	4.50386e+07	7234277	4.61515e+07	8741265	22451101	4.49076e+07	7234277	4.43313e+07	
5010000	40080009	22515437	4.70599e+07	7250628	4.57066e+07	8767513	22515437	4.50077e+07	7250628	4.55434e+07	
5025000	40200009	22583204	4.55916e+07	7270281	4.71008e+07	8793761	22583204	4.48131e+07	7270281	4.5422e+07	
5040000	40320009	22663979	4.68171e+07	7303385	4.63967e+07	8820009	22663979	4.51677e+07	7303385	4.56635e+07	
5055000	40440009	22716155	4.52001e+07	7307504	4.68015e+07	8846265	22716155	4.50938e+07	7307504	4.5221e+07	
5070000	40560009	22783106	4.67853e+07	7326413	4.65557e+07	8872513	22783106	4.55662e+07	7326413	4.65035e+07	
5085000	40680009	22850441	4.53366e+07	7346021	4.70537e+07	8898761	22850441	4.52464e+07	7346021	4.61045e+07	
5100000	40800009	22917913	4.74612e+07	7365516	4.62495e+07	8925009	22917913	4.48018e+07	7365516	4.63862e+07	
5115000	40920009	22984008	4.61964e+07	7383505	4.75442e+07	8951265	22984008	4.63282e+07	7383505	4.58175e+07	
5130000	41040009	23052663	4.67371e+07	7424465	4.7254e+07	8977513	23052663	4.56504e+07	7424465	4.69599e+07	
5145000	41160009	23127759	4.65225e+07	7442184	4.76604e+07	9003761	23127759	4.55716e+07	7442184	4.61127e+07	
5160000	41280009	23195398	4.70015e+07	7471237	4.74808e+07	9030009	23195398	4.62426e+07	7471237	4.82947e+07	
5175000	41400009	23261389	4.62854e+07	7489541	4.81673e+07	9056265	23261389	4.65202e+07	7489541	4.6689e+07	
5190000	41520009	23328397	4.80872e+07	7508660	4.85253e+07	9082513	23328397	4.54904e+07	7508660	4.87535e+07	
5205000	41640009	23394980	4.78554e+07	7527177	4.7836e+07	9108761	23394980	4.64413e+07	7527177	4.71725e+07	
5220000	41760009	23462235	4.78824e+07	7546825	4.86614e+07	9135009	23462235	4.58114e+07	7546825	4.78088e+07	
5235000	41880009	23529307	4.80481e+07	7565888	4.82895e+07	9161265	23529307	4.79454e+07	7565888	4.7554e+07	
5250000	42000009	23595610	4.73015e+07	7584261	4.91524e+07	9187513	23595610	4.66154e+07	7584261	4.82675e+07	
5265000	42120009	23665153	4.83007e+07	7606093	4.81101e+07	9213761	23665153	4.6577e+07	7606093	4.83075e+07	
5280000	42240009	23729913	4.77495e+07	7622892	4.99705e+07	9240009	23729913	4.71805e+07	7622892	4.72021e+07	
5295000	42360009	23796488	4.88323e+07	7641497	4.90447e+07	9266265	23796488	4.72879e+07	7641497	4.90753e+07	
5310000	42480009	23863327	4.82923e+07	7660673	4.92721e+07	9292513	23863327	4.88437e+07	7660673	4.76037e+07	
5325000	42600009	23931431	4.83448e+07	7680768	5.01935e+07	9318761	23931431	4.79807e+07	7680768	4.90714e+07	
5340000	42720009	23997446	4.88867e+07	7698869	4.91921e+07	9345009	23997446	4.80777e+07	7698869	4.89143e+07	
5355000	42840009	24079461	4.87091e+07	7733149	5.03813e+07	9371265	24079461	4.80372e+07	7733149	4.86178e+07	
5370000	42960009	24131349	4.94196e+07	7737108	4.99495e+07	9397513	24131349	4.80716e+07	7737108	4.98538e+07	
5385000	43080009	24198388	4.86941e+07	7756113	5.02803e+07	9423761	24198388	4.87733e+07	7756113	4.86924e+07	
5400000	43200009	24267339	4.95254e+07	7777449	5.09937e+07	9450009	24267339	4.77298e+07	7777449	4.94012e+07	
5415000	43320009	24332459	5.00717e+07	7794560	5.08884e+07	9476265	24332459	4.9076e+07	7794560	4.96098e+07	
5430000	43440009	24398770	4.92803e+07	7812917	5.08953e+07	9502513	24398770	4.89596e+07	7812917	4.97587e+07	
5445000	43560009	24466145	5.04192e+07	7832613	5.07914e+07	9528761	24466145	4.83057e+07	7832613	5.07215e+07	
5460000	43680009	24532865	5.00867e+07	7851396	5.02342e+07	9555009	24532865	4.98076e+07	7851396	4.96778e+07	
5475000	43800009	24600784	5.0027e+07	7871297	5.18481e+07	9581265	24600784	4.91943e+07	7871297	4.96227e+07	
5490000	43920009	24666863	5.12722e+07	7889761	5.12331e+07	9607513	24666863	4.89042e+07	7889761	5.12845e+07	
5505000	44040009	24721254	5.03378e+07	7896054	5.28135e+07	9633761	24721254	5.03167e+07	7896054	5.04726e+07	
5520000	44160009	24789029	5.0452e+07	7927893	5.21251e+07	9660009	24789029	4.92265e+07	7927893	5.07426e+07	
5535000	44280009	24869973	5.16112e+07	7949052	5.16953e+07	9686265	24869973	4.94274e+07	7949052	5.12778e+07	
5550000	44400009	24934308	5.03846e+07	7965562	5.14191e+07	9712513	24934308	5.08384e+07	7965562	5.07108e+07	
5565000	44520009	25000603	5.08396e+07	7984001	5.27623e+07	9738761	25000603	4.95104e+07	7984001	5.09335e+07	
5580000	44640009	25069619	5.19965e+07	8005112	5.2306e+07	9765009	25069619	4.99659e+07	8005112	5.1587e+07	
5595000	44760009	25135858	5.09807e+07	8023494	5.2328e+07	9791265	25135858	5.1328e+07	8023494	5.12219e+07	
5610000	44880009	25212977	5.11529e+07	8042381	5.38224e+07	9817513	25212977	5.03471e+07	8042381	5.14407e+07	
5625000	45000009	25281153	5.28308e+07	8072996	5.25381e+07	9843761	25281153	5.03212e+07	8072996	5.19146e+07	
5640000	45120009	25347248	5.15973e+07	8091258	5.28441e+07	9870009	25347248	5.09679e+07	8091258	5.2068e+07	
5655000	45240009	25413783	5.17569e+07	8109961	5.3314e+07	9896265	25413783	5.09516e+07	8109961	5.1316e+07	
5670000	45360009	25305071	5.31732e+07	7953352	5.29906e+07	9922513	25305071	5.05484e+07	7953352	5.3049e+07	
5685000	45480009	25547342	5.21358e+07	8147694	5.25913e+07	9948761	25547342	5.13699e+07	8147694	5.22907e+07	
5700000	45600009	25614029	5.21325e+07	8166629	5.35194e+07	9975009	25614029	5.16676e+07	8166629	5.19622e+07	
5715000	45720009	25681629	5.28367e+07	8186244	5.41681e+07	10001265	25681629	5.09949e+07	8186244	5.30509e+07	
5730000	45840009	25748332	5.28278e+07	8205090	5.36758e+07	10027513	25748332	5.2346e+07	8205090	5.28354e+07	
5745000	45960009	25815883	5.23682e+07	8224825	5.4567e+07	10053761	25815883	5.2201e+07	8224825	5.25316e+07	
5760000	46080009	25883067	5.31121e+07	8244088	5.4815e+07	10080009	25883067	5.10455e+07	8244088	5.23777e+07	
5775000	46200009	25949410	5.4201e+07	8262526	5.39088e+07	10106265	25949410	5.24933e+07	8262526	5.33244e+07	
5790000	46320009	26016617	5.32053e+07	8281949	5.39858e+07	10132513	26016617	5.29501e+07	8281949	5.36938e+07	
5805000	46440009	26086113	5.32942e+07	8303516	5.5297e+07	10158761	26086113	5.18922e+07	8303516	5.25434e+07	
5820000	46560009	26150680	5.39143e+07	8320210	5.46338e+07	10185009	26150680	5.23994e+07	8320210	5.42854e+07	
5835000	46680009	26217615	5.351e+07	8339289	5.46421e+07	10211265	26217615	5.29522e+07	8339289	5.41209e+07	
5850000	46800009	26284215	5.36099e+07	8358040	5.47453e+07	10237513	26284215	5.34508e+07	8358040	5.30998e+07	
5865000	46920009	26350718	5.44301e+07	8376606	5.49902e+07	10263761	26350718	5.36275e+07	8376606	5.38156e+07	
5880000	47040009	26417717	5.52669e+07	8395789	5.45579e+07	10290009	26417717	5.30646e+07	8395789	5.51417e+07	
5895000	47160009	26484773	5.44297e+07	8414964	5.55151e+07	10316265	26484773	5.35097e+07	8414964	5.38654e+07	
5910000	47280009	26552564	5.39422e+07	8434866	5.64403e+07	10342513	26552564	5.39198e+07	8434866	5.44262e+07	
5925000	47400009	26619371	5.53503e+07	8453825	5.67089e+07	10368761	26619371	5.33187e+07	8453825	5.4522e+07	
5940000	47520009	26688787	5.55332e+07	8475352	5.58531e+07	10395009	26688787	5.38035e+07	8475352	5.54114e+07	
5955000	47640009	26753010	5.50557e+07	8491654	5.63155e+07	10421265	26753010	5.42583e+07	8491654	5.47071e+07	
5970000	47760009	26820881	5.50769e+07	8511765	5.64096e+07	10447513	26820881	5.51592e+07	8511765	5.50057e+07	
5985000	47880009	26901809	5.52865e+07	8544732	5.70211e+07	10473761	26901809	5.44486e+07	8544732	5.47187e+07	
6000000	48000009	26953936	5.58725e+07	8549002	5.62615e+07	10500009	26953936	5.36327e+07	8549002	5.58035e+07	
6015000	48120009	27020911	5.61096e+07	8568145	5.6107e+07	10526265	27020911	5.41604e+07	8568145	5.60755e+07	
6030000	48240009	27088463	5.51385e+07	8587800	5.70904e+07	10552513	27088463	5.56625e+07	8587800	5.58382e+07	
6045000	48360009	27155862	5.57696e+07	8594093	5.8187e+07	10578761	27155862	5.54918e+07	8594093	5.51263e+07	
6060000	48480009	27222061	5.70756e+07	8625701	5.74031e+07	10605009	27222061	5.46994e+07	8625701	5.6052e+07	
6075000	48600009	27290613	5.69432e+07	8646300	5.70948e+07	10631265	27290613	5.4958e+07	8646300	5.70681e+07	
6090000	48720009	27355820	5.69698e+07	8663513	5.70066e+07	10657513	27355820	5.60745e+07	8663513	5.67741e+07	
6105000	48840009	27423515	5.63493e+07	8683521	5.71841e+07	10683761	27423515	5.63564e+07	8683521	5.58636e+07	
6120000	48960009	27489707	5.62263e+07	8701792	5.8333e+07	10710009	27489707	5.59496e+07	8701792	5.64262e+07	
6135000	49080009	27556562	5.81722e+07	8720605	5.89697e+07	10736265	27556562	5.5161e+07	8720605	5.68058e+07	
6150000	49200009	27623297	5.77908e+07	8751701	5.81506e+07	10762513	27623297	5.56613e+07	8751701	5.7976e+07	
6165000	49320009	27702625	5.76572e+07	8783540	5.81821e+07	10788761	27702625	5.67758e+07	8783540	5.77306e+07	
6180000	49440009	27769640	5.75187e+07	8814209	5.85667e+07	10815009	27769640	5.70822e+07	8814209	5.73284e+07	
6195000	49560009	27835999	5.81245e+07	8832921	5.91345e+07	10841265	27835999	5.66326e+07	8832921	5.67902e+07	
6210000	49680009	27905719	5.80255e+07	8854824	5.92565e+07	10867513	27905719	5.63015e+07	8854824	5.77263e+07	
6225000	49800009	27970366	5.93291e+07	8871445	5.86454e+07	10893761	27970366	5.71003e+07	8871445	5.8558e+07	
6240000	49920009	28037069	5.86525e+07	8890589	5.86209e+07	10920009	28037069	5.68134e+07	8890589	5.81096e+07	
6255000	50040009	28104061	5.80042e+07	8909692	5.97469e+07	10946265	28104061	5.77506e+07	8909692	5.76e+07	
6270000	50160009	28172100	5.78389e+07	8929769	6.01853e+07	10972513	28172100	5.78473e+07	8929769	5.82805e+07	
6285000	50280009	28238163	5.86844e+07	8948217	6.00611e+07	10998761	28238163	5.68872e+07	8948217	5.83172e+07	
6300000	50400009	28320403	5.95966e+07	8982632	6.05293e+07	11025009	28320403	5.63692e+07	8982632	5.87986e+07	
6315000	50520009	28372202	5.95703e+07	8986413	6.03208e+07	11051265	28372202	5.78182e+07	8986413	5.93331e+07	
6330000	50640009	28439297	5.9389e+07	9005941	5.983e+07	11077513	28439297	5.90959e+07	9005941	5.86613e+07	
6345000	50760009	28508441	5.88742e+07	9027132	6.05121e+07	11103761	28508441	5.83239e+07	9027132	5.83748e+07	
6360000	50880009	28573480	5.95613e+07	9044305	6.07381e+07	11130009	28573480	5.82615e+07	9044305	5.89006e+07	
6375000	51000009	28639847	5.98881e+07	9063025	6.11114e+07	11156265	28639847	5.88746e+07	9063025	6.00678e+07	
6390000	51120009	28707423	6.04981e+07	9082712	6.03196e+07	11182513	28707423	5.85742e+07	9082712	6.02251e+07	
6405000	51240009	28774038	6.00924e+07	9101405	6.14583e+07	11208761	28774038	5.86234e+07	9101405	6.06056e+07	
6420000	51360009	28842061	5.98171e+07	9121821	6.12231e+07	11235009	28842061	5.97368e+07	9121821	6.05175e+07	
6435000	51480009	28908325	5.94593e+07	9140148	6.06693e+07	11261265	28908325	5.98603e+07	9140148	5.99961e+07	
6450000	51600009	28975108	6.01009e+07	9159073	6.16603e+07	11287513	28975108	5.92203e+07	9159073	5.93349e+07	
6465000	51720009	29042395	6.06825e+07	9178689	6.17344e+07	11313761	29042395	5.89842e+07	9178689	6.04164e+07	
6480000	51840009	29111619	6.14712e+07	9200040	6.18264e+07	11340009	29111619	5.90515e+07	9200040	6.11488e+07	
6495000	51960009	29175970	6.1434e+07	9216413	6.12877e+07	11366265	29175970	5.90258e+07	9216413	6.15944e+07	
6510000	52080009	29242337	6.12091e+07	9235221	6.16098e+07	11392513	29242337	5.98855e+07	9235221	6.14205e+07	
6525000	52200009	29311401	6.06082e+07	9256340	6.23977e+07	11418761	29311401	6.03135e+07	9256340	6.15036e+07	
6540000	52320009	29377496	6.04845e+07	9274545	6.2398e+07	11445009	29377496	6.11255e+07	9274545	6.09002e+07	
6555000	52440009	29443927	6.15772e+07	9293353	6.36416e+07	11471265	29443927	6.10103e+07	9293353	6.12647e+07	
6570000	52560009	29512159	6.11494e+07	9313664	6.36419e+07	11497513	29512159	6.1061e+07	9313664	6.05887e+07	
6585000	52680009	29578278	6.20012e+07	9331837	6.32227e+07	11523761	29578278	6.05552e+07	9331837	6.14108e+07	
6600000	52800009	29644837	6.26849e+07	9337612	6.37786e+07	11550009	29644837	6.12733e+07	9337612	6.15939e+07	
6615000	52920009	29522788	6.33359e+07	9180794	6.32499e+07	11576265	29522788	6.16226e+07	9180794	6.26346e+07	
6630000	53040009	29766507	6.38872e+07	9388649	6.31751e+07	11602513	29766507	6.12935e+07	9388649	6.2557e+07	
6645000	53160009	29845163	6.27114e+07	9407536	6.29986e+07	11628761	29845163	6.0798e+07	9407536	6.39061e+07	
6660000	53280009	29912650	6.22649e+07	9427254	6.32762e+07	11655009	29912650	6.12467e+07	9427254	6.30903e+07	
6675000	53400009	29979417	6.22211e+07	9446245	6.3556e+07	11681265	29979417	6.26926e+07	9446245	6.23336e+07	
6690000	53520009	30047105	6.22742e+07	9466084	6.44388e+07	11707513	30047105	6.30943e+07	9466084	6.32201e+07	
6705000	53640009	30114152	6.25212e+07	9485274	6.51705e+07	11733761	30114152	6.23927e+07	9485274	6.32919e+07	
6720000	53760009	30180591	6.3368e+07	9504009	6.55618e+07	11760009	30180591	6.19512e+07	9504009	6.199e+07	
6735000	53880009	30247895	6.40284e+07	9523400	6.55244e+07	11786265	30247895	6.2091e+07	9523400	6.26519e+07	
6750000	54000009	30317318	6.42404e+07	9545006	6.49736e+07	11812513	30317318	6.21465e+07	9545006	6.32008e+07	
6765000	54120009	30381949	6.48451e+07	9561901	6.48635e+07	11838761	30381949	6.2211e+07	9561901	6.36218e+07	
6780000	54240009	30448989	6.48037e+07	9581092	6.49122e+07	11865009	30448989	6.19382e+07	9581092	6.4278e+07	
6795000	54360009	30515500	6.54931e+07	9599738	6.50108e+07	11891265	30515500	6.31493e+07	9599738	6.40229e+07	
6810000	54480009	30582067	6.50647e+07	9618601	6.57263e+07	11917513	30582067	6.34398e+07	9618601	6.45184e+07	
6825000	54600009	30649171	6.59526e+07	9637808	6.43601e+07	11943761	30649171	6.29179e+07	9637808	6.52875e+07	
6840000	54720009	30716418	6.54945e+07	9657238	6.55764e+07	11970009	30716418	6.32678e+07	9657238	6.54066e+07	
6855000	54840009	30797385	6.45914e+07	9677581	6.50835e+07	11996265	30797385	6.41017e+07	9677581	6.47493e+07	
6870000	54960009	30864393	6.48309e+07	9709588	6.53389e+07	12022513	30864393	6.41192e+07	9709588	6.52022e+07	
6885000	55080009	30933712	6.45346e+07	9731058	6.56859e+07	12048761	30933712	6.4244e+07	9731058	6.48409e+07	
6900000	55200009	30998023	6.49003e+07	9747641	6.6156e+07	12075009	30998023	6.4644e+07	9747641	6.49829e+07	
6915000	55320009	31065999	6.44869e+07	9767768	6.58117e+07	12101265	31065999	6.47058e+07	9767768	6.51174e+07	
6930000	55440009	31146910	6.4613e+07	9800846	6.69248e+07	12127513	31146910	6.50069e+07	9800846	6.56238e+07	
6945000	55560009	31199093	6.50937e+07	9805237	6.71215e+07	12153761	31199093	6.49353e+07	9805237	6.53108e+07	
6960000	55680009	31266285	6.5203e+07	9824644	6.6718e+07	12180009	31266285	6.50144e+07	9824644	6.54886e+07	
6975000	55800009	31333724	6.55778e+07	9844202	6.70115e+07	12206265	31333724	6.50785e+07	9844202	6.54818e+07	
6990000	55920009	31401227	6.52146e+07	9863961	6.7943e+07	12232513	31401227	6.57319e+07	9863961	6.57716e+07	
7005000	56040009	31467539	6.60808e+07	9882424	6.8046e+07	12258761	31467539	6.57214e+07	9882424	6.61169e+07	
7020000	56160009	31536050	6.63654e+07	9903110	6.83613e+07	12285009	31536050	6.52494e+07	9903110	6.54785e+07	
7035000	56280009	31601329	6.6593e+07	9920621	6.83766e+07	12311265	31601329	6.64886e+07	9920621	6.57832e+07	
7050000	56400009	31669177	6.64128e+07	9940620	6.85844e+07	12337513	31669177	6.55196e+07	9940620	6.62801e+07	
7065000	56520009	31735288	6.65259e+07	9958882	6.87891e+07	12363761	31735288	6.64079e+07	9958882	6.61313e+07	
7080000	56640009	31802271	6.65173e+07	9978153	6.87341e+07	12390009	31802271	6.66173e+07	9978153	6.58011e+07	
7095000	56760009	31869047	6.75402e+07	9997000	6.92159e+07	12416265	31869047	6.71111e+07	9997000	6.66631e+07	
7110000	56880009	31936398	6.73291e+07	10016582	6.99966e+07	12442513	31936398	6.72356e+07	10016582	6.70618e+07	
7125000	57000009	32003437	6.78533e+07	10035837	7.00352e+07	12468761	32003437	6.66771e+07	10035837	6.64831e+07	
7140000	57120009	32069957	6.79349e+07	10054532	6.96495e+07	12495009	32069957	6.6803e+07	10054532	6.75122e+07	
7155000	57240009	32139564	6.78861e+07	10062985	6.89643e+07	12521265	32139564	6.67065e+07	10062985	6.78351e+07	
7170000	57360009	32204251	6.69777e+07	10093249	6.91179e+07	12547513	32204251	6.79006e+07	10093249	6.71231e+07	
7185000	57480009	32271115	6.7847e+07	10112192	6.98246e+07	12573761	32271115	6.71119e+07	10112192	6.72796e+07	
7200000	57600009	32338026	6.76952e+07	10131165	6.99995e+07	12600009	32338026	6.78122e+07	10131165	6.70453e+07	
7215000	57720009	32406033	6.80941e+07	10151573	7.04253e+07	12626265	32406033	6.83653e+07	10151573	6.85693e+07	
7230000	57840009	32472305	6.79186e+07	10169996	6.96708e+07	12652513	32472305	6.83208e+07	10169996	6.81426e+07	
7245000	57960009	32554416	6.80384e+07	10204105	7.06777e+07	12678761	32554416	6.8544e+07	10204105	6.80657e+07	
7260000	58080009	32606239	6.81993e+07	10208377	7.02113e+07	12705009	32606239	6.80929e+07	10208377	6.81564e+07	
7275000	58200009	32673479	6.81628e+07	10227704	7.16453e+07	12731265	32673479	6.86508e+07	10227704	6.88435e+07	
7290000	58320009	32742550	6.81852e+07	10248837	7.03519e+07	12757513	32742550	6.86192e+07	10248837	6.92857e+07	
7305000	58440009	32807605	6.8845e+07	10266245	7.03287e+07	12783761	32807605	6.88586e+07	10266245	6.95075e+07	
7320000	58560009	32874173	6.89082e+07	10284964	7.04914e+07	12810009	32874173	6.8787e+07	10284964	6.97334e+07	
7335000	58680009	32941588	6.93656e+07	10304385	7.05927e+07	12836265	32941588	6.8658e+07	10304385	6.99704e+07	
7350000	58800009	33008283	6.92816e+07	10323529	7.03564e+07	12862513	33008283	6.8622e+07	10323529	7.05834e+07	
7365000	58920009	33076467	7.00655e+07	10343784	7.12376e+07	12888761	33076467	6.83529e+07	10343784	7.00766e+07	
7380000	59040009	33142634	7.03303e+07	10362021	7.10539e+07	12915009	33142634	6.86451e+07	10362021	7.12613e+07	
7395000	59160009	33209425	7.02301e+07	10381197	7.10934e+07	12941265	33209425	6.84784e+07	10381197	7.09395e+07	
7410000	59280009	33276889	7.06714e+07	10400804	7.08285e+07	12967513	33276889	6.90463e+07	10400804	7.09721e+07	
7425000	59400009	33345976	7.10764e+07	10421897	7.14995e+07	12993761	33345976	6.94445e+07	10421897	7.18298e+07	
7440000	59520009	33410399	7.14664e+07	10438745	7.19785e+07	13020009	33410399	6.86858e+07	10438745	7.02892e+07	
7455000	59640009	33476895	7.15667e+07	10457312	7.20357e+07	13046265	33476895	6.95927e+07	10457312	7.12194e+07	
7470000	59760009	33545838	7.19048e+07	10478373	7.24825e+07	13072513	33545838	6.99476e+07	10478373	7.15898e+07	
7485000	59880009	33612013	7.17383e+07	10496901	7.29448e+07	13098761	33612013	6.94568e+07	10496901	7.05426e+07	
7500000	60000009	33678589	7.2025e+07	10515612	7.3642e+07	13125009	33678589	6.96182e+07	10515612	7.08257e+07	
7515000	60120009	33746676	7.14724e+07	10535761	7.35594e+07	13151265	33746676	7.13278e+07	10535761	7.1502e+07	
7530000	60240009	33812851	7.13755e+07	10554337	7.30333e+07	13177513	33812851	7.10914e+07	10554337	7.14269e+07	
7545000	60360009	33879579	7.09944e+07	10573088	7.36017e+07	13203761	33879579	7.10686e+07	10573088	7.19403e+07	
7560000	60480009	33769146	7.16326e+07	10414797	7.21136e+07	13230009	33769146	7.18686e+07	10414797	7.19558e+07	
7575000	60600009	34013137	7.18717e+07	10611133	7.30321e+07	13256265	34013137	7.13972e+07	10611133	7.26052e+07	
7590000	60720009	34079977	7.25853e+07	10630108	7.35625e+07	13282513	34079977	7.12938e+07	10630108	7.28629e+07	
7605000	60840009	34147512	7.20308e+07	10649681	7.28499e+07	13308761	34147512	7.13122e+07	10649681	7.39939e+07	
7620000	60960009	34214327	7.26321e+07	10668913	7.29282e+07	13335009	34214327	7.07299e+07	10668913	7.35294e+07	
7635000	61080009	34282015	7.34042e+07	10688672	7.37476e+07	13361265	34282015	7.10986e+07	10688672	7.30077e+07	
7650000	61200009	34349118	7.37109e+07	10707861	7.41922e+07	13387513	34349118	7.1327e+07	10707861	7.33612e+07	
7665000	61320009	34415541	7.39906e+07	10726661	7.45518e+07	13413761	34415541	7.14273e+07	10726661	7.32214e+07	
7680000	61440009	34482933	7.36847e+07	10746108	7.52907e+07	13440009	34482933	7.181e+07	10746108	7.30239e+07	
7695000	61560009	34567404	7.3711e+07	10797929	7.52808e+07	13466265	34567404	7.29275e+07	10797929	7.28104e+07	
7710000	61680009	34632059	7.34368e+07	10801944	7.48493e+07	13492513	34632059	7.2985e+07	10801944	7.31747e+07	
7725000	61800009	34686618	7.2965e+07	10836462	7.50201e+07	13518761	34686618	7.36522e+07	10836462	7.45766e+07	
7740000	61920009	34753737	7.31627e+07	10867829	7.4761e+07	13545009	34753737	7.30346e+07	10867829	7.50221e+07	
7755000	62040009	34832345	7.47181e+07	10886700	7.43212e+07	13571265	34832345	7.27075e+07	10886700	7.54372e+07	
7770000	62160009	34899368	7.5223e+07	10906002	7.53905e+07	13597513	34899368	7.21173e+07	10906002	7.45569e+07	
7785000	62280009	34966431	7.54621e+07	10925345	7.62627e+07	13623761	34966431	7.27152e+07	10925345	7.42404e+07	
7800000	62400009	35034471	7.52079e+07	10945592	7.59466e+07	13650009	35034471	7.30198e+07	10945592	7.35518e+07	
7815000	62520009	35101318	7.52986e+07	10964654	7.73408e+07	13676265	35101318	7.32488e+07	10964654	7.40244e+07	
7830000	62640009	35170717	7.41536e+07	10986397	7.61156e+07	13702513	35170717	7.49186e+07	10986397	7.52232e+07	
7845000	62760009	35235173	7.44041e+07	11002988	7.6889e+07	13728761	35235173	7.41897e+07	11002988	7.53436e+07	
7860000	62880009	35303084	7.46787e+07	11023170	7.62749e+07	13755009	35303084	7.42222e+07	11023170	7.58721e+07	
7875000	63000009	35384019	7.52286e+07	11056409	7.56786e+07	13781265	35384019	7.38922e+07	11056409	7.60543e+07	
7890000	63120009	35436347	7.63593e+07	11060936	7.60519e+07	13807513	35436347	7.35757e+07	11060936	7.53503e+07	
7905000	63240009	35503402	7.61553e+07	11080174	7.70437e+07	13833761	35503402	7.35359e+07	11080174	7.46428e+07	
7920000	63360009	35570961	7.65832e+07	11100093	7.70967e+07	13860009	35570961	7.41649e+07	11100093	7.45425e+07	
7935000	63480009	35638569	7.62739e+07	11119844	7.84025e+07	13886265	35638569	7.47094e+07	11119844	7.60123e+07	
7950000	63600009	35704784	7.54164e+07	11138338	7.82632e+07	13912513	35704784	7.57159e+07	11138338	7.66589e+07	
7965000	63720009	35773351	7.5854e+07	11159193	7.87181e+07	13938761	35773351	7.51093e+07	11159193	7.6717e+07	
7980000	63840009	35838775	7.66053e+07	11176832	7.77736e+07	13965009	35838775	7.58657e+07	11176832	7.72515e+07	
7995000	63960009	35906502	7.70056e+07	11196750	7.8315e+07	13991265	35906502	7.49571e+07	11196750	7.68888e+07	
8010000	64080009	35972701	7.71527e+07	11215293	7.88363e+07	14017513	35972701	7.45853e+07	11215293	7.63533e+07	
8025000	64200009	36039741	7.71314e+07	11234532	8.00629e+07	14043761	36039741	7.61435e+07	11234532	7.68292e+07	
8040000	64320009	36106476	7.69247e+07	11253498	7.80782e+07	14070009	36106476	7.63919e+07	11253498	7.67153e+07	
8055000	64440009	36173859	7.68328e+07	11273153	7.82883e+07	14096265	36173859	7.72377e+07	11273153	7.82013e+07	
8070000	64560009	36241027	7.70399e+07	11292584	7.83691e+07	14122513	36241027	7.64187e+07	11292584	7.79862e+07	
8085000	64680009	36307466	7.82552e+07	11311190	7.84133e+07	14148761	36307466	7.59146e+07	11311190	7.73999e+07	
8100000	64800009	36377121	7.9215e+07	11333189	7.93769e+07	14175009	36377121	7.54543e+07	11333189	7.75819e+07	
8115000	64920009	36441921	7.92065e+07	11350164	8.10821e+07	14201265	36441921	7.68523e+07	11350164	7.68392e+07	
8130000	65040009	36508696	7.79729e+07	11369194	7.93997e+07	14227513	36508696	7.70928e+07	11369194	7.79289e+07	
8145000	65160009	36575655	7.77629e+07	11388417	7.96938e+07	14253761	36575655	7.71643e+07	11388417	7.91932e+07	
8160000	65280009	36643847	7.84797e+07	11408840	7.88603e+07	14280009	36643847	7.64922e+07	11408840	7.80254e+07	
8175000	65400009	36710006	7.9427e+07	11427206	8.00942e+07	14306265	36710006	7.69349e+07	11427206	7.85557e+07	
8190000	65520009	36792133	7.94157e+07	11461661	8.18684e+07	14332513	36792133	7.71537e+07	11461661	7.75259e+07	
8205000	65640009	36844125	7.85441e+07	11465820	8.07601e+07	14358761	36844125	7.8317e+07	11465820	7.8026e+07	
8220000	65760009	36911268	7.82066e+07	11485242	8.01505e+07	14385009	36911268	7.80388e+07	11485242	7.91326e+07	
8235000	65880009	36980355	7.88306e+07	11506585	7.98583e+07	14411265	36980355	7.74253e+07	11506585	7.82335e+07	
8250000	66000009	37045579	7.98662e+07	11524048	7.98821e+07	14437513	37045579	7.68828e+07	11524048	8.03999e+07	
8265000	66120009	37112002	8.01967e+07	11542517	8.25041e+07	14463761	37112002	7.76251e+07	11542517	7.85268e+07	
8280000	66240009	37179521	7.92123e+07	11562533	8.14424e+07	14490009	37179521	7.9292e+07	11562533	7.84264e+07	
8295000	66360009	37246337	7.97819e+07	11581492	8.07604e+07	14516265	37246337	7.84984e+07	11581492	7.9695e+07	
8310000	66480009	37314400	7.99148e+07	11601689	8.08393e+07	14542513	37314400	7.91309e+07	11601689	8.03962e+07	
8325000	66600009	37380575	8.14723e+07	11620305	8.08034e+07	14568761	37380575	7.8551e+07	11620305	8.01081e+07	
8340000	66720009	37447567	8.14656e+07	11639512	8.2077e+07	14595009	37447567	7.82967e+07	11639512	7.90463e+07	
8355000	66840009	37514886	7.97614e+07	11658877	8.25144e+07	14621265	37514886	7.96915e+07	11658877	8.10373e+07	
8370000	66960009	37584053	8.0481e+07	11680557	8.22684e+07	14647513	37584053	8.0005e+07	11680557	8.0832e+07	
8385000	67080009	37648605	8.07963e+07	11697252	8.15231e+07	14673761	37648605	7.93053e+07	11697252	8.12611e+07	
8400000	67200009	37782004	8.373e+07	11798641	8.36959e+07	14700009	37782004	8.06472e+07	11798641	8.18061e+07	
8415000	67320009	37851075	8.24478e+07	11820121	8.4003e+07	14726265	37851075	8.12491e+07	11820121	8.14085e+07	
8430000	67440009	37917483	8.19801e+07	11838760	8.48322e+07	14752513	37917483	8.26199e+07	11838760	8.28817e+07	
8445000	67560009	37984050	8.35538e+07	11857373	8.46454e+07	14778761	37984050	8.15122e+07	11857373	8.26989e+07	
8460000	67680009	38052241	8.34411e+07	11878085	8.42037e+07	14805009	38052241	8.10864e+07	11878085	8.24187e+07	
8475000	67800009	38118673	8.28903e+07	11896676	8.51323e+07	14831265	38118673	8.20929e+07	11896676	8.29547e+07	
8490000	67920009	38185392	8.34639e+07	11915489	8.37091e+07	14857513	38185392	8.02751e+07	11915489	8.38107e+07	
8505000	68040009	38074223	8.34619e+07	11756769	8.62475e+07	14883761	38074223	8.14215e+07	11756769	8.27196e+07	
8520000	68160009	38319327	8.38711e+07	11954088	8.67692e+07	14910009	38319327	8.28042e+07	11954088	8.24706e+07	
8535000	68280009	38386134	8.28078e+07	11972973	8.4379e+07	14936265	38386134	8.25601e+07	11972973	8.42573e+07	
8550000	68400009	38453789	8.47212e+07	11993117	8.46067e+07	14962513	38453789	8.1823e+07	11993117	8.38015e+07	
8565000	68520009	38520837	8.42868e+07	12012284	8.59492e+07	14988761	38520837	8.3093e+07	12012284	8.32931e+07	
8580000	68640009	38588508	8.29674e+07	12032153	8.22746e+07	15015009	38588508	7.91924e+07	12032153	8.0234e+07	
