100 11010
28 3287 2899 2627 4441 4439 928 740 719 701 679 3774 652 4404 630 3053 3062 3068 3069 4435 4432 4430 4429 1306 4426 4421 4419 4447 1724
29 1724 4420 4422 4427 1309 4428 4431 4434 4436 4437 3261 3282 3293 619 4392 3773 2960 3418 690 711 762 729 4438 4440 4442 3554 2898 4446 3287
30 2706 493 514 267 986 1151 571 589 619 4392 3773 2960 3418 690 711 762 729 761 767 777 3250 3251 3252 804 814 819 830 837 848 858
28 858 867 874 884 895 906 917 928 740 719 701 679 3774 652 4404 630 751 2626 578 1150 1152 1155 1157 268 4225 525 503 2706
28 880 879 877 875 872 870 881 882 883 1002 2960 3912 1769 4095 863 3437 865 866 868 407 408 409 432 576 577 859 860 853
31 853 854 855 856 857 579 611 431 395 3268 4505 861 399 401 1827 862 239 237 2460 780 778 775 773 711 4556 869 871 873 876 878 880
26 210 1402 1423 1441 1463 3470 1499 213 215 217 219 4105 3033 3035 223 3377 2662 225 81 72 73 3320 3327 3328 3865 78
27 78 3866 3329 74 79 3412 3323 71 226 227 3378 224 3376 3034 3031 220 218 216 214 1518 1483 1474 1452 1433 1412 1390 210
30 4284 1001 4604 4424 4350 4361 4316 4295 3855 887 3849 889 890 892 896 898 2354 900 902 905 907 909 3559 2467 2275 1887 1982 911 912 914
28 914 913 3032 2079 1787 2170 2371 2556 910 908 904 903 901 899 897 893 891 3848 888 4139 4282 4306 4328 4086 4381 4433 4236 4284
31 915 916 919 920 922 175 924 925 926 930 932 133 135 934 936 937 940 942 944 946 948 951 953 954 955 956 957 1901 2125 2298 3900
26 3900 960 961 962 3552 3553 952 950 947 945 943 941 3899 2794 136 134 933 931 927 929 194 4593 923 921 918 915
34 3619 3628 3639 3850 4202 4061 3932 3811 3042 3038 3863 3003 3125 3131 3134 3152 3576 3173 1973 1983 2003 1165 1154 1132 3657 3672 3679 3697 3710 3725 3733 3743 3749 3756
31 3756 3765 3721 3706 3689 3770 3675 3665 1110 1143 2012 1388 2116 3184 3578 3775 3788 3331 3194 3205 3029 3048 3613 3748 3854 3493 3130 3644 3634 3797 3619
39 3769 192 3702 963 4034 965 964 966 3982 3542 3984 422 1050 3122 977 4023 4024 980 982 3985 4535 2332 987 989 991 992 993 994 996 3289 3156 2462 3695 3698 2464 826 828 3700 3701
40 3701 829 827 3694 3699 3696 2463 3157 1000 999 995 4550 4552 4545 990 988 985 4536 3986 984 983 3363 979 978 976 1049 423 975 970 967 971 3778 972 1425 973 196 197 198 179 3769
35 2382 1001 4604 4404 630 3053 3062 3068 3069 3076 3082 3913 1004 1006 1008 1009 1011 1013 1015 3482 1017 2940 1018 1020 1021 1022 2809 1025 1027 1029 844 846 1031 2509 1036
36 1036 1035 1034 1033 1556 847 845 1030 1028 1026 2810 1024 3311 1175 1019 2948 3384 2080 1016 1014 1012 1010 1672 1007 1005 1003 3243 3246 3253 3473 3261 3282 3293 619 4392 2382
32 3965 4468 4487 4508 413 1039 1041 1044 1046 447 3984 422 1050 1051 1084 3583 1055 1057 1059 1062 1064 3314 1067 1069 1071 1074 1076 1078 1080 3290 1099 4185
33 4185 1102 1571 1081 1079 1077 1075 1073 1070 1068 1066 1065 1063 1060 1058 1056 1054 1053 5 3584 423 975 1048 1047 1045 1042 1040 1038 3972 4519 4004 4477 3965
23 3095 2872 2874 2878 2880 2882 2884 1107 1912 1934 1952 1973 1983 2003 1175 1197 1219 1241 1261 1108 1109 1111 4400
26 4400 1112 1113 1114 1272 1250 3126 1230 1208 1185 1165 2012 1388 2116 1963 1942 1923 4269 2885 2883 2881 2879 2877 2873 2886 3095
23 3315 4502 1391 874 4503 4504 4505 4506 3407 4507 4509 3864 4491 4489 4486 4483 4510 2722 4387 4388 4511 4512 4476
20 4476 4478 4479 440 4480 4481 3851 4485 4488 4490 3874 4492 4493 4494 4495 4496 4497 4499 4500 3315
35 1115 1116 1118 1120 1042 1040 1038 3972 4519 4004 4477 3966 4424 4350 4361 4316 4295 3878 4061 3932 3811 1123 1124 1125 1126 1128 1130 1133 1135 1137 1139 1141 1144 107 738
36 738 1145 1142 1140 1138 1136 1134 1131 1129 1127 4661 2953 3367 3540 3613 3748 3854 3129 4139 4282 4306 4328 4086 4381 4433 4457 4468 4487 4508 413 1039 1041 1122 1119 1117 1115
19 2631 1001 4404 630 4448 1146 1148 1150 1152 1155 1157 1159 1161 1163 4659 4662 4664 3151 3248
20 3248 3153 4666 4665 4663 4660 1164 1162 1160 1158 1156 1153 1151 1149 1147 4475 4449 619 4392 2631
30 3961 3812 3819 3828 3832 3841 3844 3848 888 3850 4202 3864 3884 3098 3107 3116 3019 3003 2987 3792 3783 3576 3173 3562 130 156 178 200 2583 738
29 738 189 167 146 119 3561 3184 3578 3775 3788 2995 3012 3901 3215 3224 3234 3243 3246 3909 3855 887 3849 889 3847 3916 3933 3943 3953 3961
36 3964 3969 3983 1584 3995 3998 4010 4022 4032 4043 4051 4073 4088 4096 4112 3300 158 4267 4268 3597 4140 3317 4159 4169 4175 3277 4189 4203 4222 2598 4235 4258 2724 2726 2728 2729
34 2729 2727 2725 2642 2636 2103 4242 2603 4229 4213 4194 3723 4165 3318 4150 3467 3468 4266 4275 4283 3474 4104 4000 4062 4049 4035 4288 4015 4002 4289 3523 3987 3977 3964
30 4615 3969 3983 1584 4290 4617 4001 127 3291 128 3256 131 133 135 4157 4158 4160 138 3914 141 143 145 148 150 151 152 199 792 794 2762
33 2762 795 793 201 2760 153 154 149 147 3483 144 142 140 3915 3917 4142 4143 4144 136 134 132 3257 129 3292 4652 4620 3254 4618 4289 3523 3987 3977 4615
25 3791 3012 3901 3215 3224 3234 3243 3246 3253 3473 3261 3282 3293 1166 1167 1169 1171 4141 3567 973 196 197 198 179 180
24 180 192 3702 193 194 4593 174 1172 1170 1168 630 3053 3062 3068 3069 3076 3082 3913 3098 3107 3116 3019 3003 3791
34 2631 1001 4404 630 751 599 949 4513 4515 4517 4520 4522 4524 4526 4528 4531 4533 3985 4535 4555 4537 4538 4541 4544 4545 4546 4547 2605 4548 994 996 3289 1726 2014
27 2014 1725 1000 999 995 4550 4552 4542 4539 4553 4554 4536 3986 4532 4529 4527 4525 4523 4521 4518 4516 4514 938 589 619 4392 2631
35 3055 3056 229 231 234 235 1949 238 240 4087 4372 4374 4376 4378 4379 4382 4384 4387 4388 244 245 247 1481 249 252 3294 253 254 255 2602 2604 1312 3785 1293 3707
33 3707 261 258 257 256 333 4465 4463 250 1482 248 246 4454 3780 4386 4385 4383 4380 3295 4377 4375 4373 243 242 239 237 236 334 233 232 230 2901 3055
23 437 4157 4158 4160 138 3914 141 143 181 3427 183 3429 795 793 202 204 206 3786 1174 1177 3821 2517 2780
24 2780 2521 1179 1178 1176 208 209 205 203 792 794 3430 184 3428 182 144 142 140 3915 3917 4142 4143 4144 437
32 4615 3969 3983 1584 4290 4617 4619 4621 4624 4626 4628 4630 4632 4635 4637 4639 4641 2162 3766 4642 4644 4646 4648 1826 3585 3587 4094 805 801 2169 3911 3589
31 3589 3591 800 802 4186 3588 3586 4650 4649 4647 4645 4643 3767 4651 4640 4638 4636 4633 4631 4629 4627 4625 4622 4620 3254 4618 4289 3523 3987 3977 4615
24 4146 414 416 418 420 422 1050 1051 1084 1180 1182 1183 1186 1188 3962 1190 103 1192 1194 1198 1200 1202 1203 1204
24 1204 1205 1206 1207 1201 1199 1195 3877 1193 1191 1189 1187 1184 3436 1181 1053 5 1049 423 421 419 417 415 4146
31 4167 3127 4293 4297 4299 2932 4302 4304 3425 4308 4310 4312 3495 3497 3499 4314 4315 4317 4318 4320 4322 3795 4327 4330 4332 3798 4334 3799 3800 3803 3794
32 3794 3802 3801 4337 4335 2161 4333 4331 4329 3796 4323 4321 4319 4338 4000 4062 4049 3500 3498 3496 4022 4313 4311 4309 3044 4305 4303 4300 4298 4296 2974 4167
18 916 919 920 922 413 1039 1041 1209 1211 4516 1213 1151 1149 1214 1216 1218 1221 1223
21 1223 2701 1222 1220 1217 1215 1148 1150 4513 4515 1212 1210 1042 1040 1038 1037 923 921 918 915 916
28 4561 4551 4571 4582 4593 4519 4004 4477 3966 4424 4350 4361 4316 4295 3878 4061 3932 3811 3674 3461 3037 3183 2781 2634 2467 2275 1887 4065
27 4065 1787 2170 2371 2556 2696 2953 3367 3540 3613 3748 3854 3129 4139 4282 4306 4328 4086 4381 4433 4457 4468 4487 4508 4530 4540 4561
30 641 751 2626 578 560 543 4653 1163 4659 4662 4664 1495 4667 4669 4672 3245 4674 4676 4677 4678 4681 4683 4685 4687 4689 4692 2917 2918 2822 2823
29 2823 2824 2820 2821 4694 4693 4690 4688 4686 4684 4682 4679 4696 4675 4003 4673 4670 4668 4666 4665 4663 4660 1164 3420 535 551 571 589 641
29 262 1225 1227 1229 1232 1234 4191 1238 1240 1243 1245 2987 3792 3783 3576 3173 3562 130 156 178 1092 1132 3657 3672 349 370 3640 3642 3756
35 3756 3725 3733 3743 3749 3643 3645 3641 359 339 3770 3675 3665 833 1103 167 146 119 3561 3184 3578 3775 3788 2995 1246 1244 1242 1239 1237 1235 1233 1231 1228 1226 262
34 262 1545 265 514 267 3475 3477 4522 4524 4526 3662 272 274 276 278 4555 4537 4538 4541 279 283 3406 284 286 4271 289 3505 3507 3511 3510 3922 3157 1726 2009
34 2009 1725 3924 3923 3920 3921 3508 3506 336 288 287 285 3405 282 280 4542 4539 4553 4554 3249 277 275 273 4527 4525 4523 3478 3476 268 4225 525 266 263 262
26 3999 1247 1249 1252 1254 4573 4575 4577 4579 4581 1256 1258 1260 3744 3750 4318 4320 4322 1265 1267 3581 1271 1274 1276 1278 1280
27 1280 3723 1279 1277 1275 1273 3779 1270 1268 1266 4323 4321 4319 1264 1262 1259 1257 4583 4580 4578 4576 4574 1255 1253 1251 1248 3999
32 915 916 919 920 922 413 1039 1041 1122 1119 1117 446 4522 4524 4526 3662 272 274 276 278 1284 1286 1289 285 3405 2519 1291 1294 1296 1298 1726 2026
32 2026 1725 3310 1297 1295 1292 283 3406 284 1288 1290 1287 1285 3249 277 275 273 4527 4525 1282 1281 1116 1118 1120 1042 1040 1038 1037 923 921 918 915
15 2788 4301 4302 4304 4573 4575 4577 4579 4581 3041 1300 4171 4172 1303 3793
17 3793 2819 1304 1305 1623 1307 1308 4586 4614 4583 4580 4578 4576 4574 4305 4303 2788
41 4444 4468 4487 4508 4530 4540 2171 2192 2214 2235 3431 2244 2264 4084 3061 4036 2015 2344 2939 3433 2380 2397 2415 2437 2456 2478 2490 2499 2508 2528 2711 3039 2548 2566 2584 2598 2612 2622 2630 2636 2647
41 2647 2642 2635 2654 4242 2603 2592 2573 2557 3040 2712 2538 2518 2664 2683 2484 2468 2446 2426 2406 2388 3434 2372 2353 2337 2319 4085 2287 2276 2253 2697 2704 2225 2203 2181 4551 3671 4519 4004 4477 4444
39 3973 3969 3983 1584 4290 4617 4619 2264 4084 3061 4036 2015 2344 2939 3433 2380 2397 3575 4283 158 159 161 163 2686 2673 2895 165 166 168 169 2587 4339 2745 4080 177 2949 2950 2952 2944
39 2944 2951 1946 1947 4349 2743 4389 2588 2586 170 171 172 173 2897 2664 2683 164 162 160 4275 157 155 2388 3434 2372 2353 2337 2319 4085 2287 2276 4620 3254 4618 4289 3523 3987 3977 3973
32 1310 1311 4540 2171 2192 2214 2235 3431 2244 1313 1315 4010 4099 1317 1318 1319 4573 4575 4577 4579 4581 4584 4585 4587 4589 4591 4594 4596 1326 2549 1327 2640
28 2640 4595 4592 4590 4588 4586 4614 4583 4580 4578 4576 4574 1320 1322 1323 1324 1325 4015 1316 1314 2253 2697 2704 2225 2203 2181 4551 1310
25 394 395 3268 396 397 398 399 401 1799 240 4087 4381 4433 4457 4468 4487 4508 413 414 416 418 420 422 1050 3
25 3 423 421 419 417 415 1037 4519 4004 4477 3966 4424 4039 404 4263 1788 402 400 405 4006 407 408 409 2946 394
33 2665 4387 4453 4455 1330 1332 1334 1336 3975 1402 1423 1441 1463 3470 1499 1338 1341 1343 1345 1346 3225 1351 1348 1488 3526 3527 2379 3227 3229 3231 3233 3199 3236
33 3236 3198 3235 3232 3230 3228 3178 3207 3177 1347 1350 3226 3175 3176 1344 1342 1339 1518 1483 1474 1452 1433 1412 1390 1337 1335 1333 1331 4456 4454 3780 4386 2665
33 4168 3127 4293 4297 4299 2932 4302 4304 4573 4575 4577 4579 4581 4584 4585 4587 4589 4591 4594 4596 4598 4600 4602 4605 4606 3255 4343 4347 2705 2702 4609 2654 2658
32 2658 2603 4610 4611 3128 2703 3787 4348 4612 4613 4603 4601 4599 4597 4595 4592 4590 4588 4586 4614 4583 4580 4578 4576 4574 4305 4303 4300 4298 4296 2974 4168
29 4025 1788 2514 1827 1847 1867 3850 4202 4061 3932 3811 3674 3461 3037 3183 2781 2634 1107 1912 1934 1952 1973 1983 2003 2023 2038 2060 2080 2099
32 2099 2109 2089 2071 2049 2031 2012 1388 2116 1963 1942 1923 4269 2371 2556 2696 2953 3367 3540 3613 3748 3854 3493 3130 2132 1857 2140 1838 1810 1799 2346 4025
21 1310 1311 4540 2171 1355 1357 3995 3998 2707 2709 1366 4305 4303 1299 4559 4562 4564 4565 4180 4566 4568
21 4568 4567 4569 4570 4572 4563 4560 4558 2932 4302 1368 1367 2710 2708 4002 4289 1358 1356 2181 4551 1310
22 4075 2526 3685 3687 3690 508 510 512 515 516 518 520 522 524 527 2536 2539 531 533 2648 2715 537
22 537 538 536 534 532 2540 2537 528 526 523 521 519 517 539 513 511 509 3691 3688 3686 3684 4075
28 262 3970 4382 4384 4480 4429 1369 1371 4391 4393 4395 1375 2624 1377 1379 2109 2089 2961 3368 3350 2976 3331 3313 3018 1383 1385 1386 859
28 859 860 2355 1384 1382 3302 3324 2968 3342 3359 2954 2080 1381 1380 1378 1376 2625 4396 4394 1374 1373 1372 4510 2722 4385 4383 4380 262
26 4046 690 711 762 729 4438 4440 4442 3554 2898 4446 4502 1391 1393 1395 4052 675 677 680 1397 1399 1403 686 688 1405 2778
26 2778 2886 1406 689 687 1404 1400 1398 681 678 676 3746 1396 1394 1392 1389 3287 2899 2627 4441 4439 928 740 1387 719 4046
26 3769 192 3702 193 194 4593 4519 4004 4477 3966 4424 4350 4361 4316 4295 3878 4492 4493 4494 4495 4496 409 432 430 428 425
30 425 426 427 429 3087 431 433 434 435 436 3967 3129 4139 4282 4306 4328 4086 4381 4433 4457 4468 4487 4508 3567 973 196 197 198 179 3769
22 2633 2960 3418 690 711 4556 4293 4297 4299 1299 4559 4562 1407 1409 1411 1414 3270 3272 1418 1420 341 1422
22 1422 1421 1419 1417 3096 1415 1413 1410 1408 4563 4560 4558 4300 4298 4296 4557 719 701 679 3774 652 2633
37 1424 1425 973 196 197 198 179 934 1426 1427 1429 1431 1434 2811 1436 1437 1439 1440 1443 1445 1448 1450 1453 1455 1456 1459 1461 1464 1466 2686 2673 2895 165 166 168 169 170
35 170 171 172 173 2897 2664 2683 1467 1465 1462 1460 1457 1458 1454 1451 1449 1446 1444 1442 3709 1438 3426 2786 1435 1432 1430 1428 3135 935 2742 192 3702 193 194 1424
37 2663 3859 1369 1371 1479 247 1481 4462 4464 4466 4467 4470 1360 3975 1402 1423 1441 1463 3470 1499 1338 1341 1343 2378 1353 3172 3296 2007 2005 3174 3269 2820 2821 4694 2919 2920 2823
34 2823 2824 1493 1491 1489 1490 3297 1487 1352 1354 1344 1342 1339 1518 1483 1474 1452 1433 1412 1390 1370 3284 4469 4182 4473 4474 1482 248 1480 1374 1373 1372 4510 2663
36 4075 544 546 4089 4090 4091 4092 4093 3070 3137 552 518 520 375 377 379 554 3873 556 558 3485 367 561 563 565 3521 567 569 3486 3489 2716 2717 3078 3188 3085 3094
34 3094 3189 3079 2718 3492 3490 3222 570 3488 3487 566 564 562 4013 574 559 557 3875 555 4634 378 376 521 519 553 3138 550 549 3045 548 2471 547 545 4075
16 1494 4050 3782 1247 1249 1252 1320 1322 1323 1324 1325 1498 2802 2803 2804 2805
15 2805 2806 2335 3416 1497 4099 1317 1318 1319 1255 1253 1251 1248 1496 1494
26 4122 4224 1001 4604 4404 630 3053 3062 3068 3069 3076 3082 3913 3098 3107 3116 3019 3003 3125 3131 3134 3152 3576 3173 3562 137
20 137 3184 3578 3163 3141 3194 3205 3215 3224 3234 3243 3246 3253 3473 3261 3282 3293 619 4392 4122
