50 11010
28 3287 2899 2627 4441 4439 928 740 719 701 679 3774 652 4404 630 3053 3062 3068 3069 4435 4432 4430 4429 1306 4426 4421 4419 4447 1724
29 1724 4420 4422 4427 1309 4428 4431 4434 4436 4437 3261 3282 3293 619 4392 3773 2960 3418 690 711 762 729 4438 4440 4442 3554 2898 4446 3287
30 2706 493 514 267 986 1151 571 589 619 4392 3773 2960 3418 690 711 762 729 761 767 777 3250 3251 3252 804 814 819 830 837 848 858
28 858 867 874 884 895 906 917 928 740 719 701 679 3774 652 4404 630 751 2626 578 1150 1152 1155 1157 268 4225 525 503 2706
28 880 879 877 875 872 870 881 882 883 1002 2960 3912 1769 4095 863 3437 865 866 868 407 408 409 432 576 577 859 860 853
31 853 854 855 856 857 579 611 431 395 3268 4505 861 399 401 1827 862 239 237 2460 780 778 775 773 711 4556 869 871 873 876 878 880
26 210 1402 1423 1441 1463 3470 1499 213 215 217 219 4105 3033 3035 223 3377 2662 225 81 72 73 3320 3327 3328 3865 78
27 78 3866 3329 74 79 3412 3323 71 226 227 3378 224 3376 3034 3031 220 218 216 214 1518 1483 1474 1452 1433 1412 1390 210
30 4284 1001 4604 4424 4350 4361 4316 4295 3855 887 3849 889 890 892 896 898 2354 900 902 905 907 909 3559 2467 2275 1887 1982 911 912 914
28 914 913 3032 2079 1787 2170 2371 2556 910 908 904 903 901 899 897 893 891 3848 888 4139 4282 4306 4328 4086 4381 4433 4236 4284
31 915 916 919 920 922 175 924 925 926 930 932 133 135 934 936 937 940 942 944 946 948 951 953 954 955 956 957 1901 2125 2298 3900
26 3900 960 961 962 3552 3553 952 950 947 945 943 941 3899 2794 136 134 933 931 927 929 194 4593 923 921 918 915
34 3619 3628 3639 3850 4202 4061 3932 3811 3042 3038 3863 3003 3125 3131 3134 3152 3576 3173 1973 1983 2003 1165 1154 1132 3657 3672 3679 3697 3710 3725 3733 3743 3749 3756
31 3756 3765 3721 3706 3689 3770 3675 3665 1110 1143 2012 1388 2116 3184 3578 3775 3788 3331 3194 3205 3029 3048 3613 3748 3854 3493 3130 3644 3634 3797 3619
39 3769 192 3702 963 4034 965 964 966 3982 3542 3984 422 1050 3122 977 4023 4024 980 982 3985 4535 2332 987 989 991 992 993 994 996 3289 3156 2462 3695 3698 2464 826 828 3700 3701
40 3701 829 827 3694 3699 3696 2463 3157 1000 999 995 4550 4552 4545 990 988 985 4536 3986 984 983 3363 979 978 976 1049 423 975 970 967 971 3778 972 1425 973 196 197 198 179 3769
35 2382 1001 4604 4404 630 3053 3062 3068 3069 3076 3082 3913 1004 1006 1008 1009 1011 1013 1015 3482 1017 2940 1018 1020 1021 1022 2809 1025 1027 1029 844 846 1031 2509 1036
36 1036 1035 1034 1033 1556 847 845 1030 1028 1026 2810 1024 3311 1175 1019 2948 3384 2080 1016 1014 1012 1010 1672 1007 1005 1003 3243 3246 3253 3473 3261 3282 3293 619 4392 2382
32 3965 4468 4487 4508 413 1039 1041 1044 1046 447 3984 422 1050 1051 1084 3583 1055 1057 1059 1062 1064 3314 1067 1069 1071 1074 1076 1078 1080 3290 1099 4185
33 4185 1102 1571 1081 1079 1077 1075 1073 1070 1068 1066 1065 1063 1060 1058 1056 1054 1053 5 3584 423 975 1048 1047 1045 1042 1040 1038 3972 4519 4004 4477 3965
23 3095 2872 2874 2878 2880 2882 2884 1107 1912 1934 1952 1973 1983 2003 1175 1197 1219 1241 1261 1108 1109 1111 4400
26 4400 1112 1113 1114 1272 1250 3126 1230 1208 1185 1165 2012 1388 2116 1963 1942 1923 4269 2885 2883 2881 2879 2877 2873 2886 3095
23 3315 4502 1391 874 4503 4504 4505 4506 3407 4507 4509 3864 4491 4489 4486 4483 4510 2722 4387 4388 4511 4512 4476
20 4476 4478 4479 440 4480 4481 3851 4485 4488 4490 3874 4492 4493 4494 4495 4496 4497 4499 4500 3315
35 1115 1116 1118 1120 1042 1040 1038 3972 4519 4004 4477 3966 4424 4350 4361 4316 4295 3878 4061 3932 3811 1123 1124 1125 1126 1128 1130 1133 1135 1137 1139 1141 1144 107 738
36 738 1145 1142 1140 1138 1136 1134 1131 1129 1127 4661 2953 3367 3540 3613 3748 3854 3129 4139 4282 4306 4328 4086 4381 4433 4457 4468 4487 4508 413 1039 1041 1122 1119 1117 1115
19 2631 1001 4404 630 4448 1146 1148 1150 1152 1155 1157 1159 1161 1163 4659 4662 4664 3151 3248
20 3248 3153 4666 4665 4663 4660 1164 1162 1160 1158 1156 1153 1151 1149 1147 4475 4449 619 4392 2631
30 3961 3812 3819 3828 3832 3841 3844 3848 888 3850 4202 3864 3884 3098 3107 3116 3019 3003 2987 3792 3783 3576 3173 3562 130 156 178 200 2583 738
29 738 189 167 146 119 3561 3184 3578 3775 3788 2995 3012 3901 3215 3224 3234 3243 3246 3909 3855 887 3849 889 3847 3916 3933 3943 3953 3961
36 3964 3969 3983 1584 3995 3998 4010 4022 4032 4043 4051 4073 4088 4096 4112 3300 158 4267 4268 3597 4140 3317 4159 4169 4175 3277 4189 4203 4222 2598 4235 4258 2724 2726 2728 2729
34 2729 2727 2725 2642 2636 2103 4242 2603 4229 4213 4194 3723 4165 3318 4150 3467 3468 4266 4275 4283 3474 4104 4000 4062 4049 4035 4288 4015 4002 4289 3523 3987 3977 3964
30 4615 3969 3983 1584 4290 4617 4001 127 3291 128 3256 131 133 135 4157 4158 4160 138 3914 141 143 145 148 150 151 152 199 792 794 2762
33 2762 795 793 201 2760 153 154 149 147 3483 144 142 140 3915 3917 4142 4143 4144 136 134 132 3257 129 3292 4652 4620 3254 4618 4289 3523 3987 3977 4615
25 3791 3012 3901 3215 3224 3234 3243 3246 3253 3473 3261 3282 3293 1166 1167 1169 1171 4141 3567 973 196 197 198 179 180
24 180 192 3702 193 194 4593 174 1172 1170 1168 630 3053 3062 3068 3069 3076 3082 3913 3098 3107 3116 3019 3003 3791
34 2631 1001 4404 630 751 599 949 4513 4515 4517 4520 4522 4524 4526 4528 4531 4533 3985 4535 4555 4537 4538 4541 4544 4545 4546 4547 2605 4548 994 996 3289 1726 2014
27 2014 1725 1000 999 995 4550 4552 4542 4539 4553 4554 4536 3986 4532 4529 4527 4525 4523 4521 4518 4516 4514 938 589 619 4392 2631
35 3055 3056 229 231 234 235 1949 238 240 4087 4372 4374 4376 4378 4379 4382 4384 4387 4388 244 245 247 1481 249 252 3294 253 254 255 2602 2604 1312 3785 1293 3707
33 3707 261 258 257 256 333 4465 4463 250 1482 248 246 4454 3780 4386 4385 4383 4380 3295 4377 4375 4373 243 242 239 237 236 334 233 232 230 2901 3055
23 437 4157 4158 4160 138 3914 141 143 181 3427 183 3429 795 793 202 204 206 3786 1174 1177 3821 2517 2780
24 2780 2521 1179 1178 1176 208 209 205 203 792 794 3430 184 3428 182 144 142 140 3915 3917 4142 4143 4144 437
32 4615 3969 3983 1584 4290 4617 4619 4621 4624 4626 4628 4630 4632 4635 4637 4639 4641 2162 3766 4642 4644 4646 4648 1826 3585 3587 4094 805 801 2169 3911 3589
31 3589 3591 800 802 4186 3588 3586 4650 4649 4647 4645 4643 3767 4651 4640 4638 4636 4633 4631 4629 4627 4625 4622 4620 3254 4618 4289 3523 3987 3977 4615
24 4146 414 416 418 420 422 1050 1051 1084 1180 1182 1183 1186 1188 3962 1190 103 1192 1194 1198 1200 1202 1203 1204
24 1204 1205 1206 1207 1201 1199 1195 3877 1193 1191 1189 1187 1184 3436 1181 1053 5 1049 423 421 419 417 415 4146
31 4167 3127 4293 4297 4299 2932 4302 4304 3425 4308 4310 4312 3495 3497 3499 4314 4315 4317 4318 4320 4322 3795 4327 4330 4332 3798 4334 3799 3800 3803 3794
32 3794 3802 3801 4337 4335 2161 4333 4331 4329 3796 4323 4321 4319 4338 4000 4062 4049 3500 3498 3496 4022 4313 4311 4309 3044 4305 4303 4300 4298 4296 2974 4167
18 916 919 920 922 413 1039 1041 1209 1211 4516 1213 1151 1149 1214 1216 1218 1221 1223
21 1223 2701 1222 1220 1217 1215 1148 1150 4513 4515 1212 1210 1042 1040 1038 1037 923 921 918 915 916
