20 11010
28 3287 2899 2627 4441 4439 928 740 719 701 679 3774 652 4404 630 3053 3062 3068 3069 4435 4432 4430 4429 1306 4426 4421 4419 4447 1724
29 1724 4420 4422 4427 1309 4428 4431 4434 4436 4437 3261 3282 3293 619 4392 3773 2960 3418 690 711 762 729 4438 4440 4442 3554 2898 4446 3287
30 2706 493 514 267 986 1151 571 589 619 4392 3773 2960 3418 690 711 762 729 761 767 777 3250 3251 3252 804 814 819 830 837 848 858
28 858 867 874 884 895 906 917 928 740 719 701 679 3774 652 4404 630 751 2626 578 1150 1152 1155 1157 268 4225 525 503 2706
28 880 879 877 875 872 870 881 882 883 1002 2960 3912 1769 4095 863 3437 865 866 868 407 408 409 432 576 577 859 860 853
31 853 854 855 856 857 579 611 431 395 3268 4505 861 399 401 1827 862 239 237 2460 780 778 775 773 711 4556 869 871 873 876 878 880
26 210 1402 1423 1441 1463 3470 1499 213 215 217 219 4105 3033 3035 223 3377 2662 225 81 72 73 3320 3327 3328 3865 78
27 78 3866 3329 74 79 3412 3323 71 226 227 3378 224 3376 3034 3031 220 218 216 214 1518 1483 1474 1452 1433 1412 1390 210
30 4284 1001 4604 4424 4350 4361 4316 4295 3855 887 3849 889 890 892 896 898 2354 900 902 905 907 909 3559 2467 2275 1887 1982 911 912 914
28 914 913 3032 2079 1787 2170 2371 2556 910 908 904 903 901 899 897 893 891 3848 888 4139 4282 4306 4328 4086 4381 4433 4236 4284
31 915 916 919 920 922 175 924 925 926 930 932 133 135 934 936 937 940 942 944 946 948 951 953 954 955 956 957 1901 2125 2298 3900
26 3900 960 961 962 3552 3553 952 950 947 945 943 941 3899 2794 136 134 933 931 927 929 194 4593 923 921 918 915
34 3619 3628 3639 3850 4202 4061 3932 3811 3042 3038 3863 3003 3125 3131 3134 3152 3576 3173 1973 1983 2003 1165 1154 1132 3657 3672 3679 3697 3710 3725 3733 3743 3749 3756
31 3756 3765 3721 3706 3689 3770 3675 3665 1110 1143 2012 1388 2116 3184 3578 3775 3788 3331 3194 3205 3029 3048 3613 3748 3854 3493 3130 3644 3634 3797 3619
39 3769 192 3702 963 4034 965 964 966 3982 3542 3984 422 1050 3122 977 4023 4024 980 982 3985 4535 2332 987 989 991 992 993 994 996 3289 3156 2462 3695 3698 2464 826 828 3700 3701
40 3701 829 827 3694 3699 3696 2463 3157 1000 999 995 4550 4552 4545 990 988 985 4536 3986 984 983 3363 979 978 976 1049 423 975 970 967 971 3778 972 1425 973 196 197 198 179 3769
35 2382 1001 4604 4404 630 3053 3062 3068 3069 3076 3082 3913 1004 1006 1008 1009 1011 1013 1015 3482 1017 2940 1018 1020 1021 1022 2809 1025 1027 1029 844 846 1031 2509 1036
36 1036 1035 1034 1033 1556 847 845 1030 1028 1026 2810 1024 3311 1175 1019 2948 3384 2080 1016 1014 1012 1010 1672 1007 1005 1003 3243 3246 3253 3473 3261 3282 3293 619 4392 2382
32 3965 4468 4487 4508 413 1039 1041 1044 1046 447 3984 422 1050 1051 1084 3583 1055 1057 1059 1062 1064 3314 1067 1069 1071 1074 1076 1078 1080 3290 1099 4185
33 4185 1102 1571 1081 1079 1077 1075 1073 1070 1068 1066 1065 1063 1060 1058 1056 1054 1053 5 3584 423 975 1048 1047 1045 1042 1040 1038 3972 4519 4004 4477 3965
