72 8026
67 7076 7078 6728 6729 6795 6576 164 279 280 202 167 168 169 171 172 173 174 175 176 511 177 179 5755 5756 5757 5759 2669 5760 5761 5762 5763 5764 5765 3426 3281 3282 3283 3284 3420 3285 3293 3303 3314 3322 3327 3330 3336 3345 3353 3360 3369 3376 4040 4009 4010 4452 4011 4464 4470 4477 4487 4493 4501 4509 4516 4526 4530 
65 6728 6729 6795 6576 164 279 280 202 167 168 169 171 172 173 174 175 176 511 177 179 5755 5756 5757 5759 2669 5760 5761 5762 5763 5764 5765 3426 3281 3282 3283 3284 3420 3285 3293 3303 3314 3322 3327 3330 3336 3345 3353 3360 3369 3376 4040 4009 4010 4452 4011 4464 4470 4477 4487 4493 4501 4509 4516 4526 4530 
82 7049 6712 6713 6715 6461 6475 6458 6472 6473 6456 6457 6474 6719 6720 6721 6722 6723 6440 6676 6677 6678 6679 6680 6760 6761 6762 6763 6327 6923 6349 6350 6351 6353 6218 6234 7050 7051 7052 7053 7054 7055 7056 7057 7058 7059 7060 7062 7063 7064 6660 6671 6681 6691 6695 6706 6714 6725 6404 6727 6391 6734 6744 6747 6758 7065 7066 7067 7068 7069 7070 7071 7074 7075 6512 6511 6510 6509 6508 6513 6865 7076 7078 
75 7076 7078 6728 6729 6795 6576 164 279 280 202 167 168 169 171 172 173 174 175 176 511 177 179 5755 5756 5757 5759 2669 5760 5761 5762 5763 5764 5765 3426 3281 3282 3283 3284 3420 3285 3293 3303 3314 3322 3327 3330 3336 3345 3353 3360 3949 3805 3806 3807 3601 3602 3416 3990 3991 4262 4263 4264 4265 4266 4267 4268 4175 4176 4177 4178 4179 4551 4552 4527 4525 
51 5534 5535 4973 5099 5101 5102 5103 5104 5105 5106 5107 5108 5054 4921 4926 4801 4919 4804 4806 3798 3848 3273 3317 3467 3454 2681 2716 2717 2719 2682 2720 2721 2685 2722 2683 2477 2686 2687 2723 2339 2341 2350 2358 2363 2372 2374 2378 2384 2393 2398 1667 
23 4876 4595 4699 4766 4807 4725 4726 4727 5193 5194 5195 5196 5197 5198 5199 5595 5596 5597 5598 4981 4980 5534 5535
76 527 1062 1112 1180 1271 1363 1447 1516 1593 528 602 920 805 871 930 1023 849 904 1071 1076 1077 1083 586 7118 7434 7523 7605 7686 7783 7878 7913 7968 7119 7170 7177 7184 7189 7195 7220 7233 7312 7388 6153 6437 6694 6778 6837 6900 6941 7009 7072 6154 6209 6276 6312 6378 6403 6446 6505 6554 6569 6592 6602 6612 6318 6320 6640 6650 6533 6532 6531 6528 6530 6940 6296 6297 
43 6325 6279 6869 7076 7078 6201 6202 6203 7388 6153 6437 6694 6778 6837 6900 6941 7009 7072 6154 6209 6276 6312 6378 6403 6446 6505 6554 6569 6592 6602 6612 6318 6320 6640 6650 6533 6532 6531 6528 6530 6940 6296 6297 
67 6325 6279 6869 7076 7078 6201 6202 6203 7388 6153 6601 6826 6838 6845 6851 6355 6870 6871 5754 5828 5910 5966 6012 5653 6070 6128 6142 5599 5609 5619 5628 5638 5687 5713 5734 5739 5748 5655 5678 5758 5768 3429 3479 3572 3660 3717 3315 3839 3908 3951 3268 3272 3279 3321 3391 3427 3439 3450 3461 3469 3480 3490 3500 3957 4072 4162 4219 
40 1665 1836 1903 1976 2042 2124 2200 2281 2340 1666 1728 3002 3087 3145 3201 2405 2468 2523 2567 2616 2658 2664 2676 2684 2694 2704 2713 2718 2726 2732 2743 2754 2764 2774 2785 2500 2875 3202 5770 5932 
53 1954 1857 1868 1877 1882 1883 1884 1887 2965 2972 2980 2983 2451 2987 2992 3003 3014 3025 3030 3040 3047 3054 3065 3076 2644 3085 3088 3090 3101 3112 2627 3122 3123 3839 3908 3951 3268 3272 3279 3321 3391 3427 3439 3450 3461 3469 3480 3490 3500 3957 4072 4162 4219 
79 885 882 883 886 571 968 967 572 958 1508 1297 1305 1316 1327 1338 989 1349 1354 1364 1372 1373 1383 1394 1403 1411 1415 1425 1051 1448 1456 1460 1471 1477 1486 7568 7577 7587 7370 7648 7649 7609 7612 7622 7633 6916 6926 6935 6938 6939 6942 6943 6951 6959 6004 5980 5982 5986 5988 5992 6000 6002 6007 6013 6021 6023 6032 6043 6045 6046 6049 5877 6054 6131 6124 5670 5237 4912 4954 4951 
101 6543 6746 6748 6749 6750 6751 6752 6753 6754 6755 6547 6756 6757 6759 6872 6343 6341 6342 6764 6631 6632 6633 6634 6635 6636 6765 6766 6767 6769 6770 6771 6772 6773 6774 6775 6776 6777 6526 6780 6792 6801 6728 6793 6730 6575 164 165 166 236 294 168 169 285 1754 1837 1838 1839 1959 1967 1977 1985 1986 1997 2001 2453 2459 2469 2660 2659 2486 2494 2963 2964 3014 3025 3030 3040 3047 3054 3065 3076 2644 3085 3088 3090 3101 3112 2627 3122 2568 3397 3612 3621 2585 2584 2581 2583 2586 2590 2646 3026 
96 537 544 545 554 917 563 570 581 1180 1271 1363 1447 1516 1593 528 602 920 805 871 930 1023 849 904 1071 1076 1077 1083 586 7118 7434 7523 7605 7686 7783 7878 7913 7968 7119 7170 7177 7184 7189 7195 7220 7233 7312 7388 6153 6601 6826 6838 6845 6851 6355 6870 6871 5754 5828 5910 5966 6012 5653 6070 6128 6142 5599 5609 5619 5628 5638 5687 5713 5734 5739 5748 5655 5678 5758 5768 3429 3479 3572 3660 3717 3942 3397 3612 3621 3308 3310 3309 3400 2620 3023 2646 3026 
29 637 537 544 545 554 917 563 570 581 1180 1271 1363 1447 1516 1593 528 602 920 805 871 930 1023 849 904 1071 1076 1077 1083 586 
86 6849 6850 6340 7061 7073 7077 7079 7081 7082 7089 7098 7099 7109 7115 6155 6162 6566 6171 6174 6578 6184 6187 6349 6350 6351 6353 6218 6234 6239 6245 6266 6273 6277 6525 6524 6523 6522 6521 6520 6519 6355 6870 6871 5754 5828 5910 5966 6012 5653 6070 6128 6142 5599 5609 5619 5628 5638 5687 5713 5734 5739 5748 5655 5678 5758 5768 3429 3479 3572 3660 3717 3315 3839 3908 3951 3268 3644 3645 3646 3647 3648 3649 3650 3395 3394 3661 
86 885 882 883 886 571 968 967 572 573 574 575 576 1372 1373 1383 1394 1403 1411 1415 1425 1051 1448 1456 1460 1471 1477 1486 7568 7577 7587 7370 7648 7649 8013 7707 7716 7722 118 423 192 6553 6555 6556 6557 6558 6559 6560 6561 6562 6563 6565 6570 6573 6514 6515 6516 6517 6629 6308 6352 6369 6315 6383 6392 6354 6402 6411 6420 6432 6438 6447 6455 6460 6580 6587 6588 6589 6590 6336 6335 6591 6593 6594 6595 6820 6745 
54 286 325 287 288 182 289 290 291 292 403 408 495 6553 6555 6556 6557 6558 6559 6560 6561 6562 6563 6565 6570 6573 6514 6515 6516 6517 6629 6308 6352 6369 6315 6383 6392 6354 6402 6411 6420 6432 6438 6447 6455 6460 6580 6587 7095 6487 7096 6494 7097 6345 7090 
67 7430 1527 1528 1536 1547 1558 1002 1563 1572 1582 1594 1599 1604 1615 1626 1636 1640 1644 1648 1654 529 7567 7774 7784 7792 7802 7807 7369 7812 7823 7834 7845 7856 7867 7879 7887 7890 6988 6989 6990 6991 6992 6994 6995 6996 7892 7898 7901 7905 6536 6614 6502 6615 6616 6617 6654 6618 6619 6620 6621 6622 6623 6923 6349 6350 6351 6211 
37 1599 1604 1615 1626 1636 1640 1644 1648 1654 529 7567 7774 7784 7792 7802 7807 7369 7812 7823 7834 7845 7856 7867 7879 7887 7890 6988 6989 6990 6991 6992 6994 6995 6996 7892 7898 7901 
59 6979 6984 6985 6986 7804 6988 6989 6990 6991 6992 6994 6995 6996 7892 7324 7339 7338 7905 6643 6644 6377 6648 6645 6646 6647 6649 6651 6652 6653 6617 6654 6618 6619 6620 6621 6622 6623 6785 6786 6787 6331 6692 6693 6696 6697 6698 6699 6700 6506 6701 6702 6711 6703 6704 6705 6707 6708 6709 6504 
71 4421 4469 4535 3958 3989 4008 4016 4027 3506 3516 3525 3536 3547 3555 3566 3311 3380 3573 3575 3583 3178 2767 2768 2677 2769 2770 2771 2772 2678 2588 2773 2778 2679 2775 2776 2777 2680 2779 2780 2681 2716 2717 2719 2682 2720 2721 2685 2722 2683 2477 2686 2687 2061 2072 2073 2083 2092 2099 2105 2113 2125 2134 2145 1710 2153 2163 648 653 654 659 670 
61 6504 6666 6667 6668 6669 6670 6672 6673 6674 6507 6675 6676 6677 6678 6679 6680 6682 6683 6684 6724 6685 6686 6687 6688 6323 6266 6273 6277 6525 6524 6523 6522 6521 6520 6519 6518 6317 6689 6316 6690 6147 6148 6149 6150 5666 6151 6152 5600 5601 170 178 185 193 199 205 459 214 220 223 503 504 
38 6504 6666 6667 6668 6669 6670 6672 6673 6674 6507 6675 6676 6677 6678 6679 6680 6682 6683 6684 6724 6685 6686 6687 6688 6323 6266 6273 6277 6525 6524 6523 6522 6521 6520 6519 6518 6689 6690 
11 6504 6666 6667 6668 6669 6670 6672 6675 6676 6741 468 
42 2843 3201 2405 2468 2523 2567 2616 2658 2664 2676 2684 2694 2704 2713 2569 3088 3090 3101 3112 2627 3122 3123 3839 3908 3951 3268 3272 3279 3321 3391 3427 3439 3450 3461 3469 3480 3490 3500 3957 4072 4162 4219 
63 6527 6712 6713 6715 6716 6717 6718 6719 6720 6721 6722 6723 6440 6676 6677 6678 6679 6680 6682 6683 6684 6724 6685 6686 6687 6688 6323 6266 6273 6277 6525 6524 6523 6522 6521 6520 6519 6518 6317 6689 6316 6690 6147 6148 6149 6150 5666 6151 6152 5600 5601 170 178 185 193 199 205 459 214 220 223 503 504 
78 1144 1145 767 769 776 787 793 992 797 799 816 820 537 544 545 554 917 563 570 581 831 842 844 845 850 857 861 872 878 884 891 895 898 900 908 916 484 309 479 337 415 359 931 935 942 949 869 960 966 976 982 988 995 1003 1006 1013 1018 1021 594 603 608 918 628 629 637 1022 864 969 999 868 865 866 1501 1024 1025 867 1109 1110 
59 912 1143 1144 1145 767 769 776 787 793 992 797 799 816 820 537 544 545 554 1937 1938 1955 1903 1976 2042 2124 2200 2281 2340 1666 1728 3002 3087 3145 3201 2405 2468 2523 2567 2616 2658 2664 2676 2684 2694 2704 2713 2718 2726 2732 2743 2754 2764 2774 2785 2500 2875 3202 5770 5932 
42 1144 1145 767 769 776 787 793 992 797 799 816 820 537 544 545 554 1937 1938 1955 1800 1801 1843 1803 1768 1773 1752 902 903 901 1022 864 969 999 868 865 866 1501 1024 1025 867 1109 1110 
83 6849 6850 6340 7061 7073 7077 7079 7081 7082 7089 7098 7099 7109 7115 6155 6162 6566 6171 6174 6578 6184 6187 6349 6350 6351 6353 6218 6234 6239 6245 6740 6741 6742 5812 5813 5814 5815 5816 5217 5220 5121 5073 5074 5075 5076 5077 5078 5079 5080 3454 3455 3456 3457 3458 3459 3460 3462 3463 3464 3465 3473 3466 3339 3338 3340 3660 3717 3397 3398 3612 3399 3670 3930 3672 3683 3688 3695 3706 3323 3718 3726 3641 3661 
52 297 501 333 228 229 230 231 232 233 234 235 237 238 239 240 241 242 243 5821 5822 5823 5824 5825 5826 5827 5829 5830 5831 5832 5833 5834 5652 5835 5836 5837 5838 5839 5683 5684 5817 5818 5819 5877 6054 5840 5841 5842 6132 5774 4912 4954 4951 
62 1364 577 578 907 579 580 582 583 584 1394 1403 1411 1415 1425 1051 1448 1456 1460 1471 1477 1486 7568 7577 7587 7370 7648 7649 7609 7612 7622 7633 6916 6926 6935 6938 6939 6942 6943 6951 6959 6004 5980 5982 5986 5988 5992 6000 6002 6007 6013 6021 6023 6032 6043 6045 6046 6049 5814 5816 5217 5220 5121 
58 297 201 257 258 259 260 262 497 263 264 229 230 231 232 233 265 266 267 268 243 5821 5860 5861 5862 5863 5864 5865 5866 5867 5868 5869 5870 5871 5789 5872 5669 5699 6013 6021 6023 6032 6043 6045 6046 5873 5874 5875 5876 5877 6054 6131 6124 5670 5878 5237 4912 4954 4951 
45 287 288 182 218 293 301 305 311 317 5604 5667 5605 5606 5607 457 412 411 5608 6959 6004 5980 5982 5986 5988 5992 6000 6002 6007 6013 6021 6023 6032 6043 6045 6046 6049 5877 6054 6131 6124 5670 5237 4912 4954 4951 
54 1959 1967 1977 1985 1986 1997 2001 2453 2459 2469 2896 2479 2486 2494 2963 2964 3156 3167 3030 3040 3047 3054 3065 3076 2644 3085 3088 3090 3101 3112 2627 3122 2568 3397 3398 3612 3399 3670 3930 3672 3683 3688 3695 3706 3323 3718 3726 3641 3661 3665 3722 3723 3724 3725 
67 7076 7078 6728 6729 6795 6576 164 279 280 202 167 168 169 171 172 173 174 175 176 511 177 179 5755 5756 5757 5759 2669 5760 5761 5762 5763 5764 5765 3426 3281 3282 3283 3284 3420 3285 3293 3303 3314 3322 3327 3330 3336 3345 3353 3360 3369 3376 4040 4009 4010 4452 4011 4464 4470 4477 4487 4493 4501 4509 4516 4526 4530 
65 6728 6729 6795 6576 164 279 280 202 167 168 169 171 172 173 174 175 176 511 177 179 5755 5756 5757 5759 2669 5760 5761 5762 5763 5764 5765 3426 3281 3282 3283 3284 3420 3285 3293 3303 3314 3322 3327 3330 3336 3345 3353 3360 3369 3376 4040 4009 4010 4452 4011 4464 4470 4477 4487 4493 4501 4509 4516 4526 4530 
82 7049 6712 6713 6715 6461 6475 6458 6472 6473 6456 6457 6474 6719 6720 6721 6722 6723 6440 6676 6677 6678 6679 6680 6760 6761 6762 6763 6327 6923 6349 6350 6351 6353 6218 6234 7050 7051 7052 7053 7054 7055 7056 7057 7058 7059 7060 7062 7063 7064 6660 6671 6681 6691 6695 6706 6714 6725 6404 6727 6391 6734 6744 6747 6758 7065 7066 7067 7068 7069 7070 7071 7074 7075 6512 6511 6510 6509 6508 6513 6865 7076 7078 
75 7076 7078 6728 6729 6795 6576 164 279 280 202 167 168 169 171 172 173 174 175 176 511 177 179 5755 5756 5757 5759 2669 5760 5761 5762 5763 5764 5765 3426 3281 3282 3283 3284 3420 3285 3293 3303 3314 3322 3327 3330 3336 3345 3353 3360 3949 3805 3806 3807 3601 3602 3416 3990 3991 4262 4263 4264 4265 4266 4267 4268 4175 4176 4177 4178 4179 4551 4552 4527 4525 
51 5534 5535 4973 5099 5101 5102 5103 5104 5105 5106 5107 5108 5054 4921 4926 4801 4919 4804 4806 3798 3848 3273 3317 3467 3454 2681 2716 2717 2719 2682 2720 2721 2685 2722 2683 2477 2686 2687 2723 2339 2341 2350 2358 2363 2372 2374 2378 2384 2393 2398 1667 
23 4876 4595 4699 4766 4807 4725 4726 4727 5193 5194 5195 5196 5197 5198 5199 5595 5596 5597 5598 4981 4980 5534 5535
76 527 1062 1112 1180 1271 1363 1447 1516 1593 528 602 920 805 871 930 1023 849 904 1071 1076 1077 1083 586 7118 7434 7523 7605 7686 7783 7878 7913 7968 7119 7170 7177 7184 7189 7195 7220 7233 7312 7388 6153 6437 6694 6778 6837 6900 6941 7009 7072 6154 6209 6276 6312 6378 6403 6446 6505 6554 6569 6592 6602 6612 6318 6320 6640 6650 6533 6532 6531 6528 6530 6940 6296 6297 
43 6325 6279 6869 7076 7078 6201 6202 6203 7388 6153 6437 6694 6778 6837 6900 6941 7009 7072 6154 6209 6276 6312 6378 6403 6446 6505 6554 6569 6592 6602 6612 6318 6320 6640 6650 6533 6532 6531 6528 6530 6940 6296 6297 
67 6325 6279 6869 7076 7078 6201 6202 6203 7388 6153 6601 6826 6838 6845 6851 6355 6870 6871 5754 5828 5910 5966 6012 5653 6070 6128 6142 5599 5609 5619 5628 5638 5687 5713 5734 5739 5748 5655 5678 5758 5768 3429 3479 3572 3660 3717 3315 3839 3908 3951 3268 3272 3279 3321 3391 3427 3439 3450 3461 3469 3480 3490 3500 3957 4072 4162 4219 
40 1665 1836 1903 1976 2042 2124 2200 2281 2340 1666 1728 3002 3087 3145 3201 2405 2468 2523 2567 2616 2658 2664 2676 2684 2694 2704 2713 2718 2726 2732 2743 2754 2764 2774 2785 2500 2875 3202 5770 5932 
53 1954 1857 1868 1877 1882 1883 1884 1887 2965 2972 2980 2983 2451 2987 2992 3003 3014 3025 3030 3040 3047 3054 3065 3076 2644 3085 3088 3090 3101 3112 2627 3122 3123 3839 3908 3951 3268 3272 3279 3321 3391 3427 3439 3450 3461 3469 3480 3490 3500 3957 4072 4162 4219 
79 885 882 883 886 571 968 967 572 958 1508 1297 1305 1316 1327 1338 989 1349 1354 1364 1372 1373 1383 1394 1403 1411 1415 1425 1051 1448 1456 1460 1471 1477 1486 7568 7577 7587 7370 7648 7649 7609 7612 7622 7633 6916 6926 6935 6938 6939 6942 6943 6951 6959 6004 5980 5982 5986 5988 5992 6000 6002 6007 6013 6021 6023 6032 6043 6045 6046 6049 5877 6054 6131 6124 5670 5237 4912 4954 4951 
101 6543 6746 6748 6749 6750 6751 6752 6753 6754 6755 6547 6756 6757 6759 6872 6343 6341 6342 6764 6631 6632 6633 6634 6635 6636 6765 6766 6767 6769 6770 6771 6772 6773 6774 6775 6776 6777 6526 6780 6792 6801 6728 6793 6730 6575 164 165 166 236 294 168 169 285 1754 1837 1838 1839 1959 1967 1977 1985 1986 1997 2001 2453 2459 2469 2660 2659 2486 2494 2963 2964 3014 3025 3030 3040 3047 3054 3065 3076 2644 3085 3088 3090 3101 3112 2627 3122 2568 3397 3612 3621 2585 2584 2581 2583 2586 2590 2646 3026 
96 537 544 545 554 917 563 570 581 1180 1271 1363 1447 1516 1593 528 602 920 805 871 930 1023 849 904 1071 1076 1077 1083 586 7118 7434 7523 7605 7686 7783 7878 7913 7968 7119 7170 7177 7184 7189 7195 7220 7233 7312 7388 6153 6601 6826 6838 6845 6851 6355 6870 6871 5754 5828 5910 5966 6012 5653 6070 6128 6142 5599 5609 5619 5628 5638 5687 5713 5734 5739 5748 5655 5678 5758 5768 3429 3479 3572 3660 3717 3942 3397 3612 3621 3308 3310 3309 3400 2620 3023 2646 3026 
29 637 537 544 545 554 917 563 570 581 1180 1271 1363 1447 1516 1593 528 602 920 805 871 930 1023 849 904 1071 1076 1077 1083 586 
86 6849 6850 6340 7061 7073 7077 7079 7081 7082 7089 7098 7099 7109 7115 6155 6162 6566 6171 6174 6578 6184 6187 6349 6350 6351 6353 6218 6234 6239 6245 6266 6273 6277 6525 6524 6523 6522 6521 6520 6519 6355 6870 6871 5754 5828 5910 5966 6012 5653 6070 6128 6142 5599 5609 5619 5628 5638 5687 5713 5734 5739 5748 5655 5678 5758 5768 3429 3479 3572 3660 3717 3315 3839 3908 3951 3268 3644 3645 3646 3647 3648 3649 3650 3395 3394 3661 
86 885 882 883 886 571 968 967 572 573 574 575 576 1372 1373 1383 1394 1403 1411 1415 1425 1051 1448 1456 1460 1471 1477 1486 7568 7577 7587 7370 7648 7649 8013 7707 7716 7722 118 423 192 6553 6555 6556 6557 6558 6559 6560 6561 6562 6563 6565 6570 6573 6514 6515 6516 6517 6629 6308 6352 6369 6315 6383 6392 6354 6402 6411 6420 6432 6438 6447 6455 6460 6580 6587 6588 6589 6590 6336 6335 6591 6593 6594 6595 6820 6745 
54 286 325 287 288 182 289 290 291 292 403 408 495 6553 6555 6556 6557 6558 6559 6560 6561 6562 6563 6565 6570 6573 6514 6515 6516 6517 6629 6308 6352 6369 6315 6383 6392 6354 6402 6411 6420 6432 6438 6447 6455 6460 6580 6587 7095 6487 7096 6494 7097 6345 7090 
67 7430 1527 1528 1536 1547 1558 1002 1563 1572 1582 1594 1599 1604 1615 1626 1636 1640 1644 1648 1654 529 7567 7774 7784 7792 7802 7807 7369 7812 7823 7834 7845 7856 7867 7879 7887 7890 6988 6989 6990 6991 6992 6994 6995 6996 7892 7898 7901 7905 6536 6614 6502 6615 6616 6617 6654 6618 6619 6620 6621 6622 6623 6923 6349 6350 6351 6211 
37 1599 1604 1615 1626 1636 1640 1644 1648 1654 529 7567 7774 7784 7792 7802 7807 7369 7812 7823 7834 7845 7856 7867 7879 7887 7890 6988 6989 6990 6991 6992 6994 6995 6996 7892 7898 7901 
59 6979 6984 6985 6986 7804 6988 6989 6990 6991 6992 6994 6995 6996 7892 7324 7339 7338 7905 6643 6644 6377 6648 6645 6646 6647 6649 6651 6652 6653 6617 6654 6618 6619 6620 6621 6622 6623 6785 6786 6787 6331 6692 6693 6696 6697 6698 6699 6700 6506 6701 6702 6711 6703 6704 6705 6707 6708 6709 6504 
71 4421 4469 4535 3958 3989 4008 4016 4027 3506 3516 3525 3536 3547 3555 3566 3311 3380 3573 3575 3583 3178 2767 2768 2677 2769 2770 2771 2772 2678 2588 2773 2778 2679 2775 2776 2777 2680 2779 2780 2681 2716 2717 2719 2682 2720 2721 2685 2722 2683 2477 2686 2687 2061 2072 2073 2083 2092 2099 2105 2113 2125 2134 2145 1710 2153 2163 648 653 654 659 670 
61 6504 6666 6667 6668 6669 6670 6672 6673 6674 6507 6675 6676 6677 6678 6679 6680 6682 6683 6684 6724 6685 6686 6687 6688 6323 6266 6273 6277 6525 6524 6523 6522 6521 6520 6519 6518 6317 6689 6316 6690 6147 6148 6149 6150 5666 6151 6152 5600 5601 170 178 185 193 199 205 459 214 220 223 503 504 
38 6504 6666 6667 6668 6669 6670 6672 6673 6674 6507 6675 6676 6677 6678 6679 6680 6682 6683 6684 6724 6685 6686 6687 6688 6323 6266 6273 6277 6525 6524 6523 6522 6521 6520 6519 6518 6689 6690 
11 6504 6666 6667 6668 6669 6670 6672 6675 6676 6741 468 
42 2843 3201 2405 2468 2523 2567 2616 2658 2664 2676 2684 2694 2704 2713 2569 3088 3090 3101 3112 2627 3122 3123 3839 3908 3951 3268 3272 3279 3321 3391 3427 3439 3450 3461 3469 3480 3490 3500 3957 4072 4162 4219 
63 6527 6712 6713 6715 6716 6717 6718 6719 6720 6721 6722 6723 6440 6676 6677 6678 6679 6680 6682 6683 6684 6724 6685 6686 6687 6688 6323 6266 6273 6277 6525 6524 6523 6522 6521 6520 6519 6518 6317 6689 6316 6690 6147 6148 6149 6150 5666 6151 6152 5600 5601 170 178 185 193 199 205 459 214 220 223 503 504 
78 1144 1145 767 769 776 787 793 992 797 799 816 820 537 544 545 554 917 563 570 581 831 842 844 845 850 857 861 872 878 884 891 895 898 900 908 916 484 309 479 337 415 359 931 935 942 949 869 960 966 976 982 988 995 1003 1006 1013 1018 1021 594 603 608 918 628 629 637 1022 864 969 999 868 865 866 1501 1024 1025 867 1109 1110 
59 912 1143 1144 1145 767 769 776 787 793 992 797 799 816 820 537 544 545 554 1937 1938 1955 1903 1976 2042 2124 2200 2281 2340 1666 1728 3002 3087 3145 3201 2405 2468 2523 2567 2616 2658 2664 2676 2684 2694 2704 2713 2718 2726 2732 2743 2754 2764 2774 2785 2500 2875 3202 5770 5932 
42 1144 1145 767 769 776 787 793 992 797 799 816 820 537 544 545 554 1937 1938 1955 1800 1801 1843 1803 1768 1773 1752 902 903 901 1022 864 969 999 868 865 866 1501 1024 1025 867 1109 1110 
83 6849 6850 6340 7061 7073 7077 7079 7081 7082 7089 7098 7099 7109 7115 6155 6162 6566 6171 6174 6578 6184 6187 6349 6350 6351 6353 6218 6234 6239 6245 6740 6741 6742 5812 5813 5814 5815 5816 5217 5220 5121 5073 5074 5075 5076 5077 5078 5079 5080 3454 3455 3456 3457 3458 3459 3460 3462 3463 3464 3465 3473 3466 3339 3338 3340 3660 3717 3397 3398 3612 3399 3670 3930 3672 3683 3688 3695 3706 3323 3718 3726 3641 3661 
52 297 501 333 228 229 230 231 232 233 234 235 237 238 239 240 241 242 243 5821 5822 5823 5824 5825 5826 5827 5829 5830 5831 5832 5833 5834 5652 5835 5836 5837 5838 5839 5683 5684 5817 5818 5819 5877 6054 5840 5841 5842 6132 5774 4912 4954 4951 
62 1364 577 578 907 579 580 582 583 584 1394 1403 1411 1415 1425 1051 1448 1456 1460 1471 1477 1486 7568 7577 7587 7370 7648 7649 7609 7612 7622 7633 6916 6926 6935 6938 6939 6942 6943 6951 6959 6004 5980 5982 5986 5988 5992 6000 6002 6007 6013 6021 6023 6032 6043 6045 6046 6049 5814 5816 5217 5220 5121 
58 297 201 257 258 259 260 262 497 263 264 229 230 231 232 233 265 266 267 268 243 5821 5860 5861 5862 5863 5864 5865 5866 5867 5868 5869 5870 5871 5789 5872 5669 5699 6013 6021 6023 6032 6043 6045 6046 5873 5874 5875 5876 5877 6054 6131 6124 5670 5878 5237 4912 4954 4951 
45 287 288 182 218 293 301 305 311 317 5604 5667 5605 5606 5607 457 412 411 5608 6959 6004 5980 5982 5986 5988 5992 6000 6002 6007 6013 6021 6023 6032 6043 6045 6046 6049 5877 6054 6131 6124 5670 5237 4912 4954 4951 
54 1959 1967 1977 1985 1986 1997 2001 2453 2459 2469 2896 2479 2486 2494 2963 2964 3156 3167 3030 3040 3047 3054 3065 3076 2644 3085 3088 3090 3101 3112 2627 3122 2568 3397 3398 3612 3399 3670 3930 3672 3683 3688 3695 3706 3323 3718 3726 3641 3661 3665 3722 3723 3724 3725 
