rutas	stops	cstsada	rutas	stops	mapa	gstMFSbv
5000	11010	288251	147656	1006272	80000	7955	
10000	11010	518711	295848	2015008	160000	15713	
15000	11010	737138	445072	3028344	240000	24780	
20000	11010	925746	593544	4036824	320000	39942	
25000	11010	1132372	743584	5050440	400000	51545
30000	11010	1316426	892728	6060448	480000	58035	
35000	11010	1489799	1040552	7068880	560000	66494	
40000	11010	1656450	1188352	8076928	640000	71720	
45000	11010	1819884	1337032	9088048	720000	76986	
50000	11010	1989975	1486271	10100474	800112	94805	
