9 936
932 834 383 382 833 834 383 382 833 834 384 347 830 831 832 820 821 822 823 825 826 827 808 824 626 826 827 817 818 819 457 458 459 648 649 805 555 663 664 638 639 640 641 819 457 458 459 648 649 650 651 652 653 654 655 656 657 838 837 838 837 838 837 838 837 658 840 839 659 660 561 547 792 785 786 787 788 789 790 791 475 895 767 633 634 635 636 637 620 625 786 787 788 789 790 791 475 476 477 478 479 780 776 777 778 762 774 772 757 597 905 598 935 936 691 692 596 904 773 761 779 775 758 759 880 777 778 762 774 772 757 597 905 598 935 936 691 692 596 904 773 761 779 775 758 759 880 777 778 762 774 772 757 597 905 598 599 680 681 682 683 684 695 892 493 491 884 890 885 883 33 32 31 354 355 887 882 886 355 887 888 889 891 492 878 879 693 694 685 686 687 688 689 690 691 692 596 904 773 761 779 775 758 759 880 777 778 762 774 772 757 597 905 598 935 936 691 692 596 904 773 761 779 775 758 759 760 768 763 764 881 478 479 780 776 777 397 759 760 768 763 764 765 766 767 633 634 635 636 637 620 621 783 784 656 657 838 837 838 647 839 659 660 661 662 556 544 558 557 545 546 36 37 632 448 449 450 103 104 557 545 546 36 37 632 448 631 37 351 352 353 613 614 612 896 616 353 612 611 610 609 615 897 448 449 450 103 835 836 835 543 801 803 804 802 801 803 627 628 629 630 841 562 842 843 844 559 560 547 548 549 550 551 552 553 554 555 663 664 638 639 640 641 642 643 644 645 646 80 81 65 66 860 861 446 444 865 866 867 868 862 863 864 441 782 781 869 770 340 341 339 618 619 336 356 357 358 359 360 361 362 363 364 564 563 365 366 248 312 313 314 245 366 367 368 369 370 371 185 186 187 188 189 190 191 257 258 259 260 261 262 263 264 265 266 267 109 108 110 112 114 116 118 120 122 124 126 128 130 132 134 136 138 600 601 326 327 484 59 60 61 62 63 64 486 604 100 101 12 13 234 799 800 798 281 7 8 9 490 11 12 13 234 235 236 329 756 405 852 850 700 330 237 746 605 606 607 254 253 701 702 252 53 847 846 848 700 330 237 746 747 56 404 57 58 416 417 752 793 407 408 409 410 411 677 350 858 411 678 92 94 88 86 331 145 146 87 95 90 91 93 749 856 411 677 350 858 411 677 676 678 92 94 88 86 85 84 474 148 149 323 324 325 326 327 484 483 375 376 377 99 100 101 12 13 234 235 855 280 797 235 236 237 746 747 748 679 677 350 858 411 677 676 412 413 414 54 746 747 748 749 750 751 752 753 754 69 70 71 2 3 272 269 270 271 273 755 255 268 256 707 406 271 273 274 275 276 308 239 285 284 238 240 147 112 114 116 117 115 113 111 109 107 38 40 42 44 46 48 50 295 296 297 298 299 300 301 302 303 304 305 306 307 309 321 322 249 306 307 309 310 311 312 313 314 315 316 317 318 319 247 246 320 233 335 934 617 893 337 338 439 440 442 443 447 79 451 452 453 454 455 829 828 456 457 458 624 639 348 458 624 623 622 811 810 809 807 806 812 708 709 396 395 393 391 389 387 385 833 834 384 386 388 390 392 394 703 705 813 815 184 182 180 178 176 646 80 81 65 66 860 861 446 444 445 769 770 340 341 339 618 619 336 356 357 358 359 360 203 204 205 206 160 161 162 163 164 165 166 167 168 169 170 171 172 173 241 242 286 287 288 289 290 291 292 293 294 143 594 595 144 52 51 49 47 45 43 41 39 106 108 110 112 114 116 118 120 122 124 82 83 89 95 93 749 856 857 859 73 72 608 1 415 410 411 677 350 858 411 677 350 858 411 412 413 414 54 746 747 748 679 678 92 94 88 86 85 84 474 148 149 323 324 325 326 327 328 142 141 140 139 137 135 133 131 129 127 125 123 121 119 117 115 113 111 109 107 38 40 42 44 46 48 251 250 50 295 296 297 298 299 300 301 302 303 304 305 306 307 309 310 311 312 313 314 315 316 317 318 319 320 233 335 934 617 893 337 338 439 440 442 443 447 79 451 452 174 175 177 179 181 183 816 814 706 704 395 393 391 389 387 385 833
5 423 422 438 542 541
44 192 193 579 578 583 437 436 435 433 432 433 494 665 666 795 796 433 494 665 666 795 796 433 494 495 580 581 582 431 432 433 494 665 666 795 796 434 435 433 494 495 580 581 582
8 698 699 697 696 698 699 697 696
21 537 521 522 523 418 419 524 525 526 527 528 529 530 333 332 531 532 533 534 535 536
28 420 421 334 510 509 508 511 512 513 514 515 519 518 516 517 735 736 378 379 380 381 462 463 460 461 4 5 6
26 207 208 209 210 211 212 213 214 215 216 217 218 219 220 221 222 223 224 225 226 227 228 229 230 231 232
84 232 157 158 159 160 199 243 244 200 201 202 317 318 319 320 233 335 934 617 893 337 342 343 374 894 76 77 105 349 592 74 346 372 373 341 339 618 619 336 356 357 358 246 320 233 335 934 617 893 337 342 343 374 894 76 77 105 349 592 74 346 372 373 341 339 618 619 336 356 357 358 246 320 233 335 934 617 893 337 342 344 345 78 75
286 195 196 197 277 794 194 487 55 482 481 278 279 480 98 97 96 671 672 673 674 675 845 846 848 849 851 853 854 855 280 797 235 855 280 797 799 800 235 855 280 797 799 800 798 281 7 8 102 198 488 489 10 14 34 35 15 16 68 67 282 283 35 15 485 593 17 18 19 20 21 22 23 24 25 26 27 28 29 30 464 465 466 467 468 469 470 471 472 473 574 575 576 577 150 151 152 153 154 155 156 923 921 922 737 738 739 740 741 742 428 429 914 917 918 919 717 716 727 728 729 912 910 911 726 711 725 713 714 715 913 915 916 744 734 732 875 876 873 871 870 872 877 874 731 733 745 743 428 429 914 917 918 919 717 716 727 728 729 912 910 911 726 711 725 713 714 715 913 915 430 429 914 917 918 919 920 718 719 720 424 585 586 730 712 713 714 520 918 919 920 718 719 720 721 722 723 724 584 587 588 589 590 591 502 504 572 573 501 398 399 400 539 540 902 402 403 503 496 497 506 425 426 427 505 498 499 500 538 401 402 403 503 496 497 506 425 426 427 505 498 499 500 538 401 402 403 503 496 497 506 507 710 903 907 908 909 927 928 929 930 931 932 933 571 900 668 670 565 569 570 567 568 569 570 566 669 667 901 899 898 906 602 924 603 925 926
