rutas	KbytesTST	KbytesTrie	KbytesSuffixTST	KbytesSTM
5000	1219.87	3705333.37	4220.24	1736121.11
10000	2141.19	6503752.53	5484.20	3462852.20
15000	2862.45	8694522.83	6301.58	5200802.40
20000	3439.11	10446072.41	6794.92	6942215.94
25000	3899.03	11843045.45	7153.23	8678640.22
30000	4282.77	13008623.33	7435.92	10431794.26
35000	4603.98	13984267.93	7602.16	12137067.99
40000	4875.85	14810064.81	7776.13	13859925.61
45000	5114.14	15533841.36	7930.03	15591996.80
50007	5329.46	16187855.28	8083.10	17322810.96
100000	6630.29	20139035.27	8830.84	34611807.08
150000	7254.47	22034927.26	9156.21	51936054.21
200000	7662.80	23275170.94	9370.65	69323691.89
400000	8558.26	25995053.38	9815.65	138845501.06
800000	9231.43	28039760.85	10138.02	
1600000	9742.64	29592517.04	10378.09	
3200000	10097.83	30671386.25	10543.11	
6400000	10349.97	31437226.83	10663.31	
